0
0
0
0
0
0
0
0
0
0
0
0
0
0
0
0
0
0
0
0
0
0
0
0
0
0
0
0
0
0
0
0
0
0
0
0
0
0
0
0
0
0
0
0
0
0
0
0
0
0
0
0
0
0
0
0
0
0
0
0
0
0
0
0
0
0
0
0
0
0
0
0
0
0
0
0
0
0
0
0
0
0
0
0
0
0
0
0
0
0
0
0
0
0
0
0
0
0
0
0
0
0
0
0
0
0
0
0
0
0
0
0
0
0
0
0
0
0
0
0
0
0
0
0
0
0
0
0
0
0
0
0
0
0
0
0
0
0
0
0
0
0
0
0
0
0
0
0
0
0
0
0
0
0
0
0
0
0
0
0
0
0
0
0
0
0
0
0
0
0
0
0
0
0
0
0
0
0
0
0
0
0
0
0
0
0
0
0
0
0
0
0
0
0
0
0
0
0
0
0
0
0
0
0
0
0
0
0
0
0
0
0
0
0
0
0
0
0
0
0
0
0
0
0
0
0
0
0
0
0
0
0
0
0
0
0
0
0
0
0
0
0
0
0
0
0
0
0
0
0
0
0
0
0
0
0
0
0
0
0
0
0
0
0
0
0
0
0
0
0
0
0
0
0
0
0
0
0
0
0
0
0
0
0
0
0
0
0
0
0
0
0
0
0
0
0
0
0
0
0
0
0
0
0
0
0
0
0
0
0
0
0
0
0
0
0
0
0
0
0
0
0
0
0
0
0
0
0
0
0
0
0
0
0
0
0
0
0
0
0
0
0
0
0
0
0
0
0
0
0
0
0
0
0
0
0
0
0
0
0
0
0
0
0
0
0
0
0
0
0
0
0
0
0
0
0
0
0
0
0
0
0
0
0
0
0
0
0
0
0
0
0
0
0
0
0
0
0
0
0
0
0
0
0
0
0
0
0
0
0
0
0
0
0
0
0
0
0
0
0
0
0
0
0
0
0
0
0
0
0
0
0
0
0
0
0
0
0
0
0
0
0
0
0
0
0
0
0
0
0
0
0
0
0
0
0
0
0
0
0
0
0
0
0
0
0
0
0
0
0
0
0
0
0
0
0
0
0
0
0
0
0
0
0
0
0
0
0
0
0
0
0
0
0
0
0
0
0
0
0
0
0
0
0
0
0
0
0
0
0
0
0
0
0
0
0
0
0
0
0
0
0
0
0
0
0
0
0
0
0
0
0
0
0
0
0
0
0
0
0
0
0
0
0
0
0
0
0
0
0
0
0
0
0
0
0
0
0
0
0
0
0
0
0
0
0
0
0
0
0
0
0
0
0
0
0
0
0
0
0
0
0
0
0
0
0
0
0
0
0
0
0
0
0
0
0
0
0
0
0
0
2243
3116
3785
4384
4821
4992
5205
5227
5328
5182
5184
5318
5123
5099
4954
5069
4940
4807
4802
4919
4698
4794
4636
4701
4681
4758
4539
4596
4566
4439
4506
4391
4360
4513
4338
4269
4322
4201
4186
4139
4248
4140
4222
4065
3980
4035
4049
3999
3968
3998
3813
3871
3837
3842
3790
3800
3719
3736
3675
3693
3794
3625
3582
3671
3584
3645
3505
3624
3514
3548
3567
3421
3548
3334
3479
3421
3412
3425
3348
3326
3370
3363
3271
3370
3333
3336
3232
3254
3223
3129
3220
3120
3188
3231
3137
3251
3177
3162
3148
3134
3051
3156
3123
3180
3116
3123
3059
3000
3019
3033
3098
3060
2875
3012
2993
2937
2908
3028
2910
2984
2969
3021
2833
2906
2901
2861
2933
2911
2897
2885
2833
2894
2822
2951
2802
2876
2844
2838
2859
2753
2942
2832
2872
2832
2755
2899
2887
2698
2849
2849
2753
2754
2716
2693
2707
2689
2849
2610
2761
2761
2733
2871
2881
2766
2778
2740
2771
2730
2822
2765
2797
2895
2818
2838
2802
2877
2722
2754
2694
2785
2792
2796
2744
2777
2774
2836
2751
2752
2695
2780
2787
2787
2778
2776
2880
2742
2781
2677
2824
2788
2782
2695
2723
2825
2777
2745
2741
2780
2809
2824
2918
2763
2826
2759
2796
2812
2888
2723
2789
2874
2751
2712
2750
2774
2820
2840
2692
2789
2770
2788
2785
2774
2719
2718
2783
2861
2805
2757
2822
2908
2794
2821
2756
2789
2866
2839
2822
2713
2809
2833
2809
2832
2776
2768
2781
2814
2835
2732
2806
2742
2699
2811
2751
2875
2847
2788
2724
2848
2741
2737
2797
2768
2846
2783
2805
2844
2746
2814
2689
2797
2815
2826
2811
2740
2764
2736
2771
2708
2757
2805
2781
2767
2735
2807
2690
2621
2724
2783
2741
2728
2770
2703
2759
2840
2718
2717
2725
2805
2749
2688
2717
2790
2830
2757
2715
2736
2737
2732
2715
2702
2693
2688
2775
2732
2738
2789
2781
2805
2623
2694
2725
2643
2696
2717
2685
2654
2547
2593
2612
2549
2586
2611
2560
2594
2622
2578
2589
2695
2593
2580
2500
2510
2543
2530
2484
2508
2578
2441
2510
2479
2465
2545
2518
2537
2537
2568
2542
2444
2499
2411
2538
2430
2520
2464
2458
2455
2447
2557
2543
2487
2431
2501
2403
2452
2479
2392
2361
2375
2420
2446
2473
2444
2445
2366
2391
2315
2402
2336
2283
2367
2303
2302
2209
2328
2279
2394
2251
2313
2307
2296
2200
2246
2243
2299
2135
2097
2143
2155
2104
2141
2174
2125
2265
2159
2047
2116
2186
2075
2089
2090
2112
2097
2123
2059
2011
1966
2119
1992
1972
2098
2003
2025
2075
1980
2014
1955
1925
1969
2025
2017
1930
2066
1947
1951
1957
1955
2010
2023
1978
1921
1906
1881
1860
1910
1903
1829
1878
1941
1939
1820
1844
1883
1870
1868
1902
1788
1861
1855
1767
1879
1787
1876
1791
1817
1753
1798
1840
1759
1835
1793
1720
1687
1692
1706
1738
1683
1633
1734
1701
1739
1759
1672
1714
1683
1634
1690
1639
1694
1586
1566
1709
1673
1599
1629
1587
1665
1547
1620
1623
1640
1544
1555
1637
1562
1556
1548
1514
1536
1543
1522
1561
1565
1508
1576
1495
1515
1511
1530
1515
1503
1526
1434
1446
1521
1466
1482
1475
1479
1518
1544
1542
1478
1453
1467
1494
1434
1426
1493
1456
1460
1471
1421
1459
1450
1385
1417
1444
1389
1337
1398
1414
1397
1398
1374
1443
1387
1480
1387
1419
1410
1415
1424
1435
1446
1325
1402
1323
1394
1376
1418
1319
1465
1408
1336
1403
1365
1354
1470
1301
1367
1377
1286
1274
1364
1347
1320
1283
1375
1383
1298
1372
1302
1304
1339
1252
1342
1236
1326
1364
1307
1377
1267
1365
1289
1299
1304
1431
1394
1332
1345
1249
1349
1298
1308
1314
1293
1307
1279
1361
1296
1383
1291
1273
1318
1301
1305
1251
1323
1271
1322
1288
1332
1345
1289
1227
1309
1337
1280
1295
1299
1271
1297
1335
1338
1291
1284
1265
1277
1227
1310
1271
1187
1305
1218
1260
1295
1289
1277
1306
1297
1272
1247
1258
1240
1368
1313
1291
1283
1306
1332
1354
1265
1280
1297
1289
1333
1262
1360
1338
1308
1329
1296
1279
1343
1294
1314
1314
1246
1295
1296
1338
1249
1271
1211
1292
1291
1233
1243
1335
1324
1279
1257
1253
1292
1336
1396
1303
1296
1329
1437
1331
1326
1357
1338
1401
1338
1282
1303
1317
1338
1338
1351
1302
1302
1330
1337
1339
1306
1369
1366
1391
1360
1337
1391
1394
1273
1392
1334
1395
1374
1394
1337
1395
1384
1396
1386
1434
1473
1352
1359
1448
1431
1427
1444
1391
1477
1440
1473
1448
1391
1449
1496
1485
1418
1449
1457
1523
1463
1435
1449
1493
1440
1476
1496
1425
1505
1478
1448
1484
1502
1536
1599
1518
1548
1526
1539
1479
1506
1504
1555
1568
1605
1558
1544
1554
1555
1559
1595
1595
1604
1554
1632
1647
1593
1613
1677
1652
1570
1613
1662
1684
1700
1691
1668
1632
1657
1652
1670
1633
1808
1765
1659
1704
1649
1748
1783
1725
1707
1702
1788
1830
1735
1699
1814
1835
1789
1726
1865
1736
1798
1735
1742
1840
1747
1828
1774
1824
1827
1775
1857
1824
1845
1870
1867
1898
1851
1870
1939
1974
1889
1881
1967
1963
1994
1963
1997
1986
1953
1889
1876
1935
2014
1959
1974
2021
1996
1954
1964
2088
2040
2055
1974
2021
2067
2142
2049
2040
2097
2050
2121
2100
2085
2202
2033
2164
2122
2131
2140
2237
2163
2187
2239
2173
2193
2235
2209
2226
2255
2202
2238
2195
2216
2262
2297
2238
2295
2282
2309
2181
2381
2309
2222
2319
2385
2384
2348
2341
2451
2337
2345
2323
2400
2375
2528
2351
2455
2519
2514
2410
2391
2493
2500
2515
2400
2479
2495
2593
2564
2624
2529
2652
2594
2508
2580
2669
2534
2618
2587
2728
2626
2741
2656
2720
2680
2674
2708
2670
2717
2765
2693
2689
2760
2742
2745
2767
2793
2838
2858
2792
2797
2756
2809
2868
2893
2866
2862
3064
2852
2852
2954
2922
2862
2957
2993
2992
2994
2973
3040
3037
3033
3078
3087
3006
3080
3074
3163
3086
3197
3102
3059
3156
3129
3109
3095
3075
3133
3207
3070
3185
3041
3120
3129
3242
3097
3200
3076
3262
3305
3273
3212
3312
3247
3315
3174
3301
3223
3344
3378
3344
3381
3253
3387
3436
3444
3369
3360
3387
3308
3457
3458
3491
3467
3513
3420
3481
3563
3514
3518
3522
3429
3431
3481
3465
3650
3413
3617
3509
3573
3438
3488
3477
3621
3563
3511
3448
3442
3582
3596
3576
3553
3581
3655
3585
3535
3648
3746
3568
3589
3704
3703
3581
3542
3624
3605
3654
3699
3442
3550
3645
3602
3680
3688
3654
3633
3697
3598
3640
3652
3652
3679
3671
3609
3728
3614
3710
3579
3600
3474
3676
3604
3712
3784
3707
3640
3703
3701
3681
3601
3669
3720
3749
3773
3625
3702
3561
3668
3716
3603
3726
3610
3614
3676
3711
3645
3625
3633
3604
3709
3710
3805
3761
3698
3626
3695
3744
3738
3728
3624
3589
3634
3758
3630
3520
3692
3516
3655
3672
3648
3600
3695
3653
3587
3628
3561
3525
3593
3584
3569
3584
3437
3567
3430
3571
3626
3478
3489
3512
3502
3564
3579
3625
3547
3572
3517
3540
3432
3492
3571
3482
3464
3486
3448
3501
3426
3404
3413
3435
3442
3395
3463
3385
3360
3453
3389
3280
3266
3208
3173
3275
3225
3260
3224
3179
3290
3109
3167
3237
3139
3107
3167
3069
3188
3130
3194
3183
3149
3206
3292
3098
3059
3126
3082
3075
3020
3000
3159
3005
2930
2904
3048
3091
3008
3026
2964
2955
2876
2899
2989
2820
2870
2954
2873
2871
2875
2760
2789
2771
2832
2827
2826
2766
2772
2707
2780
2743
2691
2687
2677
2726
2766
2679
2648
2564
2631
2622
2629
2566
2577
2494
2604
2541
2503
2510
2549
2520
2555
2527
2369
2473
2403
2442
2404
2405
2402
2356
2363
2431
2362
2381
2266
2299
2339
2285
2274
2315
2266
2198
2238
2213
2252
2214
2299
2229
2280
2118
2194
2103
2116
2065
2086
2104
2093
2015
2026
2035
2095
2038
1978
1940
1969
1915
2005
1979
1886
1918
1868
1907
1930
1901
1910
1874
1806
1895
1825
1702
1939
1771
1776
1815
1798
1768
1710
1739
1733
1650
1706
1669
1671
1706
1680
1669
1633
1608
1515
1528
1518
1623
1508
1552
1551
1550
1545
1467
1485
1461
1535
1525
1407
1430
1484
1396
1365
1412
1418
1318
1458
1379
1303
1306
1388
1370
1305
1300
1373
1260
1258
1238
1244
1254
1223
1273
1238
1161
1155
1223
1220
1202
1200
1175
1185
1179
1142
1132
1090
1117
1094
1121
1113
1034
984
1021
1005
1036
1015
1043
961
962
1047
1017
968
946
1005
990
930
1017
934
1006
869
936
862
944
873
903
910
832
890
888
835
814
843
768
811
813
859
827
823
768
732
820
755
717
761
719
775
749
746
689
703
737
645
696
733
709
692
696
639
644
637
606
628
644
604
624
638
677
635
621
631
596
595
599
570
553
550
541
550
552
550
553
613
496
509
521
523
517
525
546
520
498
479
445
484
494
413
460
452
439
435
485
439
456
438
405
421
370
407
394
423
373
414
411
336
374
415
402
370
380
397
369
386
361
356
359
342
333
336
370
334
351
383
333
300
320
304
281
298
328
307
284
286
315
302
322
308
317
274
278
280
303
286
257
274
263
256
258
227
255
254
234
244
250
214
239
214
221
218
227
210
193
199
224
219
230
216
178
210
216
213
206
183
184
207
189
197
198
170
169
169
162
159
166
146
154
181
176
160
180
184
173
185
172
157
135
155
171
132
161
167
148
133
147
168
136
146
124
141
146
134
142
135
144
142
123
116
135
154
119
100
116
121
117
117
110
117
116
120
122
110
105
119
107
114
99
114
97
96
94
104
76
105
96
104
95
84
99
85
93
94
89
87
91
89
93
103
98
80
102
107
90
82
117
95
92
90
92
88
86
80
93
76
89
71
96
86
74
65
68
82
98
80
83
82
80
87
70
61
61
80
84
63
68
73
51
67
56
78
62
61
67
63
86
56
59
53
61
69
58
76
54
51
60
57
46
57
55
43
61
56
48
55
64
61
64
60
51
61
43
48
51
61
54
53
39
41
38
42
53
39
51
46
53
36
49
38
47
34
47
44
45
44
41
50
57
50
56
49
49
42
61
46
45
40
44
55
54
40
35
41
50
39
42
29
47
43
33
45
28
33
43
37
33
39
36
46
39
26
37
36
29
47
37
29
31
33
44
31
36
27
40
39
27
35
32
47
38
42
36
41
39
33
32
37
46
27
33
35
47
35
32
30
32
31
36
27
41
26
36
39
36
35
37
25
26
40
36
30
25
41
42
23
41
32
30
32
31
28
33
33
30
24
25
23
33
29
32
23
29
24
27
36
25
26
30
27
30
26
29
26
30
17
22
25
25
32
35
27
21
26
32
24
19
25
33
25
25
27
31
28
23
31
24
22
27
25
22
26
26
29
36
19
19
25
26
25
26
17
29
33
38
23
31
29
34
27
26
29
16
25
22
24
19
21
20
24
29
24
20
20
36
23
26
20
34
25
35
22
26
26
19
24
26
24
21
18
19
17
25
15
24
27
22
22
17
23
27
22
20
25
37
22
29
16
25
28
25
21
20
19
21
28
26
32
22
24
16
27
21
22
25
31
24
20
27
23
17
17
25
22
23
22
23
30
20
24
26
18
24
31
25
20
28
27
21
18
20
26
23
23
15
22
33
29
25
19
24
29
21
32
23
16
28
24
19
17
18
17
28
16
23
25
21
24
21
20
20
18
22
22
15
17
18
23
24
34
19
22
20
15
25
24
19
20
19
18
22
21
15
30
14
20
15
20
15
17
15
24
23
26
21
27
14
13
24
24
24
31
18
19
16
23
29
26
18
19
17
18
27
23
12
19
15
16
24
16
25
26
14
17
17
23
18
13
25
25
11
16
14
19
15
27
18
20
17
19
13
18
18
24
13
20
19
23
26
17
22
20
12
25
28
26
17
15
19
18
16
10
27
21
19
16
22
26
21
20
17
20
12
19
11
19
21
27
12
16
18
18
21
19
18
19
18
21
19
18
17
19
17
18
20
21
15
19
15
19
20
19
18
20
16
19
25
17
20
20
22
16
19
18
16
19
23
19
21
14
20
21
19
20
23
20
14
13
20
25
20
21
24
16
15
22
26
17
22
12
14
18
13
22
14
16
20
26
17
19
16
15
28
20
17
17
8
18
20
16
18
18
18
14
16
17
23
12
16
8
22
12
20
18
25
19
23
12
21
20
15
18
15
25
21
16
21
21
15
18
9
24
15
19
18
12
24
15
15
21
15
18
12
14
10
17
17
18
22
13
19
18
17
21
14
7
15
13
22
13
8
19
17
14
23
13
18
26
16
21
20
15
13
14
17
20
12
20
16
15
24
17
19
23
12
24
10
20
20
13
13
23
15
15
25
21
10
11
19
17
16
15
22
16
13
15
17
17
12
12
30
15
17
16
19
16
12
14
22
16
12
17
8
7
13
22
24
15
15
9
20
11
18
15
22
22
21
15
18
22
14
21
16
10
17
12
19
8
16
23
16
23
19
13
13
16
22
15
23
11
25
20
18
13
17
18
15
15
12
21
13
19
16
20
21
12
14
12
17
17
15
12
18
16
24
13
15
16
16
16
18
19
16
22
17
24
24
21
15
17
21
19
16
9
21
16
10
14
13
15
14
20
27
16
15
20
18
12
17
21
17
18
11
12
23
22
24
16
21
16
19
16
10
17
17
14
10
12
10
24
15
18
23
9
21
12
18
10
13
13
20
21
12
18
21
16
14
19
16
20
25
16
18
19
17
19
13
15
17
21
14
15
16
17
19
19
12
13
15
20
22
22
19
21
16
11
17
14
18
23
12
18
12
22
15
15
22
19
16
16
24
21
19
18
19
18
18
15
13
15
17
16
16
9
12
26
16
9
16
19
21
20
13
15
13
20
16
17
21
15
12
14
18
16
22
19
13
13
13
21
11
10
18
19
18
13
22
16
20
22
14
13
15
18
16
16
22
17
17
22
17
13
14
24
19
15
18
18
16
19
20
16
15
18
19
16
18
11
19
24
16
14
20
19
14
15
17
15
9
13
22
11
24
15
8
9
15
24
18
18
20
15
18
21
15
23
21
18
12
17
15
16
17
25
14
14
13
12
12
18
14
21
17
14
21
19
17
19
12
15
21
12
16
16
25
16
16
17
15
15
14
20
16
19
18
21
16
12
7
27
10
25
18
16
22
14
23
17
15
17
16
17
11
16
13
9
9
18
17
18
17
18
13
14
20
14
21
17
12
17
14
14
24
17
19
20
13
16
12
17
16
13
17
14
18
16
13
19
13
10
11
19
14
27
12
14
12
13
19
17
9
12
19
12
13
11
21
20
16
9
18
17
21
14
14
20
18
18
13
15
13
16
11
17
9
20
19
13
17
18
20
6
17
16
18
10
22
15
22
17
14
16
9
16
13
13
19
16
18
14
14
20
19
13
11
12
17
13
14
18
19
13
19
13
12
12
10
14
13
19
7
13
11
10
5
16
16
16
12
17
13
20
11
13
12
13
12
12
15
8
14
17
11
16
16
17
12
21
11
18
11
20
18
10
13
10
13
16
20
16
15
9
20
21
12
9
16
13
12
17
13
10
14
16
16
8
13
16
10
12
18
7
16
12
10
12
17
10
11
16
16
10
15
15
10
14
11
11
11
12
5
15
17
17
14
8
18
13
13
11
11
17
9
11
11
17
13
13
13
11
13
12
10
9
16
11
11
10
16
8
14
13
15
10
5
10
13
18
17
11
19
18
8
11
8
13
13
13
8
7
9
8
7
13
8
17
12
8
8
12
8
3
6
7
10
9
14
18
10
16
14
10
12
11
9
9
13
14
10
6
3
5
9
11
11
12
11
7
11
6
11
7
12
7
16
9
11
9
6
10
11
10
11
10
11
13
8
6
5
4
18
7
5
9
10
3
10
8
12
10
7
9
8
14
13
13
10
8
6
10
7
9
8
10
7
8
8
9
6
12
4
11
11
8
7
8
6
5
4
13
5
4
2
7
8
7
1
6
9
9
5
3
10
3
8
5
8
7
6
11
10
3
8
8
2
6
6
11
8
5
5
4
8
15
5
11
8
8
7
7
8
8
6
4
2
3
5
9
6
6
4
11
3
5
4
7
5
5
7
2
3
7
8
9
7
5
3
1
5
4
2
1
4
4
3
3
4
2
4
8
5
8
5
4
9
7
2
6
7
10
2
5
5
7
7
5
8
5
5
2
4
3
5
8
4
2
5
2
7
5
7
1
3
6
2
3
12
6
5
6
7
2
3
4
8
5
5
5
2
3
7
4
6
2
2
3
3
3
4
2
2
5
4
2
4
5
0
3
4
3
1
4
3
6
3
2
4
4
2
3
4
4
2
4
3
3
7
1
2
2
5
2
1
3
1
4
6
3
3
5
2
5
3
4
2
4
4
2
6
0
4
0
2
6
1
5
5
5
3
3
3
2
1
2
1
3
2
2
1
2
3
1
5
3
2
1
2
2
1
2
1
2
2
3
1
2
2
1
2
1
3
2
1
0
2
3
2
4
5
2
1
0
2
2
2
2
3
2
5
1
1
1
3
0
2
1
3
1
2
1
0
5
3
2
1
2
1
1
3
4
1
4
1
0
2
2
0
0
3
3
1
0
2
4
1
1
2
2
3
0
0
1
0
2
0
1
3
1
0
2
2
3
2
1
3
3
1
3
0
1
4
2
1
0
2
1
2
2
2
1
2
2
2
0
0
1
2
4
0
2
2
0
1
0
2
1
1
2
1
1
0
0
3
1
2
2
1
3
1
0
1
1
4
0
1
4
3
2
5
0
0
1
0
0
1
1
1
0
0
0
0
0
2
0
0
0
2
0
2
0
1
1
0
1
0
4
0
0
0
2
1
1
1
1
2
2
1
0
1
2
1
1
0
0
1
0
1
0
0
0
0
2
2
0
0
0
0
2
1
2
1
1
1
0
1
0
1
1
0
1
0
0
2
2
1
2
1
0
0
0
0
0
0
0
2
2
1
0
2
1
1
1
0
0
0
1
1
1
0
1
0
0
3
2
1
2
1
3
0
2
1
0
0
1
1
1
2
0
0
1
0
2
1
0
1
0
0
0
0
1
2
0
0
0
2
1
0
2
1
1
1
1
0
0
0
0
0
1
0
2
2
1
0
0
0
3
0
1
2
0
0
0
0
0
1
0
1
2
0
1
1
2
4
0
0
1
0
0
1
1
1
0
0
0
0
0
0
1
1
0
1
0
0
1
0
0
0
0
0
1
0
0
0
0
2
0
1
1
0
0
0
0
2
1
0
1
1
1
2
1
1
1
2
0
1
0
0
0
0
1
1
1
0
0
1
0
0
1
2
1
1
1
1
0
0
0
1
2
0
0
0
1
1
0
0
0
1
0
0
0
2
0
1
0
0
0
0
1
1
2
0
1
1
1
1
0
0
1
0
0
0
0
0
0
0
0
0
0
1
0
0
0
0
0
0
0
0
0
0
0
0
0
0
0
3
0
1
2
0
1
0
0
0
1
1
0
0
0
0
0
0
0
1
0
0
0
1
0
0
0
0
1
0
1
0
0
0
0
2
0
1
0
0
0
0
0
0
0
0
0
0
0
0
1
0
0
0
0
0
0
0
0
0
0
0
0
0
0
0
0
0
0
0
0
0
0
0
1
0
1
1
0
0
0
0
0
1
0
0
0
0
0
0
0
0
0
1
0
0
0
0
1
0
0
1
0
0
1
0
0
0
0
0
0
1
2
1
1
1
0
0
1
1
0
0
1
0
0
0
0
2
0
1
0
0
0
0
0
0
1
0
0
0
1
2
0
2
0
0
1
0
0
1
0
0
0
0
0
1
1
1
2
0
1
0
0
0
0
0
1
0
0
0
0
2
1
1
1
1
0
0
0
0
0
0
0
0
0
1
0
0
0
0
0
1
0
0
0
0
0
0
0
1
0
0
0
1
1
0
1
0
2
0
0
0
1
0
0
2
0
0
0
0
0
0
0
0
0
0
0
0
0
0
0
0
0
1
0
0
2
0
0
1
1
1
0
1
1
0
0
1
2
0
0
1
0
0
0
0
0
1
0
0
1
0
1
0
0
0
1
0
0
0
1
1
1
0
0
0
0
1
1
0
0
0
0
0
0
0
0
0
1
0
1
0
0
0
0
0
2
0
0
0
0
0
1
0
0
0
0
1
0
0
0
0
0
1
0
0
1
0
0
0
0
0
0
0
0
1
1
0
0
0
0
1
0
2
1
0
0
0
1
0
0
1
1
1
0
2
0
0
0
0
1
1
0
0
0
1
0
0
0
1
0
0
1
1
0
0
0
0
0
0
1
0
0
0
0
0
0
0
2
0
0
0
1
0
0
0
0
0
0
0
0
0
0
1
1
0
0
0
0
1
0
0
0
1
0
0
0
0
1
0
0
0
0
0
2
0
0
0
0
0
0
0
0
1
0
1
0
1
0
1
1
0
0
0
0
1
0
0
0
0
0
0
0
0
0
0
0
1
0
0
2
0
0
0
0
0
0
1
0
1
0
0
0
0
0
1
2
1
0
0
0
0
1
1
0
0
0
0
0
0
1
0
1
0
0
0
0
0
0
0
0
0
0
0
0
0
0
0
1
0
0
0
0
0
0
1
1
0
0
0
1
0
0
0
0
0
1
2
0
0
1
1
0
0
0
0
1
1
0
0
0
0
0
0
0
0
0
0
0
0
0
0
0
0
0
0
0
0
0
1
1
0
0
0
1
1
0
1
0
0
0
2
1
0
0
0
0
0
0
0
1
0
1
0
0
1
0
0
0
0
1
0
1
0
0
0
0
1
0
0
0
0
1
0
0
0
0
0
1
0
0
0
1
0
0
1
0
0
0
1
0
0
0
0
0
0
0
0
1
0
0
0
0
1
0
0
0
0
0
0
0
1
0
0
1
0
0
1
1
0
1
0
0
0
0
0
0
0
0
0
0
0
0
0
0
0
0
1
0
0
0
0
0
0
1
1
1
0
0
0
0
1
0
0
1
0
0
0
0
0
0
0
0
0
0
0
1
0
0
0
0
0
0
0
0
0
0
0
0
1
1
0
0
0
0
0
0
0
0
0
0
0
0
0
0
0
0
0
1
1
0
1
0
1
1
0
0
0
0
0
0
0
0
0
0
1
0
0
1
0
0
0
0
0
0
0
0
0
1
0
0
0
0
0
0
0
0
1
0
0
1
0
0
0
0
0
1
0
1
0
0
0
0
0
0
1
2
0
0
0
0
1
1
0
1
0
0
0
0
0
0
0
0
0
1
0
0
0
0
0
0
0
0
0
0
0
0
0
0
0
1
0
1
1
0
0
0
1
0
0
0
0
1
0
0
0
0
1
0
0
0
0
0
0
0
0
0
0
0
0
0
0
0
1
0
0
0
0
0
0
0
1
0
0
0
0
0
0
0
0
0
0
0
0
0
0
0
0
0
0
0
0
0
0
0
0
0
0
0
1
0
0
0
0
0
0
1
0
0
1
0
0
0
0
0
0
0
0
0
0
0
0
1
0
1
0
0
0
0
0
0
0
0
0
0
0
0
0
0
0
0
0
0
0
0
0
1
1
0
0
0
0
0
0
1
0
0
0
1
0
0
0
0
1
0
0
0
0
0
0
0
0
0
0
0
0
0
0
0
0
0
0
0
0
1
0
0
0
0
0
0
0
1
0
0
0
0
1
0
0
0
0
0
0
0
1
0
0
0
0
1
0
1
0
0
0
0
1
0
0
0
0
0
0
0
0
0
0
0
0
1
0
0
0
0
0
0
0
0
0
0
0
0
0
0
0
1
0
0
0
0
0
0
0
0
0
0
0
0
0
0
0
0
0
0
0
0
1
0
0
0
1
0
0
0
0
0
0
0
0
0
0
0
0
0
0
0
0
0
0
0
0
0
0
0
0
0
0
0
0
2
0
1
0
0
0
0
0
0
0
1
1
0
0
0
0
0
0
0
0
0
0
0
0
0
0
0
0
0
0
0
0
0
0
0
0
0
0
0
0
0
1
0
0
0
0
0
0
0
0
0
0
0
1
0
0
0
0
0
0
0
0
0
1
0
0
0
0
1
0
0
0
0
0
0
0
0
0
0
0
0
0
0
0
0
0
0
0
0
0
0
0
0
1
0
0
0
0
0
0
0
0
0
0
0
0
0
0
0
0
0
0
0
1
0
0
0
0
0
0
0
0
0
0
0
0
0
0
0
0
0
1
0
0
0
0
0
0
0
0
0
1
0
0
0
0
0
0
0
1
0
0
0
0
0
0
0
0
0
0
1
0
0
2
0
0
0
0
0
0
0
0
0
0
0
0
0
0
0
0
1
0
0
0
0
0
0
0
0
0
0
0
0
0
0
0
0
0
0
0
0
0
0
0
0
0
0
0
0
0
0
0
0
0
0
0
0
0
0
0
0
0
0
0
0
0
0
1
0
0
0
0
0
1
0
0
0
0
0
0
0
0
0
0
0
0
0
0
0
0
0
0
0
0
0
0
0
0
0
0
0
0
0
0
0
0
0
0
0
0
0
0
1
0
0
0
0
0
0
0
0
0
0
0
0
1
0
0
0
0
0
0
0
0
0
0
0
0
0
0
0
0
0
1
0
0
0
0
0
0
0
0
0
0
0
0
0
0
0
0
0
0
0
0
1
0
1
0
0
0
0
0
0
0
0
0
0
0
0
0
0
0
0
0
0
0
0
0
0
0
0
0
0
0
0
0
0
0
0
0
0
0
0
0
0
0
0
0
0
0
0
0
0
0
0
0
0
0
0
0
0
0
0
0
0
0
0
0
0
0
0
0
0
0
1
0
0
0
0
0
0
0
0
0
0
0
0
0
0
0
0
0
0
0
0
0
0
0
0
0
0
0
0
0
0
0
0
0
0
0
0
0
0
0
0
0
0
0
0
0
0
0
0
0
0
0
0
0
0
0
0
0
0
0
0
0
0
0
0
0
0
0
0
0
0
0
0
0
0
0
0
0
0
0
0
0
0
0
0
0
0
1
0
0
0
0
0
1
0
0
0
1
0
0
0
0
0
0
0
0
0
0
0
0
0
0
0
0
0
0
0
0
0
0
0
0
0
0
0
0
0
0
0
0
0
0
0
0
0
0
0
0
0
0
1
0
0
0
0
0
0
0
0
0
0
0
0
0
0
0
0
0
0
0
0
0
0
0
0
0
0
0
0
0
0
0
0
0
0
0
0
0
0
0
0
0
0
0
0
0
0
0
0
0
0
0
0
0
0
0
0
0
0
0
0
0
0
0
0
0
0
0
0
0
0
0
0
0
0
0
0
0
0
0
0
1
0
0
0
0
0
0
0
0
0
0
0
0
0
0
0
0
0
0
0
0
0
0
0
0
0
0
0
0
0
0
0
0
0
0
0
0
0
0
0
0
0
0
0
0
0
0
0
0
0
0
0
0
0
0
0
0
0
0
0
0
0
0
0
0
0
0
0
0
0
0
0
0
0
0
0
0
0
1
0
0
0
0
0
0
0
1
0
0
0
1
2
0
0
0
0
0
0
0
0
0
0
0
0
0
0
0
0
0
0
0
0
0
0
0
0
0
0
0
0
0
0
0
0
0
0
0
0
0
0
0
0
0
0
0
0
0
0
0
0
0
0
0
0
0
0
0
0
0
0
0
0
0
0
0
0
0
0
0
0
0
0
0
0
0
0
0
0
0
0
0
0
0
0
0
0
0
0
0
0
0
1
0
0
0
0
0
0
0
0
0
0
0
0
0
0
0
0
0
0
0
0
0
0
0
0
0
0
0
0
0
0
0
0
0
0
0
0
0
0
0
0
1
0
0
0
0
0
0
0
0
0
1
0
0
0
0
0
0
0
0
0
0
0
0
0
0
0
0
0
0
0
0
0
0
0
0
0
0
0
0
0
0
0
0
0
0
0
0
0
0
0
0
0
0
0
0
0
0
0
0
0
0
0
0
0
0
0
0
0
0
0
0
0
0
0
0
0
0
0
0
0
0
1
0
0
0
0
0
0
0
0
0
0
0
0
0
0
0
0
0
0
0
0
0
0
0
0
0
0
0
0
0
0
0
0
0
0
0
0
0
0
0
0
0
0
0
0
0
0
0
0
0
0
0
0
0
0
0
0
0
0
0
0
0
0
0
0
0
0
0
0
0
0
0
0
0
0
0
0
0
0
0
0
0
0
0
0
0
0
0
0
0
0
1
0
1
0
1
0
0
0
0
0
1
0
0
0
0
0
0
0
0
0
0
0
0
0
0
0
0
1
0
0
0
0
0
0
0
0
0
0
0
0
0
0
0
0
0
0
0
0
0
0
0
0
0
0
0
0
0
0
0
0
0
0
0
0
0
0
0
0
0
0
0
0
0
0
0
0
0
0
0
0
0
0
1
0
0
0
0
1
0
0
0
0
0
0
0
0
0
0
0
0
0
0
0
0
0
0
0
0
0
0
0
0
0
0
0
0
0
0
0
0
0
0
0
0
0
0
0
0
0
0
0
0
0
0
0
0
0
0
0
0
0
0
0
0
0
0
0
0
0
0
0
0
0
0
0
0
0
0
0
0
0
0
0
0
1
0
1
0
1
0
0
0
0
0
0
0
0
0
0
0
0
0
0
0
0
0
0
0
0
0
0
1
0
0
0
0
0
0
0
0
0
0
0
0
0
0
0
0
0
0
0
0
0
0
0
0
0
0
0
0
0
0
0
0
0
0
0
0
0
0
0
0
0
0
0
0
0
0
0
0
0
0
0
0
0
0
0
0
0
0
0
0
0
1
0
0
0
0
0
0
0
0
0
0
0
0
0
0
0
0
0
0
0
0
0
0
0
0
0
0
0
0
0
0
0
0
0
0
0
0
0
0
0
0
0
0
0
0
0
0
0
0
0
0
0
0
0
0
0
0
0
0
0
0
0
0
0
0
0
0
0
0
0
0
0
0
0
0
0
0
0
0
0
0
0
0
0
0
0
0
0
0
0
0
0
0
0
0
0
0
0
0
0
0
0
0
0
0
0
0
0
0
0
0
0
0
0
0
0
0
0
0
0
0
0
0
0
0
0
0
0
0
0
0
0
0
0
0
0
0
0
0
0
0
0
0
0
0
0
0
0
0
0
0
0
0
0
0
0
0
0
0
0
0
0
0
0
0
0
0
0
0
0
0
0
0
0
0
0
0
0
0
0
0
0
0
0
0
0
0
0
0
0
0
0
0
0
0
0
0
0
0
0
0
0
0
0
0
0
0
0
0
0
0
0
0
0
0
0
0
0
0
0
0
0
0
0
0
0
0
0
0
0
0
0
0
0
0
0
0
0
0
0
0
0
0
0
0
0
0
0
0
0
0
0
0
0
0
0
0
0
0
0
0
0
0
0
0
0
0
0
0
0
0
0
0
0
0
0
0
0
0
0
0
0
0
0
0
0
0
0
0
0
0
0
0
0
0
0
0
0
0
0
0
0
0
0
0
0
0
0
0
0
0
0
0
0
0
0
0
0
0
0
0
0
0
0
0
0
0
0
0
0
0
0
0
0
0
0
0
0
0
0
0
0
0
0
0
0
0
0
0
0
0
0
0
0
0
0
0
0
0
0
0
0
0
0
0
0
0
0
0
0
0
0
0
0
0
0
0
0
0
0
0
0
0
0
0
0
0
0
0
0
0
0
0
0
0
0
0
0
0
0
0
0
0
0
0
0
0
0
0
0
0
0
0
0
0
0
0
0
0
0
0
0
0
0
0
0
0
0
0
0
0
0
0
0
0
0
0
0
0
0
0
0
0
0
0
0
0
0
0
0
0
0
0
0
0
0
0
0
0
0
0
0
0
0
0
0
0
0
0
0
0
0
0
0
0
0
0
0
0
0
0
0
0
0
0
0
0
0
0
0
0
0
0
0
0
0
0
0
0
0
0
0
0
0
0
0
0
0
0
0
0
0
0
0
0
0
0
0
0
0
0
0
0
0
0
0
0
0
0
1
0
0
0
0
0
0
0
0
0
0
0
0
0
0
0
0
0
0
0
0
0
0
0
0
0
0
0
0
0
0
0
0
0
0
0
0
0
0
0
0
0
0
0
0
0
0
0
0
0
0
0
0
0
0
0
0
0
0
0
0
0
0
0
0
0
0
0
0
0
0
0
0
0
0
0
0
0
0
0
0
0
0
0
0
0
0
0
0
0
0
0
0
0
0
0
0
0
0
0
0
0
0
0
0
0
0
0
0
0
0
0
0
0
0
0
0
0
0
0
0
0
0
0
0
0
0
0
0
0
0
0
0
0
0
0
0
0
0
0
0
0
0
0
0
0
0
0
0
0
0
0
0
0
0
0
0
0
0
0
0
0
0
0
0
0
0
0
0
0
0
0
0
0
0
0
0
0
0
0
0
0
0
0
0
0
0
0
0
0
0
0
0
0
0
0
0
0
0
0
0
0
0
0
0
0
0
0
0
0
0
0
0
0
0
0
0
0
0
0
0
0
0
0
0
0
0
0
0
0
0
0
0
0
0
0
0
0
0
0
0
0
0
0
0
0
0
0
0
0
0
0
0
0
0
0
0
0
0
0
0
0
0
0
0
0
0
0
0
0
0
0
0
0
0
0
0
0
0
0
0
0
0
0
0
0
0
0
0
0
0
0
0
0
0
0
0
0
0
0
0
0
0
0
0
0
0
0
0
0
0
0
0
0
0
0
0
0
0
0
0
0
0
0
0
0
0
0
0
0
0
0
0
0
0
0
0
0
0
0
0
0
0
0
0
0
0
0
0
0
0
0
0
0
0
0
0
0
0
0
0
0
0
0
0
0
0
0
0
0
0
0
0
0
0
0
0
0
0
0
0
0
0
0
0
0
0
0
0
0
0
0
0
0
0
0
0
0
0
0
0
0
0
0
0
0
0
0
0
0
0
0
0
0
0
0
0
0
0
0
0
0
0
0
0
0
0
0
0
0
0
0
0
0
0
0
0
0
0
0
0
0
0
0
0
0
0
0
0
0
0
0
0
0
0
0
0
0
0
0
0
0
0
0
0
0
0
0
0
0
0
0
0
0
0
0
0
0
0
0
0
0
0
0
0
0
0
0
0
0
0
0
0
0
0
0
0
0
0
0
0
0
0
0
0
0
0
0
0
0
0
0
0
0
0
0
0
0
0
0
0
0
0
0
0
0
0
0
0
0
0
0
0
0
0
0
0
0
0
0
0
0
0
0
0
0
0
0
0
0
0
0
0
0
0
0
0
0
0
0
0
0
0
0
0
0
0
0
0
0
0
0
0
0
0
0
0
0
0
0
0
0
0
0
0
0
0
0
0
0
0
0
0
0
0
0
0
0
0
0
0
0
0
0
0
0
0
0
0
0
0
0
0
0
0
0
0
0
0
0
0
0
0
0
0
0
0
0
0
0
0
0
0
0
0
0
0
0
0
0
0
0
0
0
0
0
0
0
0
0
0
0
0
0
0
0
0
0
0
0
0
0
0
0
0
0
0
0
0
0
0
0
0
0
0
0
0
0
0
0
0
0
0
0
0
0
0
0
0
0
0
0
0
0
0
0
0
0
0
0
0
0
0
0
0
0
0
0
0
0
0
0
0
0
0
0
0
0
0
0
0
0
0
0
0
0
0
0
0
0
0
0
0
0
0
0
0
0
0
0
0
0
0
0
0
0
0
0
0
0
0
0
0
0
0
0
0
0
0
0
0
0
0
0
0
0
0
0
0
0
0
0
0
0
0
0
0
0
0
0
0
0
0
0
0
0
0
0
0
0
0
0
0
0
0
0
0
0
0
0
0
0
0
0
0
0
0
0
0
0
0
0
0
0
0
0
0
0
0
0
0
0
0
0
0
0
0
0
0
0
0
0
0
0
0
0
0
0
0
0
0
0
0
0
0
0
0
0
0
0
0
0
0
0
0
0
0
0
0
0
0
0
0
0
0
0
0
0
0
0
0
0
0
0
0
0
0
0
0
0
0
0
0
0
0
0
0
0
0
0
0
0
0
0
0
0
0
0
0
0
0
0
0
0
0
0
0
0
0
0
0
0
0
0
0
0
0
0
0
0
0
0
0
0
0
0
0
0
0
0
0
0
1
0
0
0
0
1
0
0
0
0
0
0
0
0
0
0
0
0
0
0
0
