0
0
0
0
0
0
0
0
0
0
0
0
0
0
0
0
0
0
0
0
0
0
0
0
0
0
0
0
0
0
0
0
0
0
0
0
0
0
0
0
0
0
0
0
0
0
0
0
0
0
0
0
0
0
0
0
0
0
0
0
0
0
0
0
0
0
0
0
0
0
0
0
0
0
0
0
0
0
0
0
0
0
0
0
0
0
0
0
0
0
0
0
0
0
0
0
0
0
0
0
0
0
0
0
0
0
0
0
0
0
0
0
0
0
0
0
0
0
0
0
0
0
0
0
0
0
0
0
0
0
0
0
0
0
0
0
0
0
0
0
0
0
0
0
0
0
0
0
0
0
0
0
0
0
0
0
0
0
0
0
0
0
0
0
0
0
0
0
0
0
0
0
0
0
0
0
0
0
0
0
0
0
0
0
0
0
0
0
0
0
0
0
0
0
0
0
0
0
0
0
0
0
0
0
0
0
0
0
0
0
0
0
0
0
0
0
0
0
0
0
0
0
0
0
0
0
0
0
0
0
0
0
0
0
0
0
0
0
0
0
0
0
0
0
0
0
0
0
0
0
0
0
0
0
0
0
0
0
0
0
0
0
0
0
0
0
0
0
0
0
0
0
0
0
0
0
0
0
0
0
0
0
0
0
0
0
0
0
0
0
0
0
0
0
0
0
0
0
0
0
0
0
0
0
0
0
0
0
0
0
0
0
0
0
0
0
0
0
0
0
0
0
0
0
0
0
0
0
0
0
0
0
0
0
0
0
0
0
0
0
0
0
0
0
0
0
0
0
0
0
0
5710
7782
9267
10768
11542
11995
12177
12355
12338
12533
12729
12528
12463
12464
12117
12019
11918
11599
11811
11689
11722
11255
11193
11273
11137
10934
11021
10686
10454
10550
10542
10262
10201
10255
10187
10029
9926
10024
9945
9633
9681
9548
9474
9626
9454
9524
9230
9397
9286
9101
9034
9139
9089
9272
8883
8885
9020
8729
8835
8749
8899
8831
8662
8520
8595
8402
8542
8379
8284
8323
8257
8270
8225
8220
8193
8160
8193
8129
8012
8139
7910
7987
7832
8018
7818
7948
7953
7734
7759
7721
7813
7573
7641
7602
7664
7787
7849
7853
7676
7655
7506
7581
7635
7670
7472
7627
7792
7619
7475
7474
7540
7516
7570
7558
7716
7372
7574
7537
7445
7642
7315
7507
7484
7470
7398
7399
7374
7480
7245
7504
7372
7344
7361
7363
7403
7311
7392
7434
7581
7417
7323
7317
7252
7454
7257
7395
7125
7211
7094
7302
7151
7336
7338
7456
7376
7219
7293
7291
7093
7279
7336
7091
7250
7159
7188
7093
7400
7158
7283
7357
7278
7473
7361
7302
7438
7288
7415
7431
7429
7443
7538
7501
7419
7490
7394
7571
7479
7322
7373
7402
7439
7480
7294
7447
7622
7385
7474
7325
7346
7410
7450
7416
7317
7366
7397
7316
7317
7193
7338
7432
7423
7463
7302
7404
7333
7383
7334
7316
7280
7410
7332
7397
7370
7414
7235
7299
7391
7347
7374
7485
7340
7225
7092
7132
7291
7021
7198
7059
7175
7093
6939
7116
7120
6928
7140
7146
6864
6994
7024
6881
6918
6715
6855
6946
6880
6953
6865
6787
6740
6886
6821
6762
6636
6632
6743
6634
6750
6457
6664
6677
6539
6490
6389
6440
6533
6414
6466
6300
6434
6368
6236
6387
6361
6392
6255
6153
6322
6358
6178
6216
6144
6132
6036
5918
6021
5925
6005
5922
5843
5653
5771
5652
5650
5536
5535
5778
5666
5572
5457
5639
5495
5490
5417
5386
5403
5367
5325
5352
5193
5271
5207
5076
5184
4980
5095
5199
5134
5004
5015
5030
4937
4910
4957
4940
4963
4840
4774
4709
4774
4652
4728
4606
4555
4699
4683
4603
4443
4604
4465
4475
4481
4420
4294
4439
4368
4328
4448
4433
4334
4130
4199
4202
4156
4221
4264
4128
4137
3990
4034
4034
4086
3946
4018
3943
3975
3991
3968
3915
3916
3851
3813
3793
3942
3784
3867
3709
3678
3735
3672
3763
3684
3640
3617
3624
3578
3514
3523
3559
3658
3604
3559
3496
3519
3507
3471
3452
3441
3419
3430
3434
3468
3378
3333
3388
3350
3383
3271
3353
3350
3372
3372
3353
3280
3263
3265
3398
3333
3234
3369
3306
3185
3225
3221
3330
3233
3241
3210
3164
3311
3304
3234
3233
3240
3217
3314
3248
3273
3151
3212
3203
3181
3319
3202
3172
3266
3275
3202
3282
3275
3265
3340
3250
3234
3271
3287
3202
3218
3202
3179
3352
3210
3284
3190
3234
3251
3290
3355
3274
3352
3161
3357
3364
3358
3405
3315
3464
3263
3412
3407
3396
3392
3373
3382
3396
3499
3516
3476
3463
3467
3424
3534
3547
3440
3571
3543
3519
3568
3748
3577
3619
3573
3555
3681
3738
3719
3737
3782
3721
3795
3683
3714
3844
3904
3706
3832
3958
3921
3933
3981
3969
4024
3988
4001
4070
4050
3930
4039
4100
4150
4033
4142
4149
4176
4103
4294
4193
4226
4123
4079
4263
4270
4202
4405
4308
4391
4323
4161
4457
4466
4456
4571
4531
4656
4626
4574
4638
4760
4740
4856
4845
4791
4867
4876
5030
5089
5036
5205
5127
5057
5215
5202
5160
5104
5288
5291
5337
5317
5427
5370
5422
5537
5486
5483
5606
5584
5622
5669
5666
5790
5752
5902
5805
5779
5971
5976
6027
6096
5979
6239
6191
6037
6296
6211
6225
6314
6505
6272
6619
6425
6518
6505
6489
6586
6718
6768
6781
6923
6844
6880
7085
7002
6993
7166
7304
7116
7118
7245
7167
7389
7362
7486
7501
7493
7557
7605
7656
7791
7894
7848
8016
8152
7916
8066
7941
8082
8038
8211
8358
8379
8277
8316
8373
8470
8510
8580
8414
8706
8724
8683
8893
8789
8876
9010
8865
8982
9049
9009
8995
9231
9223
9168
9297
9514
9369
9505
9699
9581
9704
9817
9996
9772
9808
9909
10185
10122
10252
10320
10175
10244
10418
10463
10582
10508
10511
10541
10620
10738
10723
10744
10813
10826
10843
11058
11135
10946
11063
11008
11190
11168
11323
11262
11530
11253
11524
11542
11496
11315
11740
11769
11526
11541
11753
11694
11652
11891
11969
11879
12030
12050
11861
11796
12067
11976
12088
12067
12360
12426
12301
12126
12322
12383
12252
12221
12359
12384
12497
12428
12326
12339
12536
12620
12477
12443
12608
12428
12904
12607
12879
12396
12673
12610
12480
12681
12429
12889
12598
12605
12654
12620
12729
12893
12666
12714
12603
12610
12557
12471
12780
12449
12803
12722
12599
12387
12364
12453
12556
12539
12537
12396
12413
12396
12394
12231
12477
12281
12216
12336
12178
12117
11945
12263
12059
11964
12212
12055
11998
12150
12055
12023
11864
11860
11953
12003
11880
11891
11820
11734
11838
11694
11631
11449
11514
11463
11278
11319
11412
11196
11320
11052
11160
10903
10890
11043
10964
11052
10871
10794
10656
10554
10535
10192
10266
10468
10311
10210
10212
10222
9938
10080
9903
9926
9699
9873
9929
9896
9717
9826
9578
9412
9323
9257
9348
9429
9098
9190
9010
8833
8900
8837
8759
8632
8654
8579
8445
8483
8449
8423
8280
8084
8023
8042
7824
7771
7713
7866
7690
7744
7681
7549
7470
7376
7269
7077
7160
7222
7072
6791
6783
6837
6855
6845
6605
6634
6383
6390
6440
6444
6244
6277
6276
6113
5979
5902
5855
5901
5642
5657
5566
5646
5547
5506
5528
5397
5252
5165
5254
5053
5022
4962
5008
4861
4864
4822
4782
4753
4609
4609
4577
4629
4402
4371
4315
4301
4281
4154
4128
4033
4069
3886
3843
3925
3869
3748
3754
3745
3707
3558
3559
3414
3578
3486
3396
3420
3257
3266
3122
3197
2991
3008
3005
3003
3053
2863
2814
2872
2794
2743
2709
2707
2691
2682
2552
2553
2462
2428
2420
2368
2301
2347
2364
2301
2242
2305
2243
2131
2052
2153
2157
2045
2041
1990
1995
1958
1924
1842
1838
1802
1804
1809
1771
1763
1691
1672
1650
1575
1574
1481
1546
1491
1478
1494
1469
1420
1399
1395
1393
1373
1330
1319
1268
1288
1200
1287
1216
1179
1154
1130
1217
1179
1138
1096
1059
1100
1039
1057
1064
981
966
943
928
915
900
910
872
841
860
844
853
885
872
756
760
736
763
746
729
754
728
707
796
705
667
681
679
646
658
645
621
628
626
582
582
614
580
567
542
536
512
516
473
504
516
537
532
476
496
465
490
483
433
452
436
426
410
415
436
428
442
421
422
428
399
429
368
364
380
359
382
392
372
347
334
325
361
316
335
323
331
324
305
279
295
315
292
289
269
304
256
266
279
307
266
279
270
250
235
231
270
254
223
249
229
272
239
223
228
253
253
210
211
205
206
186
225
195
195
196
225
201
180
187
195
195
214
200
193
209
181
175
182
196
196
164
180
185
174
179
198
166
200
171
179
183
179
172
168
162
174
162
192
176
157
148
147
161
147
142
136
160
158
142
158
147
120
157
131
154
153
133
127
144
138
135
145
134
133
139
158
127
143
134
168
130
126
119
108
155
122
125
127
118
127
116
114
122
131
117
118
129
122
137
108
151
121
131
131
113
134
104
130
117
115
118
104
114
116
154
123
102
135
121
98
121
124
116
120
119
112
116
133
117
126
120
96
124
115
111
122
108
111
113
118
119
103
107
101
99
114
110
123
118
112
109
123
96
103
95
99
104
96
113
112
112
91
121
99
124
106
92
89
115
111
129
115
127
94
115
111
100
93
85
105
115
91
97
94
90
103
92
111
107
97
120
97
124
107
84
97
88
104
105
82
92
96
91
102
76
80
88
96
93
89
94
103
92
105
114
78
104
106
94
73
88
80
78
85
92
86
82
105
98
92
99
85
91
80
88
75
100
79
92
83
89
80
64
83
81
94
75
67
78
79
82
69
88
70
98
82
93
78
70
67
72
78
93
75
86
102
84
95
88
75
82
72
73
68
83
76
85
85
81
72
68
88
79
64
74
67
74
86
65
78
74
77
67
53
68
56
64
63
80
64
68
65
68
78
69
65
85
73
61
82
66
77
67
82
54
66
55
85
80
70
59
66
70
73
75
77
70
72
84
77
88
67
67
45
63
69
63
82
63
74
76
47
65
78
54
50
62
73
55
73
60
68
55
56
70
54
65
62
65
48
63
62
69
70
50
50
59
69
59
71
70
64
77
66
55
69
44
58
67
48
62
70
59
55
51
46
65
57
56
56
60
80
61
60
49
71
59
61
67
45
61
52
61
55
55
46
44
69
58
51
52
43
47
53
55
50
57
57
42
55
54
59
49
45
52
46
45
63
51
57
45
51
42
43
56
56
49
53
45
46
45
57
51
59
40
56
50
45
51
56
42
45
48
60
60
49
55
55
51
46
50
47
39
43
37
50
52
55
52
55
43
51
54
52
65
53
37
43
46
49
54
63
47
41
49
41
55
57
41
44
53
48
65
44
49
41
48
60
47
47
51
53
49
50
50
39
42
43
37
39
48
34
59
42
39
56
53
49
44
37
52
43
66
43
56
34
37
47
36
50
54
51
49
49
48
32
36
37
49
40
47
47
47
57
44
35
52
54
48
49
46
48
43
37
48
50
44
37
40
36
30
37
43
32
41
36
39
38
34
39
29
39
37
56
58
47
52
54
59
40
52
44
42
37
40
37
37
54
34
43
48
33
27
50
34
49
30
43
48
39
43
32
36
31
36
35
40
42
47
28
27
37
48
32
48
37
46
41
40
49
38
41
45
49
56
31
20
42
34
36
40
32
35
35
39
37
39
34
30
36
43
50
40
27
29
35
31
45
45
35
34
37
39
30
36
43
46
49
38
32
38
38
36
39
31
49
25
31
22
32
37
37
24
39
27
29
29
35
36
41
23
35
41
24
34
49
33
43
33
33
46
47
33
38
38
55
23
47
35
41
35
40
35
41
32
29
39
39
36
33
25
37
36
29
21
21
28
44
37
26
29
42
25
41
25
39
33
25
25
19
33
29
35
21
23
24
29
22
25
37
27
29
25
22
30
34
29
32
24
29
18
23
35
26
32
35
38
24
22
20
23
18
30
30
22
30
29
28
24
21
13
18
21
35
19
24
26
23
30
11
34
32
23
21
21
25
19
22
23
25
24
27
25
24
16
26
23
23
27
12
24
20
15
20
22
18
18
25
18
19
16
26
16
25
17
21
21
19
23
30
22
22
20
24
17
12
19
20
16
19
16
21
20
27
21
25
16
13
25
19
20
17
16
8
11
9
13
17
13
22
15
20
19
10
19
9
15
16
12
18
14
12
12
17
12
15
18
13
15
10
13
18
21
11
17
22
25
22
17
10
17
14
13
11
5
9
14
18
14
8
10
11
12
12
15
13
15
13
10
10
11
7
11
9
15
8
10
11
7
14
6
10
12
8
8
11
7
10
8
6
9
5
6
7
7
11
7
8
12
5
8
9
10
5
9
9
9
8
4
14
12
8
6
9
8
11
8
9
10
6
4
4
6
5
8
8
6
11
9
11
9
4
2
5
3
6
8
9
6
2
5
2
7
8
6
2
5
3
5
2
2
6
10
6
3
5
3
4
3
1
4
2
4
2
4
6
8
5
2
6
8
0
3
0
2
1
3
4
2
6
4
4
3
3
4
0
2
4
2
3
4
5
5
2
4
2
3
2
2
1
0
3
4
8
2
3
6
1
2
4
1
4
2
2
4
2
1
1
3
3
2
1
2
6
0
3
4
3
0
5
1
3
1
1
2
2
1
3
0
2
2
1
0
3
0
4
8
0
0
3
3
0
4
2
1
1
1
0
4
1
1
2
2
1
3
0
5
2
0
1
1
0
1
0
0
2
1
1
1
0
1
4
2
4
3
0
0
0
1
4
1
0
1
2
2
2
0
1
0
1
2
0
0
2
0
1
1
2
1
0
1
1
2
1
1
2
3
1
4
0
3
0
0
2
1
1
1
1
0
1
3
0
1
1
1
1
1
1
0
2
1
1
0
1
1
0
0
0
1
0
2
0
0
0
1
0
0
2
0
0
2
0
0
2
0
0
2
1
0
1
0
0
0
2
0
0
1
0
2
1
1
0
3
1
0
0
1
0
1
1
0
0
0
0
2
0
0
0
2
0
1
0
0
1
0
0
1
0
0
3
2
1
1
1
1
0
0
1
2
0
1
0
1
0
1
0
2
0
0
0
1
1
0
0
0
0
0
0
0
1
2
0
1
0
1
2
0
1
0
0
1
1
0
0
3
0
1
0
1
0
0
1
0
1
2
0
0
0
1
1
1
0
1
0
2
0
0
0
0
1
3
0
1
1
0
0
1
1
0
0
0
0
1
0
0
0
0
0
0
0
1
0
1
0
0
0
0
0
0
0
1
0
1
0
0
0
0
0
0
1
1
1
0
0
0
0
0
1
0
0
0
0
2
0
0
1
1
2
1
0
0
0
1
0
0
0
0
0
0
0
0
0
1
0
0
0
2
1
0
0
0
0
1
0
0
0
1
0
0
0
1
1
0
0
0
0
0
0
0
0
1
0
0
1
0
1
0
1
0
0
0
0
1
0
0
0
0
1
2
0
0
0
0
0
0
1
0
1
0
0
0
0
1
1
0
0
1
0
0
0
0
0
1
0
0
1
0
0
2
0
3
1
0
1
0
2
0
2
0
0
0
0
0
0
1
2
0
0
0
1
0
0
1
0
0
0
0
0
0
0
0
1
0
1
0
0
0
2
0
0
0
1
0
0
0
1
1
0
2
0
0
0
2
0
0
1
0
1
0
1
1
0
0
1
1
0
0
1
1
0
1
0
0
1
0
0
0
0
0
1
0
1
0
0
1
1
1
1
0
1
0
0
0
0
0
1
0
1
0
0
0
1
0
0
0
1
0
2
1
0
0
0
0
0
0
0
0
2
0
0
0
2
0
0
2
0
0
0
0
0
0
1
0
0
1
1
0
1
0
0
0
0
1
0
0
0
0
0
0
0
0
0
0
2
2
0
0
0
0
0
0
0
0
0
0
1
0
0
0
0
0
0
0
0
0
1
0
0
0
0
1
0
1
0
1
1
1
0
1
0
1
1
0
2
0
0
0
0
0
0
0
0
2
0
0
0
0
0
1
0
0
1
1
0
0
0
0
0
0
2
0
0
1
0
0
0
0
0
0
1
0
0
0
0
0
1
0
0
1
0
0
0
0
0
0
0
0
0
1
1
0
0
1
0
0
0
0
1
0
0
0
0
0
0
0
0
1
0
0
1
1
1
0
1
0
0
0
0
0
0
0
0
0
0
0
0
0
0
0
1
1
0
1
0
0
0
0
0
1
0
0
0
0
0
0
1
1
0
0
0
0
0
0
0
1
0
0
0
0
1
0
0
0
0
0
0
2
0
0
0
0
0
0
0
0
1
0
0
0
0
1
0
0
0
0
0
0
0
0
1
0
0
1
0
0
1
0
1
0
0
0
0
1
2
1
0
0
0
0
1
0
0
1
0
0
0
0
0
0
0
0
0
0
0
0
0
0
1
0
1
0
0
0
0
0
0
1
0
0
0
0
0
1
0
0
0
0
0
0
0
0
0
0
0
0
0
0
0
0
0
0
0
0
0
0
1
0
0
0
0
0
0
0
0
0
0
0
0
0
1
1
0
0
0
0
0
0
1
2
0
0
0
0
0
0
0
0
0
0
0
0
0
0
0
0
0
1
0
0
0
0
0
0
0
0
0
0
0
0
0
0
1
0
2
0
0
0
1
0
0
0
0
0
0
1
0
1
0
0
0
0
0
0
1
0
0
0
0
0
0
0
0
0
0
0
0
1
0
0
0
0
1
0
0
0
0
0
0
0
0
0
0
0
0
0
0
0
0
0
0
0
0
0
0
0
0
0
0
0
0
0
0
1
0
0
0
0
0
0
0
0
0
1
0
0
0
1
0
0
0
0
0
0
0
0
0
0
0
0
0
0
0
0
0
0
0
0
0
0
0
0
0
0
0
0
0
0
0
0
1
0
0
0
0
0
0
0
0
0
0
0
0
0
0
0
0
0
0
0
0
0
0
0
0
0
0
0
0
0
0
0
0
0
0
0
0
0
0
0
0
0
0
0
0
0
0
0
0
1
0
0
0
0
0
0
0
0
0
0
0
0
0
0
0
0
0
1
0
0
0
0
0
0
0
0
0
0
0
0
0
0
0
0
0
0
0
0
0
0
0
0
0
0
0
0
0
0
0
0
0
0
0
0
0
0
0
0
0
0
0
0
0
0
0
0
0
0
0
0
0
0
0
0
0
0
0
0
0
0
0
0
0
0
0
0
0
0
0
0
0
0
0
0
0
0
0
0
0
0
0
0
0
0
0
0
0
0
0
0
0
0
0
0
0
0
0
0
0
0
0
0
0
0
0
0
0
0
0
0
0
0
0
0
0
0
0
0
0
0
0
0
0
0
0
0
0
0
0
0
0
0
0
0
0
0
0
0
0
0
0
0
0
0
0
0
0
0
0
0
0
0
0
0
0
0
0
0
0
1
0
0
0
0
0
0
0
0
0
0
0
0
0
0
0
1
0
0
0
0
0
0
0
0
0
0
0
0
0
0
0
0
0
0
0
0
0
0
0
0
0
0
0
0
0
0
0
0
0
0
0
0
0
0
0
0
0
0
0
0
0
0
0
0
0
0
0
0
0
0
0
0
0
0
0
0
0
0
0
0
0
1
0
0
0
0
0
0
0
0
0
0
0
0
0
0
0
0
0
0
0
0
0
0
0
0
0
0
0
0
1
0
0
0
0
0
0
0
0
0
0
0
0
0
0
0
0
0
0
0
0
0
0
0
0
0
0
0
0
0
0
0
0
0
0
0
0
0
0
0
0
0
0
0
0
0
0
0
0
0
0
0
0
0
0
0
0
0
0
1
0
0
0
0
0
0
0
0
0
0
0
0
0
0
0
0
0
0
0
0
0
0
0
0
0
0
0
0
0
0
0
0
0
0
0
0
0
0
0
0
0
0
0
0
0
0
0
0
0
0
0
0
0
0
0
0
0
0
0
0
0
0
0
0
0
0
0
0
0
0
0
0
0
0
0
0
0
0
0
0
0
0
0
1
0
0
0
0
0
0
0
0
0
0
0
0
0
0
0
0
0
0
0
0
0
0
0
0
0
0
0
0
0
0
0
0
0
0
0
0
0
0
0
0
0
0
0
0
0
0
0
0
0
0
0
0
0
0
0
0
0
0
0
0
0
0
0
0
0
0
0
0
0
0
0
0
0
0
0
0
0
0
0
0
1
0
0
0
0
1
0
0
1
0
0
0
0
0
0
0
0
0
0
0
0
0
0
0
0
0
0
0
0
0
0
0
0
0
0
0
0
0
0
0
0
0
0
0
0
0
0
0
0
0
0
0
0
0
0
0
0
0
0
0
0
0
0
0
0
0
0
0
0
0
0
0
0
0
0
0
0
0
0
0
0
0
0
0
0
0
0
0
0
0
0
0
0
0
0
0
0
0
0
0
0
0
0
0
0
0
0
0
0
0
0
0
0
0
0
0
0
0
0
0
0
0
0
0
0
0
0
0
0
0
0
0
0
0
0
0
0
0
0
0
0
0
0
0
0
0
0
0
0
0
0
0
0
0
0
0
0
0
0
0
0
0
0
0
0
0
0
0
0
0
0
0
0
0
0
0
0
0
0
0
0
0
0
0
0
0
0
0
0
0
0
0
0
0
0
0
0
0
0
0
0
0
0
0
0
0
0
0
0
0
0
0
0
0
0
0
0
0
0
0
0
0
0
0
0
0
0
0
0
0
0
0
0
0
0
0
0
0
0
0
0
0
0
0
0
0
0
0
0
0
0
0
0
0
0
0
0
0
0
0
0
0
0
0
0
0
0
0
0
0
0
0
0
0
0
0
0
0
0
0
0
0
0
0
0
0
0
0
0
0
0
0
0
0
0
0
0
0
0
0
1
0
0
0
0
0
0
0
0
0
0
0
0
0
0
0
0
0
0
0
0
0
0
0
0
0
0
0
0
0
0
0
0
0
0
0
0
0
0
0
0
0
0
0
0
0
0
0
0
0
0
0
0
0
0
0
0
0
0
0
0
0
0
0
0
0
0
0
1
0
0
0
0
0
0
0
0
0
0
0
0
0
0
0
0
0
0
0
0
0
0
0
0
0
0
0
0
0
0
0
0
0
0
0
0
0
0
0
0
0
0
0
0
0
0
0
0
0
0
0
0
0
0
0
0
0
0
0
0
0
0
0
0
0
0
0
0
0
0
0
0
0
0
0
0
0
0
0
0
0
0
0
0
0
0
0
0
0
0
0
0
0
0
0
0
0
0
0
0
0
0
0
0
0
0
0
0
0
0
0
0
0
0
0
0
0
0
0
0
0
0
0
0
0
0
0
0
0
0
0
0
0
0
0
0
0
0
0
0
0
0
0
0
0
0
0
0
0
0
0
0
0
0
0
0
0
0
0
0
0
0
0
0
0
0
0
0
0
0
0
0
0
0
0
0
0
0
0
0
0
0
0
0
0
0
0
0
0
0
0
0
1
0
0
0
0
0
0
0
0
0
0
0
0
0
0
0
0
0
0
0
0
0
0
0
0
0
0
0
0
0
0
0
0
0
0
0
0
0
0
0
0
0
0
0
0
0
0
0
0
0
0
0
0
0
0
0
0
0
0
0
0
0
0
0
0
0
0
0
0
0
0
0
0
0
0
0
0
0
0
0
0
0
0
0
0
0
0
0
0
0
0
0
0
0
0
0
0
0
0
0
0
0
0
0
0
0
0
0
0
0
0
0
0
0
0
0
0
0
0
0
0
0
0
0
0
0
0
0
0
0
0
0
0
0
0
0
0
0
0
0
0
0
0
0
0
0
0
0
0
0
0
0
0
0
0
0
0
0
0
0
0
0
0
0
0
0
0
0
0
0
0
0
0
0
0
0
0
0
0
0
0
0
0
0
0
0
0
0
0
0
0
0
0
0
0
0
0
0
0
0
0
0
0
0
0
0
0
0
0
0
0
0
0
0
0
0
0
0
0
0
0
0
0
0
0
0
0
0
0
0
0
0
0
0
0
0
0
0
0
0
0
0
0
0
0
0
0
0
0
0
0
0
0
0
0
0
0
0
0
0
0
0
0
0
0
0
0
0
0
0
0
0
0
0
0
0
0
0
0
0
0
0
0
0
0
0
0
0
0
0
0
0
0
0
0
0
0
0
0
0
0
0
0
0
0
0
0
0
0
0
0
0
0
0
0
0
0
0
0
0
0
0
0
0
0
0
0
0
0
0
0
0
0
0
0
0
0
0
0
0
0
0
0
0
0
0
0
0
0
0
0
0
0
0
0
0
0
0
0
0
0
0
0
0
0
0
0
0
0
0
0
0
0
0
0
0
0
0
0
0
0
0
0
0
0
0
0
0
0
0
0
0
0
0
0
0
0
0
0
0
0
0
0
0
0
0
0
0
0
0
0
0
0
0
0
0
0
0
0
0
0
0
0
0
0
0
0
0
0
0
0
0
0
0
0
0
0
0
0
0
0
0
0
0
0
0
0
0
0
0
0
0
0
0
0
0
0
0
0
0
0
0
0
0
0
0
0
0
0
0
0
0
0
0
0
0
0
0
0
0
0
0
0
0
0
0
0
0
0
0
0
0
0
0
0
0
0
0
0
0
0
0
0
0
0
0
0
0
0
0
0
0
0
0
0
0
0
0
0
0
0
0
0
0
0
0
0
0
0
0
0
0
0
0
0
0
0
0
0
0
0
0
0
0
0
0
0
0
0
0
0
0
0
0
0
0
0
0
0
0
0
0
0
0
0
0
0
0
0
0
0
0
0
0
0
0
0
0
0
0
0
0
0
0
0
0
0
0
0
0
0
0
0
0
0
0
0
0
0
0
0
0
0
0
0
0
0
0
0
0
0
0
0
0
0
0
0
0
0
0
0
0
0
0
0
0
0
0
0
0
0
0
0
0
0
0
0
0
0
0
0
0
0
0
0
0
0
0
0
0
0
0
0
0
0
0
0
0
0
0
0
0
0
0
0
0
0
0
0
0
0
0
0
0
0
0
0
0
0
0
0
0
0
0
0
0
0
0
0
0
0
0
0
0
0
0
0
0
0
0
0
0
0
0
0
0
0
0
0
1
0
0
0
0
0
0
0
0
0
0
0
0
0
0
0
0
0
0
0
0
0
0
0
0
0
0
0
0
0
0
0
0
0
0
0
0
0
0
0
0
0
0
0
0
0
0
0
0
0
0
0
0
0
0
0
0
0
0
0
0
0
0
0
0
0
0
0
0
0
0
0
0
0
0
0
0
0
0
0
0
0
0
0
0
0
0
0
0
0
0
0
0
0
0
0
0
0
0
0
0
0
0
0
0
0
0
0
0
0
0
0
0
0
0
0
0
0
0
0
0
0
0
0
0
0
0
0
0
0
0
0
0
0
0
0
0
0
0
0
0
0
0
0
0
0
0
0
0
0
0
0
0
0
0
0
0
0
0
0
0
0
0
0
0
0
0
1
0
0
0
0
0
0
0
0
0
0
0
0
0
0
0
0
0
0
0
0
0
0
0
0
0
0
0
0
0
0
0
0
1
0
0
0
0
0
0
0
0
0
0
0
0
0
0
0
0
0
0
0
0
0
0
0
0
0
0
0
0
0
0
0
0
0
0
0
0
0
0
0
0
0
0
0
0
0
0
0
0
0
0
0
0
0
0
0
0
0
0
0
0
0
0
0
0
0
0
0
0
0
0
0
0
0
0
0
0
0
0
0
0
0
0
0
0
0
0
0
0
0
0
0
0
0
0
0
0
0
0
0
0
0
0
0
0
0
0
0
0
0
0
0
0
0
0
0
0
0
0
0
0
0
0
0
0
0
0
0
0
0
0
0
0
0
0
0
0
0
0
0
0
0
0
0
0
0
0
0
0
0
0
0
0
0
0
0
0
0
0
0
0
0
0
0
0
0
0
0
0
0
0
0
0
0
0
0
0
0
0
0
0
0
0
0
0
0
0
0
0
0
0
0
0
0
0
0
0
0
0
0
0
0
0
0
0
0
0
0
0
0
0
0
0
0
0
0
0
0
0
0
0
0
0
0
0
0
0
0
0
0
0
0
0
0
0
0
0
0
0
0
0
0
0
0
0
0
0
0
0
0
0
0
0
0
0
0
0
0
0
0
0
0
0
0
0
0
0
0
0
0
0
0
0
0
0
0
0
0
0
0
0
0
0
0
0
0
0
0
0
0
0
0
0
0
0
0
0
0
0
0
0
0
0
0
0
0
0
0
0
0
0
0
0
0
0
0
0
0
0
0
0
0
0
0
0
0
0
0
0
0
0
0
0
0
0
0
0
0
0
0
0
0
0
0
0
0
0
0
0
0
0
0
0
0
0
0
0
0
0
0
0
0
0
0
0
0
0
0
0
0
0
0
0
1
0
0
0
0
0
0
0
0
0
0
0
0
0
0
0
0
0
0
0
0
0
0
0
0
0
0
0
0
0
0
0
0
0
0
0
0
0
0
0
0
0
0
0
0
0
0
0
0
0
0
0
0
0
0
0
0
0
0
0
0
0
0
0
0
0
0
0
0
0
0
0
0
0
0
0
0
0
0
0
0
0
0
0
0
0
0
0
0
0
0
0
0
0
0
0
0
0
0
0
0
0
0
0
0
0
0
0
0
0
0
0
0
0
0
0
0
0
0
0
0
0
0
0
0
0
0
0
0
0
0
0
0
0
0
0
0
1
0
1
0
0
0
0
0
0
0
0
0
0
0
0
0
0
0
0
0
0
0
0
0
0
0
0
0
0
0
0
0
0
0
0
0
0
0
0
0
0
0
0
0
0
0
0
0
0
0
0
0
0
0
0
0
0
0
0
0
0
0
0
0
0
0
0
0
0
0
0
0
0
0
0
0
0
0
0
0
0
0
0
0
0
0
0
0
0
0
0
0
0
0
0
0
0
0
0
0
0
0
0
0
0
0
0
0
0
0
0
0
0
0
0
0
0
0
0
0
0
0
0
0
0
0
0
0
0
0
0
0
0
0
0
0
0
0
0
0
0
0
0
0
0
0
0
0
0
0
0
0
0
0
0
0
0
0
0
0
0
0
0
0
0
0
0
0
0
0
0
0
0
0
0
0
0
0
0
0
0
0
0
0
0
0
0
0
0
0
0
0
0
0
0
0
0
0
0
0
0
0
0
0
0
0
0
0
0
0
0
0
0
0
0
0
0
0
0
0
0
0
0
0
0
0
0
0
0
0
0
0
0
0
0
0
0
0
0
0
0
0
0
0
0
0
0
0
0
0
0
0
0
0
0
0
0
0
0
0
0
0
0
0
0
0
0
0
0
0
0
0
0
0
0
0
0
0
0
0
0
0
0
0
0
0
0
0
0
0
0
0
0
0
0
0
0
0
0
0
0
0
0
0
0
0
0
0
0
0
0
0
0
0
0
0
0
0
0
0
0
0
0
0
0
0
0
0
0
0
0
0
0
0
0
0
0
0
0
0
0
0
0
0
0
0
0
1
0
0
0
0
0
0
0
0
0
0
0
0
0
0
0
0
0
0
0
0
0
0
0
0
0
0
0
0
0
0
0
0
0
0
0
0
0
0
0
0
0
0
0
0
0
0
0
0
0
0
0
0
0
0
0
0
0
0
0
0
0
0
0
0
0
0
0
0
0
0
0
0
0
0
0
0
0
0
0
0
0
0
0
0
0
0
0
0
0
0
0
0
0
0
0
0
0
0
0
0
0
0
0
0
0
0
0
0
0
0
0
0
0
0
0
0
0
0
0
0
0
0
0
0
0
0
0
0
0
0
0
0
0
0
0
0
0
0
0
0
0
0
0
0
0
0
0
0
0
0
0
0
0
0
0
0
0
0
0
0
0
0
0
0
0
0
0
0
0
0
0
0
0
0
0
0
0
0
0
0
0
0
0
0
0
0
0
0
0
0
0
0
0
0
0
0
0
0
0
0
0
0
0
0
0
0
0
0
0
0
0
0
0
0
0
0
0
0
0
0
0
0
0
0
0
0
0
0
0
0
0
0
0
0
0
0
0
0
0
0
0
0
0
0
0
0
0
0
0
0
0
0
0
0
0
0
0
0
0
0
0
0
0
0
0
0
0
0
0
0
0
0
0
0
0
0
0
0
0
0
0
0
0
0
0
0
0
0
0
0
0
0
0
0
0
0
0
0
0
0
0
0
0
0
0
0
0
0
0
0
0
0
0
0
0
0
0
0
0
0
0
0
0
0
0
0
0
0
0
0
0
0
0
0
0
0
0
0
0
0
0
0
0
0
0
0
0
0
0
0
0
0
0
0
0
0
0
0
0
0
0
0
0
0
0
0
0
0
0
0
0
0
0
0
0
0
0
0
0
0
0
0
0
0
0
0
0
0
0
0
0
0
0
0
0
0
0
0
0
0
0
0
0
0
0
0
0
0
0
0
0
0
0
0
0
0
0
0
0
0
0
0
0
0
0
0
0
0
0
0
0
0
0
0
0
0
0
0
0
0
0
0
0
0
0
0
0
0
0
0
0
0
0
0
0
0
0
0
0
0
0
0
0
0
0
0
0
0
0
0
0
0
0
0
0
0
0
0
0
0
0
0
0
0
0
0
0
0
0
0
0
0
0
0
0
0
0
0
0
0
0
0
0
0
0
0
0
0
0
0
0
0
0
0
0
0
0
0
0
0
0
0
0
0
0
0
0
0
0
0
0
0
0
0
0
0
0
0
0
0
0
0
0
0
0
0
0
0
0
0
0
0
0
0
0
0
0
0
0
0
0
0
0
0
0
0
0
0
0
0
0
0
0
0
0
0
0
0
0
0
0
0
0
0
0
0
0
0
0
0
0
0
0
0
0
0
0
0
0
0
0
0
0
0
0
0
0
0
0
0
0
0
0
0
0
0
0
0
0
0
0
0
0
0
0
0
0
0
0
0
0
0
0
0
0
0
0
0
0
0
0
0
0
0
0
0
0
0
0
0
0
0
0
0
0
0
0
0
0
0
0
0
0
0
0
0
0
0
0
0
0
0
0
0
0
0
0
0
0
0
0
0
0
0
0
0
0
0
0
0
0
0
0
0
0
0
0
0
0
0
0
0
0
0
0
0
0
0
0
0
0
0
0
0
0
0
0
0
0
0
0
0
0
0
0
0
0
0
0
0
0
0
0
0
0
0
0
0
0
0
0
0
0
0
0
0
0
0
0
0
0
0
0
0
0
0
0
0
0
0
0
0
0
0
0
0
0
0
0
0
0
0
0
0
0
0
0
0
0
0
0
0
0
0
0
0
0
0
0
0
0
0
0
0
0
0
0
0
0
0
0
0
0
0
0
0
0
0
0
0
0
0
0
0
0
0
0
0
0
0
0
0
0
0
0
0
0
0
0
0
0
0
0
0
0
0
0
0
0
0
0
0
0
0
0
0
0
0
0
0
0
0
0
0
0
0
0
0
0
0
0
0
0
0
0
0
0
0
0
0
0
0
0
0
0
0
0
0
0
0
0
0
0
0
0
0
0
0
0
0
0
0
0
0
0
0
0
0
0
0
0
0
0
0
0
0
0
0
0
0
0
0
0
0
0
0
0
0
0
0
0
0
0
0
0
0
0
0
0
0
0
0
0
0
0
0
0
0
0
0
0
0
0
0
0
0
0
0
0
0
0
0
0
0
0
0
0
0
0
0
0
0
0
0
0
0
0
0
0
0
0
0
0
0
0
0
0
0
0
0
0
0
0
0
0
0
0
0
0
0
0
0
0
0
0
0
0
0
0
0
0
0
0
0
0
0
0
0
0
0
0
0
0
0
0
0
0
0
0
0
0
0
0
0
0
0
0
0
0
0
0
0
0
0
0
0
0
0
0
0
0
0
0
0
0
0
0
0
0
0
0
0
0
0
0
0
0
0
0
0
0
0
0
0
0
0
0
0
0
0
0
0
0
0
0
0
0
0
0
0
0
0
0
0
0
0
0
0
0
0
0
0
0
0
0
0
0
0
0
0
0
0
0
0
0
0
0
0
0
0
0
0
0
0
0
0
0
0
0
0
0
0
0
0
0
0
0
0
0
0
0
0
0
0
0
0
0
0
0
0
0
0
0
0
0
0
0
0
0
0
0
0
0
0
0
0
0
0
0
0
0
0
0
0
0
0
0
0
0
0
0
0
0
0
0
0
0
0
0
0
0
0
0
0
0
0
0
0
0
0
0
0
0
0
0
0
0
0
0
0
0
0
0
0
0
0
0
0
0
0
0
0
0
0
0
0
0
0
0
0
0
0
0
0
0
0
0
0
0
0
0
0
0
0
0
0
0
0
0
0
0
0
0
0
0
0
0
0
0
0
0
0
0
0
0
0
0
0
0
0
0
0
0
0
0
0
0
0
0
0
0
0
0
0
0
0
0
0
0
0
0
0
0
0
0
0
0
0
0
0
0
0
0
0
0
0
0
0
0
0
0
0
0
0
0
0
0
0
0
0
0
0
0
0
0
0
0
0
0
0
0
0
0
0
0
0
0
0
0
0
0
0
0
0
0
0
0
0
0
0
0
0
0
0
0
0
0
0
0
0
0
0
0
0
0
0
0
0
0
0
0
0
0
0
0
0
0
0
0
0
0
0
0
0
0
0
0
0
0
0
0
0
0
0
0
0
0
0
0
0
0
0
0
0
0
0
0
0
0
0
0
0
0
0
0
0
0
0
0
0
0
0
0
0
0
0
0
0
0
0
0
0
0
0
0
0
0
0
0
0
0
0
0
0
0
0
0
0
0
0
0
0
0
0
0
0
0
0
0
0
0
0
0
0
0
0
0
0
0
0
0
0
0
0
0
0
0
0
0
0
0
0
0
0
0
0
0
0
0
0
0
0
0
0
0
0
0
0
0
0
0
0
0
0
0
0
0
0
0
0
0
0
0
0
0
0
0
0
0
0
0
0
0
0
0
0
0
0
0
0
0
0
0
0
0
0
0
0
0
0
0
0
0
0
0
0
0
0
0
0
0
0
0
0
0
0
0
0
0
0
0
0
0
0
0
0
0
0
0
0
0
0
0
0
0
0
0
0
0
0
0
0
0
0
0
0
0
0
0
0
0
0
0
0
0
0
0
0
0
0
0
0
0
0
0
0
0
0
0
0
0
0
0
0
0
0
0
0
0
0
0
0
0
0
0
0
0
0
0
0
0
0
0
0
0
0
0
0
0
0
0
0
0
0
0
0
0
0
0
0
0
0
0
0
0
0
0
0
0
0
0
0
0
0
0
0
0
0
0
0
0
0
0
0
0
0
0
0
0
0
0
0
0
0
0
0
0
0
0
0
0
0
0
0
0
0
0
0
0
0
0
0
0
0
0
0
0
0
0
0
0
0
0
0
0
0
0
0
0
0
0
0
0
0
0
0
0
0
0
0
0
0
0
0
0
0
0
0

