0
0
0
0
0
0
0
0
0
0
0
0
0
0
0
0
0
0
0
0
0
0
0
0
0
0
0
0
0
0
0
0
0
0
0
0
0
0
0
0
0
0
0
0
0
0
0
0
0
0
0
0
0
0
0
0
0
0
0
0
0
0
0
0
0
0
0
0
0
0
0
0
0
0
0
0
0
0
0
0
0
0
0
0
0
0
0
0
0
0
0
0
0
0
0
0
0
0
0
0
0
0
0
0
0
0
0
0
0
0
0
0
0
0
0
0
0
0
0
0
0
0
0
0
0
0
0
0
0
0
0
0
0
0
0
0
0
0
0
0
0
0
0
0
0
0
0
0
0
0
0
0
0
0
0
0
0
0
0
0
0
0
0
0
0
0
0
0
0
0
0
0
0
0
0
0
0
0
0
0
0
0
0
0
0
0
0
0
0
0
0
0
0
0
0
0
0
0
0
0
0
0
0
0
0
0
0
0
0
0
0
0
0
0
0
0
0
0
0
0
0
0
0
0
0
0
0
0
0
0
0
0
0
0
0
0
0
0
0
0
0
0
0
0
0
0
0
0
0
0
0
0
0
0
0
0
0
0
0
0
0
0
0
0
0
0
0
0
0
0
0
0
0
0
0
0
0
0
0
0
0
0
0
0
0
0
0
0
0
0
0
0
0
0
0
0
0
0
0
0
0
0
0
0
0
0
0
0
0
0
0
0
0
0
0
0
0
0
0
0
0
0
0
0
0
0
0
0
0
0
0
0
0
0
0
0
0
0
0
0
0
0
0
0
0
0
0
0
0
0
0
0
0
0
0
0
0
0
0
0
0
0
0
0
0
0
0
0
0
0
0
0
0
0
0
0
0
0
0
0
0
0
0
0
0
0
0
0
0
0
0
0
0
0
0
0
0
0
0
0
0
0
0
0
0
0
0
0
0
0
0
0
0
0
0
0
0
0
0
0
0
0
0
0
0
0
0
0
0
0
0
0
0
0
0
0
0
0
0
0
0
0
0
0
0
0
0
0
0
0
0
0
0
0
0
0
0
0
0
0
0
0
0
0
0
0
0
0
0
0
0
0
0
0
0
0
0
0
0
0
0
0
0
0
0
0
0
0
0
0
0
0
0
0
0
0
0
0
0
0
0
0
0
0
0
0
0
0
0
0
0
0
0
0
0
0
0
0
0
0
0
0
0
0
0
0
0
0
0
0
0
0
0
0
0
0
0
0
0
0
0
0
0
0
0
0
0
0
0
0
0
0
0
0
0
0
0
0
0
0
0
0
0
0
0
0
0
0
0
0
0
0
0
0
0
0
0
0
0
0
0
0
0
0
0
0
0
0
0
0
0
0
0
0
0
0
0
0
0
0
0
0
0
0
0
0
0
0
0
0
0
0
0
0
0
0
0
0
0
0
0
0
0
0
0
0
0
0
0
0
0
0
0
0
0
0
0
0
0
0
0
0
0
0
0
0
0
0
0
0
0
0
0
0
0
0
0
0
0
0
0
0
0
0
0
0
0
0
0
0
0
0
0
0
0
0
0
0
0
0
0
0
0
0
0
0
0
0
0
0
0
0
0
0
0
0
0
0
0
0
0
0
0
0
0
0
0
0
0
0
0
0
0
0
0
0
0
0
0
0
0
0
0
0
0
0
0
0
0
0
0
0
0
0
0
0
0
0
0
0
0
0
0
0
0
0
0
0
0
0
0
0
0
0
0
0
0
0
0
0
0
0
0
0
0
0
0
0
0
0
0
0
0
0
0
0
0
0
0
0
0
0
0
0
0
0
0
0
0
0
0
0
0
0
0
0
0
0
0
0
0
0
0
0
0
0
0
0
0
0
0
0
0
0
0
0
0
0
0
0
0
0
0
0
0
0
0
0
0
0
0
93
96
81
90
84
74
89
115
83
79
85
101
73
84
77
96
90
81
88
91
73
88
91
94
101
84
79
98
88
110
95
81
75
86
83
93
90
104
86
94
101
97
111
87
103
93
83
99
76
104
91
80
105
76
105
91
91
90
84
100
97
93
80
98
90
101
79
88
83
90
85
98
81
101
90
110
91
104
91
110
97
125
93
95
105
104
116
98
100
109
99
97
104
116
109
101
115
95
111
84
104
101
100
101
113
98
109
100
107
116
110
104
113
118
119
113
121
114
115
116
107
115
110
113
101
113
115
126
110
100
105
90
115
99
135
124
102
126
109
114
127
102
120
128
141
124
119
115
126
142
115
123
115
135
141
120
134
136
126
130
121
133
145
113
159
121
149
133
121
118
132
106
164
135
124
155
144
132
136
152
125
145
142
135
139
131
123
151
121
150
149
151
153
143
115
151
141
150
144
142
129
137
130
131
153
154
142
143
163
158
168
162
174
153
164
166
158
159
172
144
147
159
182
143
154
177
172
156
157
160
177
168
156
144
127
173
181
165
151
180
141
161
171
169
179
167
166
149
178
194
189
178
177
176
169
161
177
183
180
162
186
158
186
188
183
191
173
187
198
166
204
189
197
170
183
172
187
184
200
198
195
189
205
218
172
202
171
182
181
191
206
186
179
190
174
228
203
201
218
175
227
202
207
190
226
202
187
203
215
195
195
197
200
203
198
198
186
196
193
195
213
225
190
229
202
212
217
208
179
194
200
199
203
188
203
192
228
197
193
214
176
221
208
194
214
201
187
183
172
218
196
195
203
208
229
208
216
209
211
211
196
249
216
220
218
211
209
216
218
209
213
226
205
197
208
199
230
202
197
219
203
217
230
221
230
241
218
202
196
204
192
232
201
212
215
231
192
202
205
169
201
218
203
215
213
202
216
235
213
211
249
204
216
207
211
217
240
196
188
220
223
200
229
216
249
217
230
173
208
209
218
211
203
213
217
205
196
187
185
211
197
213
179
218
197
193
187
190
194
208
191
189
201
206
159
180
202
185
208
189
205
218
200
181
162
188
180
187
192
197
187
184
190
191
193
184
172
188
184
198
211
194
174
200
175
185
174
201
172
200
185
182
160
169
172
197
187
173
191
165
183
150
193
177
161
196
164
191
176
181
199
174
175
173
156
165
177
163
170
195
189
195
183
159
187
195
177
155
204
178
185
188
172
169
153
164
193
161
168
154
177
184
159
171
173
166
170
175
153
156
161
168
169
149
158
187
146
185
182
148
172
182
145
168
146
170
158
142
147
155
170
169
150
153
150
167
158
161
188
138
176
172
158
151
141
157
165
161
171
159
166
172
150
148
171
152
142
143
161
158
155
158
147
153
128
154
165
151
160
149
143
146
150
143
153
122
171
160
157
145
147
127
144
142
142
126
156
134
144
148
135
137
142
116
139
140
151
139
153
155
159
125
151
151
139
129
143
142
128
147
139
151
143
139
134
165
141
148
167
142
133
159
142
155
144
150
151
140
160
135
153
149
137
159
162
119
157
142
140
159
143
132
137
141
164
126
142
154
151
113
148
168
135
144
132
146
131
150
159
154
152
141
123
172
136
143
155
114
133
133
145
151
150
146
121
149
145
127
141
152
139
168
154
159
144
157
143
154
150
154
153
129
144
150
162
142
135
129
121
161
154
149
150
146
141
143
151
143
151
152
143
133
160
142
154
150
145
146
159
157
153
149
167
160
160
139
137
163
166
150
142
151
153
159
152
141
152
166
154
159
139
171
167
170
154
157
173
144
150
154
174
162
161
131
139
143
153
159
144
170
168
175
129
144
167
155
133
159
145
179
136
182
168
160
152
151
162
163
161
151
160
175
156
160
188
154
153
159
142
146
133
150
163
174
159
166
156
171
142
148
170
177
167
167
184
150
176
150
172
180
173
173
173
172
180
165
176
174
149
167
178
165
168
184
191
194
187
195
176
171
182
162
196
168
215
165
192
185
184
169
157
158
167
194
179
182
189
205
182
202
204
196
193
193
166
179
210
180
168
154
189
185
190
163
193
189
183
191
177
178
193
153
195
190
214
190
199
147
202
200
211
182
205
209
218
196
185
193
173
180
176
193
231
200
210
187
215
194
195
204
217
197
200
204
220
180
221
233
202
195
217
200
200
192
212
205
254
208
198
239
226
202
218
194
215
206
199
212
212
200
188
198
209
203
224
200
223
217
235
255
199
203
228
245
204
214
246
252
211
222
232
220
221
212
233
248
229
221
239
236
218
201
237
218
225
211
210
251
273
242
272
192
251
227
232
237
260
257
246
259
263
280
259
248
254
249
255
245
245
249
243
250
262
269
251
249
252
230
241
281
276
252
269
232
271
261
233
304
271
261
231
248
284
247
283
248
273
264
258
268
270
284
245
256
282
284
305
262
274
263
302
291
293
289
300
300
328
300
302
295
301
288
277
306
319
291
328
311
273
274
325
283
285
274
298
306
296
318
293
286
295
307
289
315
309
291
335
333
284
317
373
341
350
332
324
331
323
349
333
312
322
358
347
314
326
339
328
301
338
360
337
366
324
358
340
341
357
358
338
360
361
360
354
383
393
382
384
401
399
377
376
375
377
381
408
360
387
345
372
427
352
379
379
390
446
401
382
408
422
423
405
422
434
411
430
388
405
434
433
415
516
443
462
419
451
455
459
459
414
478
452
427
424
463
447
476
446
449
504
508
502
468
480
496
434
499
469
512
474
511
479
466
468
493
522
535
532
505
499
508
530
531
529
535
488
514
534
500
494
525
509
519
571
561
530
532
575
549
559
553
514
524
525
552
554
565
552
585
656
578
571
538
576
586
589
596
562
605
517
587
595
624
568
654
633
613
622
645
596
617
643
600
646
611
586
612
644
633
650
626
645
634
649
608
663
675
633
655
659
733
684
690
696
692
669
695
682
686
691
648
725
706
674
680
722
667
714
658
718
706
677
698
685
769
738
726
664
813
735
685
766
676
744
739
738
737
782
751
803
787
750
749
732
773
776
774
777
735
839
791
789
790
756
845
803
828
839
814
777
808
843
872
828
810
848
818
812
809
862
859
851
815
878
859
855
898
921
856
853
825
831
836
866
860
862
882
866
896
884
902
833
814
875
831
887
905
871
869
864
902
895
947
936
875
911
949
906
900
891
937
876
941
933
921
861
923
939
901
1007
942
938
965
925
962
970
913
907
954
975
884
952
948
958
958
999
1034
950
942
952
907
990
941
950
933
983
972
994
957
988
991
978
920
1008
935
981
990
1010
988
955
1002
953
1027
956
1008
1023
973
1018
976
974
1005
1026
975
998
1039
990
933
962
988
969
962
977
963
1013
988
971
945
984
962
984
937
995
942
999
974
1019
938
962
1041
981
965
1018
922
986
1010
985
1018
1056
1054
962
959
991
1006
952
974
1012
969
981
1030
945
957
995
1031
950
943
1009
955
974
975
1012
1021
973
990
931
1037
982
964
1006
1040
1023
1026
974
992
1002
1020
1033
914
949
988
1025
972
985
999
954
964
960
946
1027
946
918
963
967
944
928
986
943
988
949
929
957
956
936
958
992
955
960
892
955
922
938
906
916
919
926
1002
938
898
954
939
891
900
918
928
889
948
924
958
900
886
894
904
914
882
897
931
932
871
892
971
911
897
903
857
832
875
909
891
858
852
843
795
877
878
863
846
838
863
840
852
926
794
883
843
863
857
780
792
794
810
804
843
811
828
852
806
777
823
781
840
789
823
818
791
791
739
797
757
768
795
776
745
781
791
805
768
767
761
750
781
775
782
758
715
760
765
683
767
729
711
706
745
701
725
719
697
696
736
658
664
651
685
697
707
703
699
677
693
700
695
650
652
666
652
651
669
666
703
631
639
618
640
634
597
641
585
628
602
604
617
624
599
667
578
617
586
628
579
616
588
615
560
609
598
585
556
557
564
588
519
558
552
567
584
519
587
534
544
530
544
534
544
560
527
531
522
497
507
549
511
549
562
526
501
478
533
466
502
522
469
491
503
449
457
465
467
460
498
460
459
477
461
474
492
421
449
439
430
482
463
468
448
404
449
384
442
404
431
403
409
397
404
401
378
393
382
374
400
388
384
400
392
384
331
382
356
367
368
390
363
359
390
359
395
334
388
358
326
365
329
327
332
338
347
344
348
303
352
343
327
311
319
369
323
298
311
333
330
297
317
277
323
301
294
306
287
276
295
296
305
287
296
279
306
282
294
284
297
262
265
274
240
280
271
264
285
262
284
232
253
250
286
255
245
267
250
235
240
264
252
231
248
240
223
227
227
232
216
197
204
228
244
221
226
214
231
217
214
225
182
180
219
198
222
210
193
176
171
216
180
182
188
186
186
175
179
211
173
185
197
163
196
181
187
187
178
182
183
169
180
189
170
143
182
150
140
180
146
139
149
172
139
165
136
146
167
143
142
129
137
144
136
117
122
150
161
139
134
134
128
159
145
112
121
141
156
148
112
110
127
102
121
112
101
132
119
123
130
123
101
114
109
129
105
133
99
108
116
100
113
119
106
107
102
104
130
97
86
103
100
105
102
124
96
102
99
105
101
110
85
95
120
92
95
92
72
93
82
86
87
101
86
95
98
91
96
68
90
95
89
71
75
70
80
71
82
67
72
75
59
76
77
74
82
70
64
57
61
67
80
72
71
77
78
66
76
64
78
72
51
65
65
57
64
55
53
58
61
66
56
38
70
58
47
62
60
60
58
57
72
54
68
48
60
63
62
33
45
54
50
55
54
62
60
46
50
41
48
57
39
51
46
34
45
50
42
39
58
50
35
52
36
35
32
32
47
45
30
31
46
42
28
51
47
47
36
52
41
42
49
46
42
48
35
27
46
35
41
37
36
42
34
37
34
24
41
41
33
31
37
39
44
36
34
43
36
30
30
30
30
38
34
42
31
38
35
29
30
41
33
31
31
36
35
25
35
26
35
33
24
34
30
42
34
38
33
20
30
45
28
34
21
22
35
27
28
31
28
30
28
32
22
37
32
35
24
32
30
28
29
23
34
26
23
35
18
26
23
20
32
37
24
21
21
28
32
23
25
15
23
20
30
25
19
27
19
25
18
18
20
19
20
29
27
20
25
31
19
16
25
22
27
23
21
24
21
26
16
20
18
19
17
25
14
28
28
20
14
25
19
24
24
24
19
13
18
28
23
29
13
13
19
16
18
15
26
22
14
20
13
20
24
23
19
23
14
16
13
22
22
16
25
15
19
23
25
22
19
14
18
23
19
14
12
21
20
16
27
23
23
17
14
27
20
10
15
21
21
16
20
24
20
13
19
14
18
20
14
20
19
21
17
17
20
21
13
18
20
9
16
26
27
18
22
14
12
18
13
14
15
21
15
18
18
16
19
22
15
17
18
23
14
13
14
14
20
12
17
13
21
16
8
22
19
17
15
25
21
14
10
19
18
12
18
18
17
18
10
16
15
18
26
23
21
16
16
14
16
12
17
14
23
14
18
19
25
12
18
12
16
15
17
10
15
23
19
11
17
18
17
15
21
15
25
11
26
8
21
18
17
17
14
17
12
14
25
21
15
22
13
28
14
15
13
15
20
13
17
18
17
13
20
16
13
10
17
11
14
19
20
12
15
16
11
14
19
15
13
23
12
11
19
20
16
11
12
15
18
21
16
17
15
14
16
17
22
11
16
13
14
20
13
11
10
17
15
12
20
15
11
17
14
20
17
17
18
14
17
15
20
18
19
25
11
14
24
15
9
15
16
20
18
21
19
13
12
10
17
16
17
24
14
19
19
12
12
15
10
18
16
16
12
18
14
12
21
28
17
23
19
15
16
15
12
12
14
16
20
20
19
14
8
18
14
13
11
13
19
16
19
14
14
17
17
20
12
17
13
16
17
17
14
15
14
18
15
16
11
19
11
15
15
18
6
20
17
9
9
16
13
15
16
11
11
14
10
15
16
13
21
9
19
11
16
14
14
15
18
18
20
7
19
20
14
12
12
10
13
13
19
19
17
11
12
18
20
20
25
14
13
10
17
21
10
6
23
19
14
17
20
10
18
21
22
10
13
10
16
17
19
16
10
13
10
13
18
20
17
9
11
12
12
22
17
11
17
14
8
22
14
13
17
18
25
14
19
22
13
8
14
13
19
20
15
17
9
14
17
16
12
18
25
14
17
9
15
15
15
10
12
8
21
15
22
16
21
16
13
15
19
8
10
10
14
9
12
18
16
10
18
14
21
19
15
9
14
20
18
14
12
12
20
14
11
19
18
16
13
11
17
20
13
14
19
17
13
21
16
15
20
18
19
23
14
6
20
14
12
17
16
15
26
11
16
16
17
21
12
15
18
16
16
13
10
25
9
17
10
11
20
10
11
14
18
11
17
12
20
14
9
13
17
20
14
19
7
5
10
11
13
7
10
16
13
12
14
18
16
19
17
16
9
12
13
8
13
14
11
15
15
16
18
16
9
19
13
23
12
15
15
16
18
21
10
20
15
20
17
15
8
16
16
19
19
17
9
15
16
13
11
11
15
10
12
14
11
21
24
13
15
14
10
10
14
12
8
13
12
8
13
27
10
8
14
15
21
15
14
10
19
19
13
12
17
15
11
13
14
17
17
18
6
13
9
6
10
16
17
17
14
17
11
14
11
13
14
15
9
17
16
13
18
15
18
16
13
20
17
14
12
7
14
16
11
12
16
12
9
9
12
10
13
5
20
16
12
10
17
12
15
23
13
14
13
26
13
16
18
21
18
9
15
10
13
16
24
17
14
14
12
16
13
17
9
15
17
14
13
14
14
13
17
14
18
17
17
16
10
10
22
14
11
18
19
16
16
15
11
17
26
6
19
17
16
18
16
16
10
13
16
9
15
16
8
15
10
12
10
20
15
22
13
16
17
11
19
13
13
15
22
10
18
13
14
13
11
16
19
18
18
12
14
19
19
15
5
15
19
24
14
15
9
11
17
22
17
12
9
16
7
13
13
14
14
17
18
13
10
16
12
11
19
11
19
7
12
16
14
12
15
15
17
12
11
25
11
12
12
10
12
14
16
12
10
13
16
16
14
12
20
12
11
14
11
10
18
15
18
14
12
12
18
12
13
15
12
12
17
11
16
12
24
14
20
11
17
8
17
21
15
18
16
10
11
13
22
17
14
12
16
11
12
15
18
18
10
15
16
13
10
16
7
12
10
18
11
15
11
17
13
10
19
13
9
19
17
18
10
18
9
17
15
14
12
12
11
14
11
17
11
12
15
13
9
12
16
9
17
14
13
15
8
17
16
13
7
17
11
20
11
5
14
13
9
13
10
6
14
17
13
12
18
8
15
20
16
14
13
19
16
13
12
19
18
13
14
9
14
10
23
15
17
19
18
13
13
8
20
10
10
8
14
16
11
9
12
7
11
8
12
19
14
20
12
14
17
17
11
8
12
8
9
18
5
19
7
14
15
11
12
18
19
17
13
11
12
19
11
16
16
11
17
11
6
16
7
19
18
13
11
18
10
15
16
18
14
16
10
16
17
21
19
13
14
18
17
14
4
9
10
18
5
16
10
11
17
17
15
22
18
14
16
5
21
20
9
9
13
19
19
8
8
15
15
12
13
10
11
10
17
15
18
10
11
14
13
11
16
17
15
16
14
15
17
16
17
18
15
16
10
17
15
13
9
9
10
11
10
8
7
19
10
9
19
17
13
14
13
16
14
13
16
10
18
14
15
14
9
16
13
16
20
12
17
8
16
16
7
19
9
16
15
10
13
18
13
8
14
18
10
12
13
17
11
12
15
10
15
15
7
10
15
17
19
7
18
15
8
16
17
12
6
19
19
11
15
11
8
15
17
12
12
22
14
12
16
20
9
17
16
15
13
10
15
9
13
13
21
16
21
15
19
15
9
12
20
11
12
17
9
11
10
9
15
12
11
15
12
10
17
11
14
14
12
16
16
13
13
15
16
11
11
16
12
9
14
10
10
16
16
8
14
13
14
10
8
8
16
10
13
11
14
12
13
8
14
7
13
12
16
9
15
15
11
9
12
10
7
15
13
13
9
3
8
13
9
12
11
10
12
13
17
13
13
15
13
18
16
15
15
11
8
22
15
12
9
15
8
16
12
10
17
13
8
18
16
12
8
17
12
12
11
18
10
15
8
15
10
18
20
12
12
8
13
16
17
10
9
10
7
9
13
13
11
14
10
16
14
10
18
19
11
8
12
15
17
14
17
9
9
13
11
10
9
15
9
13
10
9
8
12
10
21
12
13
13
21
12
18
9
9
9
10
7
6
8
10
13
20
9
17
15
10
7
9
11
13
12
4
12
12
13
14
6
22
14
10
13
8
16
12
12
6
10
8
6
14
18
11
8
8
15
11
8
16
18
11
14
13
8
11
12
11
11
13
17
10
7
15
8
19
13
11
16
7
12
13
9
12
16
16
13
15
11
9
5
11
19
8
8
7
15
11
9
4
13
11
13
8
14
19
15
11
11
9
13
11
10
10
11
13
13
15
11
9
14
13
13
10
13
8
8
8
10
9
10
8
14
6
8
7
6
18
9
12
13
17
11
14
16
8
8
10
5
11
4
11
14
12
9
5
10
8
3
7
11
11
12
8
5
10
10
11
5
9
10
15
8
6
13
5
9
8
10
13
8
14
9
10
10
8
6
6
6
4
7
13
4
11
12
10
6
7
7
4
10
12
9
3
7
11
8
10
14
8
13
7
5
9
11
11
8
15
8
7
5
6
15
3
10
12
7
6
9
8
11
9
3
6
5
12
7
10
6
6
5
5
5
5
8
12
8
4
10
11
9
7
2
6
6
8
6
7
7
8
7
9
12
8
11
6
7
7
5
6
9
8
6
3
7
3
6
2
9
4
7
8
11
10
10
5
5
11
6
9
8
12
7
3
8
5
4
7
7
4
12
10
3
9
7
7
10
8
7
8
5
7
12
5
6
7
3
1
9
7
4
5
8
4
8
5
7
5
5
6
7
8
1
8
6
5
6
4
6
5
3
8
6
5
8
7
6
6
5
5
8
4
7
2
3
4
5
6
5
1
4
3
4
5
6
5
7
8
7
6
9
2
6
1
4
9
5
4
4
2
5
4
3
4
3
2
3
7
5
8
9
4
8
3
6
5
4
5
4
7
3
6
7
5
2
9
3
7
3
4
5
4
6
4
5
5
7
2
4
7
4
3
3
6
1
3
1
1
6
3
7
5
4
4
2
5
5
1
5
4
8
2
3
4
6
2
4
4
6
2
7
3
3
4
3
5
2
10
3
1
6
1
3
5
4
4
3
3
4
4
2
3
3
3
2
6
2
1
4
3
5
4
1
2
1
5
0
2
3
3
3
4
4
2
4
2
1
0
5
5
2
3
3
4
5
5
3
2
1
4
3
2
6
4
5
3
1
3
4
4
1
2
1
1
3
3
1
4
4
6
3
1
7
1
4
3
2
5
2
4
4
3
0
5
3
2
3
3
3
0
3
1
1
1
5
4
4
0
2
0
0
7
2
0
1
2
3
5
5
1
1
3
4
1
1
3
3
0
4
1
1
3
0
0
1
4
3
1
2
2
2
4
1
5
0
2
2
4
0
2
1
3
0
2
1
2
1
2
1
2
0
2
0
2
3
0
1
2
4
1
1
2
0
2
0
1
5
2
2
0
0
2
2
2
0
0
0
0
1
1
0
1
3
1
0
1
1
0
0
0
0
0
4
2
2
0
1
1
0
2
1
2
3
1
1
2
0
2
0
1
4
1
1
2
0
1
0
0
1
1
2
3
1
1
0
1
2
1
1
0
0
2
0
1
2
2
1
1
1
0
1
1
1
1
3
1
0
1
1
0
0
1
0
2
2
1
0
1
1
2
2
2
3
2
1
1
1
1
1
2
0
0
0
0
1
0
3
0
1
0
2
3
0
1
0
0
0
0
1
1
1
1
0
0
1
1
0
1
0
0
0
1
0
1
1
1
0
0
2
0
1
1
0
1
0
0
1
4
1
1
1
0
1
1
0
0
0
2
0
2
0
0
1
1
2
2
0
1
1
0
0
0
1
1
0
2
1
0
0
1
0
1
1
0
1
0
2
0
0
1
1
1
1
0
2
1
1
0
0
0
0
0
0
0
1
1
1
0
1
0
0
3
0
1
0
1
1
0
0
1
0
1
0
0
1
0
0
0
2
0
2
1
0
1
0
0
1
1
0
2
0
1
0
2
0
1
0
1
0
1
1
0
0
1
0
1
1
0
1
1
0
0
0
1
0
0
1
1
0
0
0
2
1
2
0
2
0
0
1
0
0
0
0
0
2
0
0
0
1
2
0
1
0
0
0
1
0
0
0
1
0
1
2
0
0
0
0
0
1
1
0
0
0
3
0
6
0
1
0
0
1
1
1
1
0
0
0
0
0
0
0
0
0
0
0
0
1
2
0
0
0
0
0
0
3
0
0
1
0
0
2
0
0
1
0
1
0
0
2
0
0
0
1
1
1
0
0
1
1
1
1
0
2
0
1
1
0
0
0
0
1
0
0
1
0
2
0
0
1
0
0
1
0
0
0
0
0
1
1
0
0
1
0
0
0
0
1
2
0
1
0
0
0
0
1
0
1
0
0
0
0
0
0
0
0
0
0
0
1
2
0
0
2
2
0
0
0
1
0
1
0
0
0
0
1
2
0
0
0
0
0
1
1
1
0
0
1
0
0
1
1
1
0
0
2
0
0
1
0
1
1
0
0
0
1
1
0
0
0
1
0
1
0
1
0
0
0
0
1
2
0
0
0
0
0
0
0
0
0
0
0
0
0
1
0
0
2
0
0
0
0
0
1
2
0
0
0
1
1
0
0
0
0
1
0
1
0
0
0
0
0
0
0
0
0
0
0
0
0
1
0
0
0
0
0
0
0
1
0
0
0
0
0
0
0
0
0
2
0
0
0
0
0
0
0
0
0
0
0
0
1
0
1
1
0
0
0
0
1
0
1
1
0
0
0
1
0
0
0
0
1
1
0
0
0
0
0
0
0
0
1
0
0
0
0
0
0
2
0
1
0
0
0
1
0
1
0
2
0
1
0
0
0
0
1
1
2
0
0
0
0
0
0
0
0
0
0
0
0
1
1
0
1
0
0
0
0
1
0
0
0
1
0
1
2
0
0
0
0
0
1
0
0
0
0
0
0
0
0
0
1
1
0
0
0
1
0
1
0
0
1
0
0
1
0
0
0
2
2
0
1
0
2
0
1
0
0
1
1
0
0
0
0
0
1
0
0
0
1
0
0
0
0
0
0
1
0
0
0
1
0
0
1
0
0
1
0
1
1
0
2
0
0
1
0
1
0
0
1
0
0
1
0
0
1
0
0
0
0
0
1
0
1
0
0
0
0
0
0
0
0
0
0
0
2
0
1
0
0
0
1
0
0
3
0
0
0
0
0
0
1
0
0
0
0
0
0
0
1
0
0
2
0
0
0
0
0
0
0
0
0
0
0
0
0
1
1
0
0
0
0
0
0
0
0
1
0
0
1
0
0
0
0
0
1
1
0
1
0
0
1
1
0
0
0
0
1
0
0
1
1
0
0
0
0
1
0
1
0
0
1
0
1
0
1
0
0
0
0
0
0
0
0
0
0
0
0
1
0
0
0
0
0
0
0
1
1
0
1
0
1
2
0
0
0
0
0
0
0
0
1
0
0
0
1
0
0
1
0
0
2
0
2
0
0
0
0
1
0
0
0
0
0
0
0
0
0
0
0
0
0
0
0
3
0
0
0
0
0
0
1
0
0
0
0
0
0
0
0
0
0
0
0
0
1
0
0
0
1
1
0
0
0
0
0
0
0
0
0
0
0
0
0
1
1
0
0
0
0
0
0
0
0
0
1
0
0
0
0
0
1
1
0
0
1
0
0
0
0
0
0
0
0
1
1
1
0
0
0
1
1
0
0
0
0
0
0
0
0
0
0
0
0
1
0
0
0
0
0
0
1
0
0
1
1
1
0
0
0
0
0
0
0
0
0
0
0
0
0
0
0
1
0
0
0
0
1
1
0
2
0
0
1
0
0
1
0
0
0
0
0
0
0
0
0
0
1
1
1
0
0
1
0
0
0
0
0
1
0
0
0
0
0
0
0
0
0
0
1
1
0
1
0
1
1
0
0
0
0
0
0
0
0
0
0
0
0
0
2
1
0
0
1
0
1
0
0
0
0
0
0
0
0
0
0
0
0
1
0
0
0
0
0
0
0
0
0
1
0
1
1
0
0
1
0
0
0
0
0
0
0
0
0
0
1
0
0
0
0
1
0
0
0
0
0
0
0
0
0
0
0
0
1
0
0
0
1
0
0
0
0
0
0
0
0
0
1
0
0
0
1
0
0
1
0
0
0
0
0
0
1
0
0
0
0
0
0
0
0
0
0
0
0
0
0
0
0
0
0
0
1
0
0
0
0
0
0
1
0
0
0
0
1
0
0
0
0
0
1
0
0
0
0
1
0
0
1
0
0
0
0
0
0
0
0
0
0
0
0
0
0
0
0
0
0
0
0
0
0
0
0
1
0
1
0
0
1
2
0
0
0
0
1
0
1
0
0
0
0
1
0
0
1
0
0
0
0
0
0
1
0
0
0
0
0
0
0
0
0
0
0
0
0
0
0
0
0
0
0
0
1
0
0
0
0
0
0
0
0
0
0
1
0
0
0
0
0
0
0
0
0
0
0
0
1
0
0
0
0
0
0
1
1
0
0
0
0
0
0
0
1
0
0
0
0
1
0
0
0
1
0
0
0
0
0
0
0
0
0
0
0
0
1
1
0
0
0
1
0
0
0
0
0
0
0
0
0
0
1
0
0
1
1
0
0
0
0
0
2
0
0
0
0
0
0
0
0
0
0
0
0
0
0
0
0
0
0
0
0
0
0
0
0
0
0
0
0
0
0
0
0
0
0
0
0
0
0
1
0
0
0
0
0
1
0
0
0
1
0
0
0
0
0
0
0
0
0
0
0
0
1
0
0
0
1
0
0
0
0
1
0
0
0
0
1
0
0
0
0
0
0
0
0
0
0
0
0
0
0
0
0
0
2
0
0
1
0
0
0
0
0
0
1
0
0
0
0
1
0
0
0
0
0
0
0
0
1
0
0
0
0
0
0
0
0
0
0
0
0
0
0
0
0
0
0
0
0
0
0
0
0
0
0
0
0
0
0
0
1
0
0
0
0
0
0
0
0
0
0
0
0
0
0
0
0
1
0
0
0
0
0
1
0
0
0
0
0
0
0
0
1
0
0
0
0
0
0
0
0
0
0
0
0
1
0
0
0
0
0
0
0
0
0
0
1
0
0
1
0
0
0
1
0
0
0
0
0
0
0
0
0
0
0
0
1
0
0
1
0
0
0
0
0
0
0
0
0
0
0
0
0
0
0
0
0
0
0
0
0
0
0
0
0
0
0
0
0
0
0
0
0
0
0
0
0
0
0
0
0
0
0
0
0
1
0
0
1
1
0
0
0
0
0
0
0
0
0
0
0
0
0
0
0
0
0
0
0
0
0
0
0
0
0
0
1
0
0
0
1
0
0
0
0
0
0
0
0
0
0
0
0
0
0
0
0
0
0
0
0
0
0
0
0
0
0
0
0
0
0
0
0
0
1
0
0
0
1
0
0
0
1
0
0
0
0
0
0
0
0
0
0
0
0
0
0
0
0
0
0
0
0
0
0
0
0
0
0
0
0
0
0
0
0
0
0
0
0
0
0
0
0
0
0
0
0
0
0
0
0
0
0
0
0
0
0
0
0
0
0
0
0
0
0
0
1
0
0
0
0
0
0
0
1
0
0
1
0
0
0
0
0
0
0
0
1
0
0
0
0
0
0
0
0
0
0
0
0
0
0
0
0
0
0
0
0
0
0
0
0
0
0
0
0
0
0
0
0
0
0
0
0
0
0
0
0
0
0
0
0
0
0
0
0
0
0
0
0
0
0
0
0
0
0
0
0
0
0
0
0
0
0
0
0
0
1
0
0
0
0
0
0
0
0
0
0
1
0
0
0
0
0
0
1
0
1
0
0
0
0
0
0
0
0
0
0
1
0
0
0
0
0
0
0
0
0
0
0
0
0
0
0
0
0
0
0
0
0
0
0
0
1
0
0
0
0
0
0
0
1
0
0
0
0
0
1
0
0
1
0
0
0
0
0
0
0
1
0
0
0
0
0
0
0
0
0
0
0
0
0
0
0
0
0
0
0
0
0
0
0
0
0
0
0
0
0
0
0
0
0
0
0
0
0
0
0
0
0
0
0
0
0
0
0
0
1
0
0
0
0
0
0
0
0
0
0
0
0
0
0
0
0
0
1
0
0
0
1
0
0
0
0
0
0
0
0
0
0
0
0
0
0
0
0
0
0
1
0
0
0
0
0
0
0
0
0
0
0
0
0
0
0
0
0
0
1
1
0
0
0
0
0
0
0
0
0
0
0
0
0
0
0
0
0
0
0
0
0
0
0
0
0
0
0
0
0
0
0
0
0
0
0
0
0
0
0
0
0
0
0
0
0
0
0
0
0
0
0
0
0
0
0
0
0
0
0
0
0
0
0
0
0
0
0
0
0
0
0
0
0
0
0
0
0
0
0
0
0
1
0
0
0
0
0
0
0
0
0
0
0
0
0
0
0
0
0
0
0
0
1
0
0
0
1
0
0
0
0
0
0
0
0
0
0
0
0
0
0
0
0
0
0
0
0
0
0
0
0
0
0
0
0
0
0
0
0
0
0
0
0
0
0
0
1
0
0
0
0
0
0
0
0
0
0
0
0
0
0
0
0
0
0
0
0
0
0
0
0
0
1
0
0
0
0
0
0
0
0
0
0
0
0
0
0
0
0
0
0
0
0
0
0
0
0
0
0
0
0
0
0
0
0
0
0
0
0
0
0
0
0
0
0
0
0
0
0
0
0
0
0
0
0
0
0
0
1
0
0
0
0
0
0
0
0
0
0
0
0
0
0
0
0
0
0
0
0
0
0
0
0
0
0
0
0
0
0
0
0
0
0
0
0
0
0
0
0
0
0
0
0
0
0
0
0
0
0
0
0
0
0
0
0
0
0
0
0
0
0
0
0
0
0
0
0
0
0
0
0
0
0
0
0
0
0
0
0
0
0
0
0
0
0
0
0
0
0
0
0
0
0
0
0
0
0
0
0
0
0
0
0
0
0
0
0
0
0
0
0
0
0
0
0
0
0
0
0
0
0
0
1
0
0
0
0
0
0
0
0
0
0
0
0
0
0
0
0
0
0
0
0
0
0
0
0
0
0
0
0
0
0
0
0
0
0
0
0
0
0
0
0
0
0
0
0
0
0
0
0
0
0
0
0
0
0
0
0
0
0
0
0
0
0
0
0
0
0
0
0
0
0
0
0
0
0
0
0
0
0
0
1
0
0
0
0
0
0
0
0
0
0
0
0
0
0
0
0
0
0
0
0
0
0
0
0
0
0
0
0
0
0
0
0
0
0
0
0
0
0
0
0
0
0
0
0
0
0
0
0
0
0
0
0
0
0
0
0
0
0
0
0
0
0
0
0
0
0
0
0
0
0
0
0
0
0
0
0
0
0
0
0
0
0
0
0
1
0
0
0
0
0
0
0
0
0
0
0
0
0
0
0
0
0
0
0
1
0
0
0
0
0
0
0
0
0
0
0
0
0
0
0
0
0
0
0
0
0
0
0
0
0
0
0
0
0
0
0
0
0
0
0
0
0
0
0
0
0
0
0
0
0
0
0
0
0
0
0
0
0
0
0
0
0
0
0
0
0
0
0
0
0
0
0
0
0
0
0
0
0
0
0
0
0
0
0
0
0
0
0
0
0
0
0
0
0
0
0
0
0
0
0
0
0
0
0
0
0
0
0
0
1
0
0
0
0
0
0
0
0
0
0
0
0
0
0
0
0
0
0
0
0
0
0
0
0
0
0
0
0
0
0
0
0
0
0
0
0
0
0
0
0
0
0
0
0
0
0
0
0
0
0
0
0
0
0
0
0
0
0
0
0
0
0
0
0
0
0
0
0
0
0
0
0
0
0
0
0
0
0
0
0
0
0
0
0
0
0
0
0
0
0
0
0
0
0
0
0
0
0
0
0
0
0
0
0
0
0
0
0
0
0
0
0
0
0
0
0
0
0
0
0
0
0
0
0
0
0
0
0
0
0
0
0
0
0
0
1
0
0
0
0
0
0
0
0
0
0
0
0
0
0
0
0
0
0
0
0
0
0
0
0
0
0
0
0
0
0
0
0
0
0
0
0
0
0
0
0
0
0
0
0
0
0
0
0
0
0
0
0
0
0
0
0
0
0
0
0
0
0
0
0
0
0
0
0
0
0
0
0
0
0
0
0
0
0
0
0
0
0
0
0
0
0
0
0
0
0
0
0
0
0
0
0
0
0
0
0
0
0
0
0
0
0
0
0
0
0
0
0
0
0
0
0
0
0
0
0
0
0
0
0
0
0
0
0
0
0
0
0
0
0
0
0
0
0
0
0
0
0
0
0
0
0
0
0
0
0
0
0
0
0
0
0
0
0
0
0
0
0
0
0
0
0
0
0
0
0
0
0
0
0
0
0
0
0
0
0
0
0
0
0
0
0
0
0
0
0
0
0
0
0
0
0
0
0
0
0
0
0
0
0
0
0
0
0
0
0
0
0
0
0
0
0
1
0
0
0
0
0
0

