0
0
0
0
0
0
0
0
0
0
0
0
0
0
0
0
0
0
0
0
0
0
0
0
0
0
0
0
0
0
0
0
0
0
0
0
0
0
0
0
0
0
0
0
0
0
0
0
0
0
0
0
0
0
0
0
0
0
0
0
0
0
0
0
0
0
0
0
0
0
0
0
0
0
0
0
0
0
0
0
0
0
0
0
0
0
0
0
0
0
0
0
0
0
0
0
0
0
0
0
0
0
0
0
0
0
0
0
0
0
0
0
0
0
0
0
0
0
0
0
0
0
0
0
0
0
0
0
0
0
0
0
0
0
0
0
0
0
0
0
0
0
0
0
0
0
0
0
0
0
0
0
0
0
0
0
0
0
0
0
0
0
0
0
0
0
0
0
0
0
0
0
0
0
0
0
0
0
0
0
0
0
0
0
0
0
0
0
0
0
0
0
0
0
0
0
0
0
0
0
0
0
0
0
0
0
0
0
0
0
0
0
0
0
0
0
0
0
0
0
0
0
0
0
0
0
0
0
0
0
0
0
0
0
0
0
0
0
0
0
0
0
0
0
0
0
0
0
0
0
0
0
0
0
0
0
0
0
0
0
0
0
0
0
0
0
0
0
0
0
0
0
0
0
0
0
0
0
0
0
0
0
0
0
0
0
0
0
0
0
0
0
0
0
0
0
0
0
0
0
0
0
0
0
0
0
0
0
0
0
0
0
0
0
0
0
0
0
0
0
0
0
0
0
0
0
0
0
0
0
0
0
0
0
0
0
0
0
0
0
0
0
0
0
0
0
0
0
0
0
0
0
0
0
0
0
0
0
0
0
0
0
0
0
0
0
0
0
0
0
0
0
0
0
0
0
0
0
0
0
0
0
0
0
0
0
0
0
0
0
0
0
0
0
0
0
0
0
0
0
0
0
0
0
0
0
0
0
0
0
0
0
0
0
0
0
0
0
0
0
0
0
0
0
0
0
0
0
0
0
0
0
0
0
0
0
0
0
0
0
0
0
0
0
0
0
0
0
0
0
0
0
0
0
0
0
0
0
0
0
0
0
0
0
0
0
0
0
0
0
0
0
0
0
0
0
0
0
0
0
0
0
0
0
0
0
0
0
0
0
0
0
0
0
0
0
0
0
0
0
0
0
0
0
0
0
0
0
0
0
0
0
0
0
0
0
0
0
0
0
0
0
0
0
0
0
0
0
0
0
0
0
0
0
0
0
0
0
0
0
0
0
0
0
0
0
0
0
0
0
0
0
0
0
0
0
0
0
0
0
0
0
0
0
0
0
0
0
0
0
0
0
0
0
0
0
0
0
0
0
0
0
0
0
0
0
0
0
0
0
0
0
0
0
0
0
0
0
0
0
0
0
0
0
0
0
0
0
0
0
0
0
0
0
0
0
0
0
0
0
0
0
0
0
0
0
0
0
0
0
0
0
0
0
0
0
0
0
0
0
0
0
0
0
0
0
0
0
0
0
0
0
0
0
0
0
0
0
0
0
0
0
0
0
0
0
0
0
0
0
0
0
0
0
0
0
0
0
0
0
0
0
0
0
0
0
0
0
0
0
0
0
0
0
0
0
0
0
0
0
0
0
0
0
0
0
0
0
0
0
0
0
0
0
0
0
0
0
0
0
0
0
0
0
0
0
0
0
0
0
0
0
0
0
0
0
0
0
0
0
0
0
0
0
0
0
0
0
0
0
0
0
0
0
0
0
0
0
0
0
0
0
0
0
0
0
0
0
0
0
0
0
0
0
0
0
0
0
0
0
0
0
0
0
0
0
0
0
0
0
0
0
0
0
0
0
0
0
0
0
0
0
0
0
0
0
0
0
0
0
0
0
0
0
0
0
0
0
0
0
0
0
0
0
0
0
0
0
0
0
0
443
671
825
1019
1017
1045
1152
1138
1167
1171
1161
1152
1159
1175
1173
1154
1160
1138
1066
1130
1151
1199
1164
1093
1217
1200
1149
1170
1080
1197
1203
1205
1224
1231
1197
1310
1149
1172
1170
1236
1123
1147
1258
1230
1219
1269
1212
1176
1275
1239
1145
1163
1176
1199
1226
1185
1168
1204
1167
1243
1196
1249
1242
1209
1171
1304
1191
1239
1205
1237
1227
1267
1173
1245
1201
1204
1147
1256
1179
1200
1258
1201
1222
1140
1156
1196
1241
1234
1230
1234
1235
1228
1280
1215
1180
1305
1276
1253
1234
1239
1278
1241
1254
1247
1281
1282
1284
1284
1346
1229
1293
1254
1221
1233
1221
1235
1228
1232
1256
1257
1249
1255
1224
1286
1205
1227
1284
1276
1233
1308
1277
1321
1270
1327
1246
1239
1265
1275
1253
1249
1265
1324
1346
1240
1272
1280
1310
1292
1270
1302
1325
1278
1304
1357
1352
1345
1342
1309
1308
1343
1307
1375
1278
1350
1299
1360
1343
1382
1352
1388
1384
1392
1404
1385
1369
1349
1358
1374
1399
1451
1420
1367
1433
1389
1396
1382
1403
1446
1476
1387
1502
1428
1441
1429
1443
1490
1408
1421
1469
1432
1434
1454
1377
1419
1409
1458
1490
1436
1420
1475
1492
1484
1518
1418
1500
1494
1473
1473
1366
1459
1410
1424
1510
1423
1431
1473
1462
1432
1463
1500
1484
1509
1479
1406
1511
1446
1439
1488
1448
1461
1434
1456
1415
1526
1459
1473
1464
1408
1460
1496
1400
1464
1392
1399
1471
1497
1518
1465
1480
1473
1435
1503
1531
1492
1544
1434
1471
1521
1438
1503
1458
1535
1542
1462
1509
1564
1487
1586
1522
1498
1494
1429
1525
1459
1450
1488
1432
1506
1500
1501
1501
1492
1498
1488
1497
1440
1532
1577
1580
1550
1414
1514
1542
1516
1560
1501
1451
1516
1428
1464
1457
1480
1494
1432
1431
1498
1444
1468
1464
1544
1451
1464
1477
1512
1503
1469
1485
1418
1468
1439
1457
1477
1510
1515
1525
1431
1505
1487
1475
1469
1503
1443
1392
1426
1381
1430
1413
1391
1408
1382
1473
1385
1411
1345
1441
1486
1425
1391
1440
1399
1390
1415
1398
1436
1416
1452
1466
1385
1357
1378
1435
1408
1435
1399
1331
1363
1399
1356
1363
1375
1383
1422
1333
1392
1404
1304
1335
1333
1358
1371
1350
1343
1446
1324
1313
1326
1340
1317
1262
1286
1235
1301
1297
1293
1291
1338
1305
1263
1281
1285
1237
1298
1228
1261
1187
1293
1254
1248
1254
1326
1250
1183
1178
1277
1168
1270
1265
1224
1248
1242
1249
1230
1211
1253
1246
1204
1188
1206
1232
1160
1209
1192
1201
1236
1204
1188
1154
1109
1179
1105
1099
1164
1140
1105
1093
1128
1078
1120
1090
1141
1104
1064
1072
1151
1088
1052
1126
1012
1030
1109
1100
1016
1088
1061
1085
1074
1129
1025
1047
1017
1023
1071
1021
975
1059
1049
974
1038
959
974
990
987
929
1021
961
978
953
970
934
1009
935
939
955
943
1020
1010
887
977
904
926
896
938
949
886
997
929
872
908
923
959
934
889
892
897
846
829
837
853
924
906
929
847
851
889
794
849
810
884
844
815
867
877
793
881
824
801
818
860
826
778
839
849
823
801
798
809
746
824
783
760
805
787
771
818
787
784
719
836
773
853
777
759
752
802
804
747
753
728
765
812
769
701
704
704
709
742
683
694
716
709
692
731
714
656
692
697
748
712
643
682
687
688
726
695
709
677
718
679
705
693
670
694
672
627
660
709
708
721
674
668
716
686
661
690
660
636
651
635
721
709
645
658
636
651
610
633
646
610
667
618
632
655
647
643
630
643
648
676
684
693
640
633
636
691
650
638
619
634
645
603
636
603
629
612
648
614
603
586
599
612
616
630
650
639
635
616
618
619
580
621
637
597
602
577
603
604
596
613
584
601
575
562
638
591
600
580
596
542
576
574
591
612
582
638
643
569
516
585
572
559
530
553
566
542
533
588
585
593
592
619
606
580
600
537
573
552
601
577
577
577
548
597
578
623
584
612
603
580
561
538
602
538
602
571
584
614
582
608
604
570
571
541
568
606
575
609
544
538
586
548
573
572
581
533
552
543
545
579
530
598
559
558
620
575
541
602
534
551
557
572
545
502
578
557
608
550
591
593
553
549
557
574
590
562
590
537
529
541
546
554
513
608
560
571
543
551
530
506
538
522
527
541
491
537
540
558
552
527
551
574
568
587
593
508
496
584
565
568
580
589
599
587
601
566
591
535
559
562
587
580
576
554
600
583
529
606
568
608
567
625
530
602
544
602
565
551
539
539
595
576
602
553
589
597
589
580
549
512
533
567
555
563
548
581
581
570
563
576
581
572
586
596
587
541
529
563
551
577
604
620
588
564
586
579
531
526
566
566
554
581
545
556
557
594
602
592
569
568
551
573
573
563
572
587
572
565
569
646
605
570
595
583
549
629
593
601
581
567
615
594
601
576
620
553
612
566
592
577
576
543
579
578
576
574
565
579
598
609
601
607
605
646
565
578
609
583
612
597
584
627
573
599
596
604
611
635
581
605
604
626
631
572
607
609
635
605
624
581
651
648
608
632
584
648
650
665
556
627
644
639
679
636
602
667
670
651
665
660
679
617
635
605
604
596
646
654
663
680
619
658
654
664
625
661
649
680
684
673
685
661
641
673
637
668
651
684
645
704
611
613
680
714
680
672
624
682
709
680
693
747
640
659
699
755
718
705
689
743
716
669
731
662
659
719
694
736
701
709
692
716
739
715
748
723
689
731
703
715
705
724
704
751
746
758
743
749
733
744
781
766
778
759
758
766
747
732
736
775
768
837
769
788
736
782
748
797
767
795
744
781
760
843
737
817
796
781
817
783
764
791
847
827
810
865
814
847
833
799
828
827
885
788
833
820
852
834
803
832
832
811
822
847
894
818
893
903
897
842
936
914
993
894
898
877
913
874
908
877
923
958
987
915
880
919
899
916
879
911
900
915
945
985
945
950
887
1005
938
931
943
930
917
975
988
981
971
923
1034
928
1005
915
916
1009
969
966
955
1016
973
1011
1025
1006
1005
1028
1007
998
960
956
1031
1017
1081
1002
1019
1002
1031
1033
1020
1110
1036
1074
1037
1057
1011
1045
1047
1047
1070
1096
1080
1075
1104
1076
1031
1099
1064
1067
1149
1051
1122
1131
1052
1172
1116
1080
1127
1147
1145
1160
1165
1169
1204
1176
1152
1183
1120
1169
1143
1149
1135
1265
1181
1243
1150
1183
1183
1193
1205
1184
1203
1244
1228
1132
1179
1163
1251
1183
1250
1208
1236
1219
1211
1179
1197
1246
1244
1212
1180
1297
1205
1256
1280
1214
1301
1287
1252
1247
1338
1234
1309
1348
1310
1308
1290
1270
1317
1314
1318
1370
1291
1291
1357
1402
1330
1330
1310
1340
1362
1393
1342
1376
1341
1369
1378
1288
1412
1403
1366
1412
1333
1331
1317
1346
1371
1365
1389
1405
1379
1329
1421
1412
1409
1376
1448
1470
1425
1364
1456
1438
1430
1387
1407
1408
1482
1457
1431
1496
1459
1549
1419
1510
1475
1396
1438
1435
1435
1436
1447
1467
1469
1466
1439
1503
1476
1496
1448
1488
1450
1485
1489
1506
1471
1579
1582
1581
1537
1490
1509
1580
1496
1460
1439
1512
1463
1532
1522
1494
1518
1441
1539
1501
1510
1527
1546
1577
1520
1551
1526
1568
1475
1487
1556
1525
1541
1524
1556
1501
1567
1464
1580
1559
1496
1527
1553
1457
1546
1547
1535
1531
1588
1535
1615
1552
1483
1558
1674
1679
1567
1463
1530
1525
1539
1513
1525
1530
1528
1553
1550
1542
1595
1640
1532
1540
1545
1526
1556
1543
1527
1544
1546
1583
1553
1531
1456
1560
1483
1462
1501
1421
1524
1573
1441
1531
1536
1554
1521
1506
1515
1500
1524
1523
1470
1494
1545
1454
1495
1478
1488
1519
1511
1392
1494
1459
1547
1450
1457
1472
1527
1477
1436
1469
1468
1462
1573
1489
1523
1509
1528
1462
1481
1395
1509
1505
1462
1506
1458
1502
1425
1357
1358
1438
1465
1403
1472
1375
1471
1464
1368
1403
1389
1404
1356
1432
1363
1443
1468
1413
1323
1394
1390
1396
1365
1329
1356
1375
1383
1368
1394
1339
1338
1368
1353
1367
1281
1431
1316
1361
1358
1357
1314
1242
1239
1314
1310
1268
1295
1296
1220
1301
1323
1307
1297
1254
1361
1295
1328
1259
1230
1205
1227
1209
1193
1254
1254
1255
1235
1215
1200
1154
1211
1190
1186
1210
1222
1205
1197
1265
1218
1167
1204
1206
1212
1219
1181
1219
1160
1158
1085
1151
1111
1133
1066
1160
1143
1118
1161
1140
1094
1089
1084
1099
1014
1096
1109
1093
1123
1118
1081
1087
1077
1067
1133
1077
1083
1095
1038
1065
1067
1051
1024
1009
957
982
1014
988
999
990
1007
912
1044
1001
1013
997
1047
995
968
941
976
931
935
945
934
989
928
958
968
908
881
929
921
851
915
970
893
870
873
874
883
878
885
884
881
923
878
840
840
831
865
827
875
891
810
875
870
817
835
873
837
842
810
826
808
816
815
782
733
816
795
800
765
766
758
764
762
738
763
755
749
778
650
687
748
700
736
710
670
631
706
715
663
674
636
687
637
652
661
656
668
655
682
640
668
662
598
663
627
625
598
606
649
628
600
600
599
584
587
560
604
587
597
543
626
627
618
562
574
576
536
562
562
539
542
569
565
543
548
500
516
536
511
528
523
474
460
456
501
492
484
492
478
524
457
441
472
449
478
471
487
467
455
453
467
494
431
448
439
449
454
418
414
453
444
431
447
428
393
415
399
414
406
426
406
390
396
391
377
351
381
347
414
363
356
389
403
377
378
359
335
350
390
348
386
346
353
354
356
320
357
349
364
366
333
325
313
319
310
286
292
318
305
310
330
302
301
300
300
287
312
286
285
302
304
272
281
251
304
293
280
252
279
283
252
284
248
249
264
258
242
236
252
261
256
267
251
243
222
239
236
255
243
222
237
237
234
209
210
218
225
216
225
244
207
199
211
215
211
221
219
208
198
201
177
205
201
202
177
190
173
187
195
183
162
182
185
182
153
196
144
180
194
168
172
173
169
158
160
177
149
176
163
156
170
156
165
163
170
132
154
161
147
127
144
149
143
131
135
128
135
143
136
140
135
141
129
116
131
123
135
114
125
118
118
129
114
121
131
116
113
112
130
126
107
105
115
108
118
105
125
106
109
121
116
122
95
106
109
103
105
98
115
103
96
84
96
95
103
104
99
98
111
94
109
94
96
78
88
103
99
79
77
87
93
93
85
86
89
77
86
76
78
71
78
74
78
75
72
65
78
73
94
76
69
73
69
83
80
58
83
77
61
71
66
65
70
74
69
73
69
59
56
56
51
64
60
57
67
55
58
64
44
50
61
54
60
49
43
47
43
67
51
59
46
45
42
68
53
36
54
44
66
57
54
52
55
39
43
57
51
47
52
51
53
40
39
46
48
50
52
53
44
42
47
56
43
40
48
46
56
57
32
44
32
39
43
41
41
31
38
43
45
36
36
34
41
33
42
46
46
49
41
49
38
38
27
39
41
36
31
44
33
41
43
33
35
27
46
26
26
40
24
30
39
31
32
32
29
34
33
33
35
31
34
26
29
30
35
29
34
33
32
21
26
26
30
32
33
33
32
26
37
30
20
30
29
22
33
21
37
19
27
33
24
42
25
24
31
31
40
18
26
17
33
22
22
32
26
28
19
20
27
29
22
31
19
19
21
20
29
27
13
17
21
39
18
17
28
27
19
20
30
21
21
17
23
25
23
25
16
24
23
21
20
26
24
17
29
24
20
29
20
28
26
21
22
18
19
23
32
17
27
15
17
30
20
20
22
18
28
18
26
15
12
29
21
30
23
26
22
19
19
24
15
26
19
24
20
19
13
18
22
16
22
21
21
19
26
24
23
20
21
9
18
16
17
33
25
15
18
18
14
20
24
21
14
18
21
19
18
22
10
20
19
17
18
11
17
14
15
15
23
19
13
15
14
20
15
15
16
22
20
16
13
11
23
18
18
16
20
15
18
15
15
28
15
14
16
23
18
21
22
19
21
16
17
21
16
23
19
16
17
26
16
21
20
10
19
17
21
15
15
18
17
14
13
9
15
18
13
26
16
25
18
21
19
13
7
18
17
20
16
20
21
24
18
25
12
16
15
18
19
16
23
16
10
8
16
19
15
16
17
19
15
13
20
16
25
17
18
15
12
16
10
14
18
21
19
18
21
17
15
29
16
8
15
12
13
15
15
18
14
22
10
17
17
17
13
16
16
12
19
16
15
14
9
18
18
23
24
15
18
17
14
20
23
22
7
17
16
15
12
19
9
21
20
23
12
13
17
22
14
21
14
13
22
14
20
18
21
17
16
13
22
16
16
8
24
17
12
17
14
9
17
19
19
14
16
18
16
18
14
15
14
14
14
15
15
12
11
11
25
16
18
22
21
21
20
15
10
13
14
20
18
18
9
21
12
20
16
18
9
17
13
14
22
10
11
21
11
13
18
18
16
16
18
14
17
12
12
17
17
12
17
15
7
13
19
11
19
18
12
16
15
16
19
8
13
17
11
14
18
14
26
20
14
14
14
16
12
17
16
12
18
14
8
12
17
18
10
21
26
19
21
9
10
15
22
14
12
12
18
14
17
18
18
13
9
15
13
10
14
8
7
20
12
13
17
20
16
13
15
17
12
18
13
13
15
15
10
13
14
16
15
20
9
17
13
8
16
14
13
19
14
14
25
15
19
14
18
19
20
23
13
12
8
13
22
16
11
15
15
20
15
16
14
20
15
17
14
17
20
24
10
21
13
11
16
11
19
21
17
13
8
17
19
13
17
19
18
20
15
10
21
19
12
13
18
10
13
17
19
23
13
17
23
21
23
6
12
8
15
19
13
6
18
18
20
15
18
17
17
26
21
10
15
21
12
16
16
10
7
13
18
14
15
11
20
14
25
18
16
14
16
13
22
28
14
10
17
12
19
14
14
9
14
19
16
9
25
15
17
20
16
12
20
18
14
14
17
22
21
21
16
12
15
17
12
17
16
10
14
24
7
14
16
12
15
12
16
12
12
11
12
13
18
18
7
13
14
14
10
18
13
16
14
11
13
12
18
16
8
20
12
19
15
19
12
9
14
10
15
7
14
15
12
16
19
17
11
10
15
13
13
13
16
7
11
13
13
15
9
12
11
13
13
12
20
21
12
7
13
14
16
16
14
19
9
17
15
14
17
18
11
18
12
14
10
17
16
8
14
15
16
14
11
9
13
16
11
15
13
23
14
15
15
17
19
16
11
9
16
10
13
13
15
19
12
16
13
13
6
12
11
11
13
17
14
7
7
13
11
10
17
11
14
21
22
18
11
12
13
18
25
15
13
22
22
14
18
17
13
18
9
19
12
19
7
14
15
15
11
11
12
12
14
21
9
9
18
13
21
21
8
8
11
8
13
13
18
9
9
18
20
18
18
17
14
15
11
13
17
22
10
8
18
12
10
25
13
16
22
11
15
12
16
13
15
17
19
13
15
15
12
8
16
9
18
17
14
12
12
14
16
14
17
15
2
14
18
11
19
14
13
15
18
17
13
11
16
8
14
12
13
17
13
18
16
11
17
11
11
13
15
14
11
16
14
13
12
16
10
15
8
21
10
10
14
16
8
10
12
17
11
13
12
14
19
20
12
11
14
17
14
18
15
10
10
15
7
21
19
11
12
14
15
8
14
21
10
13
13
11
18
9
25
17
12
18
11
12
17
20
12
18
17
20
18
11
22
9
16
13
14
11
11
12
16
7
12
12
12
16
9
20
22
13
17
17
18
9
7
15
23
14
10
12
10
12
13
21
13
9
16
7
14
14
8
14
21
14
14
12
13
16
10
7
17
14
10
18
17
12
17
10
22
12
16
18
19
9
14
6
15
18
13
17
15
14
18
20
14
16
22
10
21
16
11
14
20
11
16
15
11
12
13
18
11
13
8
14
3
12
16
11
18
12
18
12
12
15
10
14
11
24
15
11
11
24
17
20
15
11
12
17
14
13
20
14
14
21
11
12
11
19
12
14
13
17
13
12
14
12
11
11
17
16
14
19
13
13
15
13
14
10
14
14
16
13
17
13
24
12
16
16
10
20
15
17
17
21
18
13
13
12
12
12
27
23
14
8
9
10
11
22
14
18
16
27
15
12
18
5
16
19
15
9
11
10
16
18
12
17
18
17
13
19
12
20
20
14
14
8
16
9
7
14
20
13
6
12
10
12
11
10
15
15
12
12
15
16
14
13
8
13
18
14
9
16
15
11
13
10
12
18
18
10
16
8
21
14
17
15
12
17
14
14
11
12
10
12
7
17
15
12
16
17
14
16
10
11
12
10
20
14
14
14
24
24
17
14
14
13
21
15
11
13
13
14
14
15
10
13
16
12
10
10
9
9
9
10
18
15
17
11
19
8
15
6
17
11
13
15
12
13
13
11
12
8
13
13
15
15
11
8
15
20
14
19
9
11
15
13
16
9
15
15
8
12
16
20
17
12
23
14
11
16
9
16
21
10
17
17
15
10
12
15
17
13
17
10
11
15
11
10
12
16
11
14
13
15
15
14
18
14
19
18
11
21
7
15
6
11
17
14
10
9
20
9
8
9
17
15
19
9
15
11
12
16
7
15
21
10
9
14
16
16
9
15
12
11
15
9
17
12
22
18
16
13
15
15
11
13
16
10
7
12
7
10
11
12
11
6
13
12
14
8
12
13
9
14
16
14
11
14
24
16
15
11
8
13
11
17
17
13
14
16
11
6
16
20
13
16
12
10
14
10
16
13
12
11
11
8
9
6
10
16
7
9
9
11
10
12
17
16
17
18
12
17
9
12
8
16
8
12
8
11
14
18
12
9
17
12
10
11
8
15
15
13
16
14
11
9
9
17
16
12
13
7
20
13
10
8
8
18
13
7
20
14
13
10
8
12
11
14
14
16
7
11
7
5
8
13
13
10
8
11
11
11
13
12
11
15
10
13
8
8
8
12
15
10
15
8
13
13
10
21
5
9
13
13
15
10
11
12
17
13
14
12
14
14
10
15
11
13
11
14
15
12
12
10
10
15
9
10
14
9
17
6
6
6
4
16
14
14
9
17
10
6
9
11
12
11
16
6
10
10
10
9
10
9
8
12
10
8
8
16
15
13
12
8
7
9
8
10
15
12
17
11
11
9
8
13
6
11
7
11
6
10
9
8
6
12
16
9
13
4
13
7
10
7
5
7
14
14
11
11
13
16
6
10
9
11
9
17
10
3
13
9
9
13
9
10
9
7
7
8
8
7
10
10
4
8
12
9
8
7
6
13
9
16
6
12
6
12
13
4
8
7
14
9
9
8
16
10
8
10
6
9
10
6
4
10
7
8
14
4
7
5
12
6
7
12
4
8
12
10
5
10
8
4
10
8
8
5
9
7
12
4
9
7
9
10
13
11
14
10
5
6
7
9
9
13
7
9
5
9
4
8
11
6
6
6
9
4
10
6
4
4
16
8
8
6
9
3
7
5
12
8
6
7
5
4
9
6
2
0
5
8
3
3
10
7
5
6
3
2
8
5
8
10
7
7
10
4
11
9
4
6
2
6
9
8
2
5
4
10
6
2
10
6
4
4
6
6
2
7
8
6
4
4
8
6
9
8
3
5
5
5
4
4
9
6
6
3
6
5
8
8
4
6
6
5
9
9
6
7
5
7
5
4
5
7
5
7
2
9
10
6
3
8
2
4
6
7
3
4
5
3
3
7
4
1
2
3
6
7
6
1
5
6
4
6
5
4
3
2
3
4
4
4
3
6
2
4
7
0
0
5
2
6
4
4
8
2
7
6
6
3
3
1
4
5
5
12
5
6
5
5
4
5
3
4
6
7
5
7
2
5
2
1
2
4
5
4
1
6
6
2
3
1
2
4
0
1
4
1
1
5
0
2
1
3
4
3
5
3
4
3
5
6
4
4
5
3
0
2
3
2
1
3
3
0
3
7
4
1
4
1
2
5
3
3
2
6
3
4
3
0
3
2
3
3
2
2
5
3
0
7
2
3
0
1
3
6
4
1
2
2
2
4
0
3
6
2
4
4
5
1
0
4
3
3
4
1
5
3
1
4
1
3
2
3
1
3
1
3
3
1
2
2
2
2
1
0
2
3
0
4
2
2
2
2
2
2
1
4
2
1
2
2
4
2
2
2
2
4
2
3
0
3
3
2
2
0
1
1
2
1
1
5
2
2
2
0
2
3
1
2
2
1
3
2
2
3
1
2
1
2
1
3
4
1
1
1
1
2
3
3
2
1
2
0
1
1
2
0
1
1
1
3
0
3
0
3
0
0
3
0
3
4
1
0
2
2
2
1
2
2
1
1
2
0
0
1
3
4
1
1
1
0
0
1
0
2
0
1
3
0
0
2
1
1
2
1
2
2
0
1
1
0
0
1
0
2
2
0
1
2
1
2
3
2
0
0
0
0
0
0
2
2
1
1
1
2
0
1
0
1
1
4
2
1
0
1
1
0
0
0
0
1
1
0
0
1
3
0
1
0
0
2
2
0
0
0
0
1
5
1
2
0
1
0
3
1
1
4
0
0
1
0
0
0
0
1
0
0
0
0
3
0
1
2
1
1
1
0
2
2
1
2
3
1
1
1
1
3
0
2
1
2
2
1
1
0
1
0
0
1
0
1
3
0
0
0
0
0
2
1
0
1
0
0
0
1
0
0
0
1
3
1
0
2
0
2
0
1
0
2
1
5
0
2
0
0
1
1
0
0
1
2
0
0
0
0
1
1
1
1
0
1
3
0
0
0
0
2
0
0
0
0
0
0
0
3
0
0
0
0
1
0
1
0
0
0
0
1
2
0
0
0
2
0
0
0
0
0
0
0
0
0
2
1
1
1
0
2
0
0
1
0
1
1
1
2
1
1
0
0
0
2
0
0
2
2
1
0
2
0
0
1
0
0
3
0
3
0
2
1
0
0
1
0
0
0
0
3
1
0
1
1
0
0
1
0
0
0
2
1
0
0
0
1
0
0
0
0
1
1
0
0
1
0
1
2
0
2
1
1
0
1
1
0
0
1
0
0
0
0
0
2
1
0
1
1
0
0
0
0
0
1
0
0
0
0
1
0
0
0
1
0
1
1
1
1
0
1
0
1
0
1
0
2
0
0
1
0
4
2
0
2
0
0
0
0
1
2
1
0
0
0
2
2
0
1
0
0
1
0
1
0
0
1
0
0
0
0
1
3
1
0
1
0
1
2
0
0
1
0
2
0
0
0
1
0
0
1
1
0
0
0
1
1
0
1
0
0
0
2
0
0
0
0
1
1
0
0
1
0
2
0
0
0
1
0
0
1
0
0
0
0
0
1
0
0
0
0
0
1
0
0
3
0
0
0
2
1
2
1
2
1
2
2
1
0
0
0
1
0
1
3
0
0
1
0
0
0
1
1
1
0
2
0
0
0
0
0
0
1
0
0
0
2
0
0
0
0
0
0
0
1
1
1
0
0
0
1
0
0
1
0
0
0
1
1
0
1
0
1
0
0
0
1
0
0
0
0
0
0
0
0
0
0
0
0
0
1
0
0
0
0
0
0
0
0
0
0
0
1
0
0
0
0
0
0
1
1
3
1
1
1
1
0
0
1
0
1
1
0
1
1
0
0
0
0
1
0
1
1
0
2
0
0
0
1
1
1
2
0
1
0
2
0
0
0
0
0
0
0
0
0
1
0
0
1
1
2
0
0
0
0
1
2
0
0
0
0
0
0
0
0
0
0
3
1
1
0
0
1
0
0
0
0
1
0
1
1
0
1
0
0
0
0
2
1
0
0
1
0
1
0
0
1
0
0
0
1
0
0
0
0
0
0
0
1
1
0
0
0
1
0
0
0
0
0
0
0
0
1
0
0
0
0
0
1
0
0
1
1
1
0
0
0
0
2
0
0
1
0
0
1
0
0
1
0
0
0
2
0
1
2
0
0
0
0
0
2
1
0
0
0
0
0
0
2
1
1
1
3
0
0
0
1
0
1
0
0
0
2
1
0
1
0
2
0
0
1
1
0
0
1
1
1
0
1
0
0
0
1
0
0
0
0
1
2
0
0
0
1
0
0
0
0
1
0
1
0
0
0
0
0
1
0
2
1
0
0
0
0
0
1
0
0
0
0
1
1
0
1
0
0
1
0
1
1
1
0
0
0
0
2
0
1
1
0
0
0
1
0
0
0
0
0
0
0
0
0
0
0
1
0
0
0
0
0
0
0
0
0
1
2
0
0
0
0
1
0
2
0
0
0
0
0
2
1
0
1
0
1
2
0
0
1
0
1
0
0
2
0
0
0
1
0
0
0
0
0
1
0
0
0
0
0
0
0
0
0
0
0
0
0
0
0
0
0
0
0
0
0
0
0
0
0
1
2
1
0
0
0
0
1
0
0
0
0
0
0
0
1
0
0
0
0
1
0
1
0
0
0
1
1
0
1
0
0
0
1
0
0
0
0
0
1
0
0
0
0
0
0
0
0
1
0
0
2
0
1
0
0
0
0
0
1
0
0
0
0
2
0
0
0
0
0
1
0
2
0
1
1
0
0
2
1
1
0
0
0
0
0
0
0
0
0
0
0
1
0
0
0
0
2
0
0
0
0
0
0
0
0
1
0
0
0
1
0
0
0
0
0
1
0
0
0
0
0
1
0
2
0
0
1
0
0
0
0
1
0
0
0
1
0
0
0
0
0
0
0
0
0
0
0
1
0
0
0
2
0
0
0
0
0
0
1
1
0
1
0
0
0
1
1
0
0
0
0
0
0
0
1
0
0
0
0
1
1
0
0
0
0
0
0
3
0
1
0
0
0
1
1
0
0
0
0
0
1
1
0
0
0
0
0
0
2
0
0
1
0
0
0
0
0
0
0
0
0
1
0
0
0
1
0
0
0
1
1
1
0
1
0
0
1
1
1
0
0
0
0
0
1
0
0
1
1
1
0
0
2
1
0
0
0
0
0
0
0
1
0
1
0
0
1
0
0
0
0
0
0
0
0
0
0
0
0
0
0
0
1
0
0
0
1
0
0
0
1
1
1
0
0
1
2
0
1
1
0
0
0
0
0
0
0
0
0
1
0
1
0
0
0
0
1
1
2
0
0
0
0
0
1
1
0
0
0
0
0
0
0
0
0
0
0
1
0
0
0
0
0
0
0
0
0
0
0
0
0
0
0
0
0
0
0
0
1
1
0
0
1
1
0
0
0
0
0
0
0
0
1
1
0
0
1
0
0
0
0
0
0
1
0
0
0
2
0
0
0
0
0
0
0
0
0
0
0
0
0
1
0
0
1
0
0
0
0
1
0
0
0
1
0
0
0
0
0
0
0
0
0
0
1
1
0
0
0
0
1
0
0
2
1
1
0
0
0
0
1
1
0
0
0
0
1
0
0
0
1
0
0
0
0
0
1
0
0
0
0
0
0
0
0
0
0
0
1
0
0
0
1
0
0
0
0
1
0
0
1
2
0
0
1
0
0
2
0
0
0
0
0
0
0
0
1
1
0
0
1
0
0
0
0
0
0
0
0
0
0
1
0
0
0
0
0
0
1
0
1
0
0
0
0
0
0
0
1
0
0
0
0
0
0
0
0
1
0
0
0
0
0
0
0
1
0
0
0
0
0
0
0
0
0
0
1
0
0
0
0
0
0
0
0
1
0
0
0
0
0
1
1
0
0
0
0
0
0
0
0
0
0
0
0
1
0
0
0
0
0
0
0
0
0
0
0
0
0
0
0
0
0
0
0
0
0
0
0
0
0
0
0
1
0
0
0
0
0
0
0
0
0
0
0
0
0
0
0
1
0
1
0
0
0
1
0
0
0
0
0
0
0
1
0
0
0
0
0
0
0
1
0
0
0
0
0
0
2
0
0
0
0
0
1
0
0
0
0
0
0
0
0
0
0
0
0
0
0
0
0
1
0
0
0
1
0
0
0
0
0
0
0
0
0
0
0
0
0
0
0
0
0
0
0
0
0
0
0
0
0
0
0
1
0
0
0
0
0
0
1
0
0
0
0
1
0
0
0
0
0
0
0
0
0
0
0
0
0
0
0
0
0
0
0
0
0
0
0
1
0
0
0
0
0
0
0
0
1
0
0
1
1
1
0
0
1
0
0
1
0
0
0
0
2
0
2
0
0
0
0
0
1
0
1
0
1
0
1
0
1
0
0
0
0
2
1
1
1
1
0
0
0
0
0
0
0
0
0
1
1
0
0
0
0
0
0
0
0
0
0
0
0
0
1
0
0
1
0
1
0
0
0
0
0
0
1
0
1
0
0
0
1
0
0
0
2
1
0
1
0
0
0
0
1
0
0
0
0
0
0
0
0
0
0
0
0
0
0
0
0
0
0
0
0
0
1
0
1
1
0
0
0
1
0
0
0
0
0
0
0
0
0
0
0
0
0
0
0
0
1
0
0
0
0
0
0
0
0
0
1
2
0
0
0
0
0
1
0
0
0
0
0
0
0
0
0
1
1
0
0
0
0
0
0
0
0
0
0
0
0
0
0
0
0
0
1
0
0
0
0
0
0
0
0
0
0
0
1
0
1
0
1
0
0
0
0
0
1
0
0
0
0
1
0
0
0
0
0
0
0
0
0
0
0
0
0
0
0
0
0
0
0
0
0
0
0
0
0
2
0
0
0
0
0
0
1
0
0
0
0
0
0
0
0
1
0
0
0
0
0
0
0
0
0
0
0
0
0
2
1
0
0
0
0
0
0
0
0
0
0
0
1
0
0
0
0
0
0
0
1
0
1
0
0
0
0
0
0
1
0
0
0
0
0
0
1
1
0
0
0
0
0
0
0
0
0
0
1
0
0
1
0
0
0
0
0
0
0
0
0
0
0
0
0
0
1
0
0
0
0
0
0
0
0
0
0
1
1
0
0
0
0
0
0
0
0
0
0
0
0
0
0
0
0
0
0
0
0
0
1
1
0
0
0
0
0
0
0
0
1
1
0
0
0
0
0
0
0
0
0
0
0
0
0
0
0
0
0
0
0
0
0
0
0
0
0
0
0
0
0
0
0
1
0
0
0
0
0
0
0
0
0
0
0
0
0
0
0
0
0
0
0
0
0
0
0
0
0
0
0
0
0
0
0
0
0
0
0
1
0
0
0
0
0
0
0
0
0
0
0
0
0
0
0
0
0
0
0
0
0
0
0
0
0
0
0
0
0
0
0
0
0
0
0
1
0
0
0
0
0
0
0
0
0
0
0
0
0
0
0
0
0
0
0
0
0
0
0
1
0
0
0
0
0
0
0
0
0
0
0
0
0
0
2
0
0
0
0
0
0
0
0
0
0
0
0
0
0
0
0
0
0
0
0
0
0
0
0
0
0
0
0
0
1
1
0
0
0
0
0
0
0
0
0
0
0
0
0
0
0
0
0
0
0
0
0
0
0
1
0
0
0
0
0
0
0
0
0
0
0
0
0
0
0
0
0
0
0
0
0
0
0
0
0
0
0
0
0
0
0
0
0
0
0
0
0
0
0
0
0
0
0
0
1
0
0
0
0
0
0
0
0
0
0
0
0
0
0
0
0
0
0
0
0
0
0
1
0
0
0
0
0
0
0
0
0
0
0
1
0
0
0
0
0
0
0
0
0
0
0
0
0
0
0
0
0
0
0
0
0
0
0
0
0
0
0
0
0
0
0
0
0
0
0
0
0
0
0
0
0
0
0
0
0
0
0
0
0
0
0
0
0
0
0
0
0
0
0
0
0
0
0
0
0
0
0
0
0
0
0
0
0
0
0
0
0
0
0
0
0
0
0
0
0
0
0
0
0
0
0
0
0
0
0
0
0
0
0
0
0
0
0
0
0
0
0
0
0
0
0
0
0
0
0
0
0
0
0
0
0
1
0
0
0
0
0
0
0
0
0
1
0
0
0
0
0
0
1
0
0
0
0
0
0
0
0
0
0
0
0
0
0
0
0
0
0
0
0
0
0
0
0
0
0
0
0
0
0
0
0
0
0
0
0
0
0
0
0
0
0
0
0
0
0
0
0
0
0
0
0
0
0
0
0
0
0
0
0
0
0
0
0
0
0
0
0
0
0
0
0
0
0
0
0
0
0
0
0
0
0
0
0
0
0
0
0
0
0
0
0
0
0
0
0
0
0
0
0
0
0
0
0
0
0
0
0
0
0
0
0
0
0
0
0
0
0
0
0
0
0
0
0
0
0
0
0
0
0
0
0
0
0
0
0
0
0
0
0
0
0
0
0
0
0
0
0
0
0
0
0
0
0
0
0
0
0
0
0
0
0
0
0
0
0
0
0
0
0
0
0
0
0
0
0
0
0
0
0
0
0
0
0
0
0
0
0
0
0
0
0
0
0
0
0
0
0
0
0
0
0
0
0
0
0
0
0
0
0
0
0
0
0
0
0
0
0
0
0
0
0
0
0
0
0
0
0
0
0
0
0
0
0
0
0
0
0
0
0
0
0
0
0
0
0
0
0
0
0
0
0
0
0
0
0
0
0
0
0
0
0
0
0
0
0
0
0
0
0
0
0
0
0
0
0
0
1
0
0
0
0
1
0
0
0
0
0
0
0
0
0
0
0
1
0
0
0
0
0
0
0
0
0
0
0
0
0
0
0
0
0
0
0
0
0
0
0
0
0
0
0
0
0
0
0
0
0
0
0
0
0
0
0
0
0
0
0
0
0
0
0
0
0
0
0
0
0
0
0
0
0
0
0
0
0
0
0
0
0
0
0
0
0
0
0
0
0
0
0
0
0
0
0
0
0
0
0
0
1
0
0
0
0
0
0
0
0
0
0
0
0
0
0
0
0
0
1
0
0
0
0
1
0
0
0
0
0
0
0
0
0
0
0
0
0
0
0
0
0
0
0
0
0
0
0
0
0
0
0
0
0
0
0
0
0
0
0
0
0
0
0
0
0
0
0
0
0
0
0
0
0
0
0
0
0
0
0
0
0
0
0
0
0
0
0
0
0
0
0
0
0
0
0
0
0
0
0
0
0
1
1
0
0
0
0
0
0
0
0
0
0
0
0
0
0
0
0
0
0
0
0
0
0
0
0
0
0
0
0
0
0
0
0
0
0
0
0
0
0
0
0
0
0
0
0
0
0
0
0
0
0
0
0
0
0
0
0
0
0
0
0
0
0
0
0
0
0
0
0
0
0
0
0
0
0
0
0
0
0
0
0
0
0
0
0
0
0
0
0
0
0
0
0
0
0
0
0
0
0
0
0
0
0
0
0
0
0
0
0
0
0
0
0
0
0
0
0
0
0
0
0
0
0
0
0
0
0
0
0
0
0
0
0
0
0
0
0
0
0
0
0
0
