0
0
0
0
0
0
0
0
0
0
0
0
0
0
0
0
0
0
0
0
0
0
0
0
0
0
0
0
0
0
0
0
0
0
0
0
0
0
0
0
0
0
0
0
0
0
0
0
0
0
0
0
0
0
0
0
0
0
0
0
0
0
0
0
0
0
0
0
0
0
0
0
0
0
0
0
0
0
0
0
0
0
0
0
0
0
0
0
0
0
0
0
0
0
0
0
0
0
0
0
0
0
0
0
0
0
0
0
0
0
0
0
0
0
0
0
0
0
0
0
0
0
0
0
0
0
0
0
0
0
0
0
0
0
0
0
0
0
0
0
0
0
0
0
0
0
0
0
0
0
0
0
0
0
0
0
0
0
0
0
0
0
0
0
0
0
0
0
0
0
0
0
0
0
0
0
0
0
0
0
0
0
0
0
0
0
0
0
0
0
0
0
0
0
0
0
0
0
0
0
0
0
0
0
0
0
0
0
0
0
0
0
0
0
0
0
0
0
0
0
0
0
0
0
0
0
0
0
0
0
0
0
0
0
0
0
0
0
0
0
0
0
0
0
0
0
0
0
0
0
0
0
0
0
0
0
0
0
0
0
0
0
0
0
0
0
0
0
0
0
0
0
0
0
0
0
0
0
0
0
0
0
0
0
0
0
0
0
0
0
0
0
0
0
0
0
0
0
0
0
0
0
0
0
0
0
0
0
0
0
0
0
0
0
0
0
0
0
0
0
0
0
0
0
0
0
0
0
0
0
0
0
0
0
0
0
0
0
0
0
0
0
0
0
0
0
0
0
0
0
0
0
0
0
0
0
0
0
0
0
0
0
0
0
0
0
0
0
0
0
0
0
0
0
0
0
0
0
0
0
0
0
0
0
0
0
0
0
0
0
0
0
0
0
0
0
0
0
0
0
0
0
0
0
0
0
0
0
0
0
0
0
0
0
0
0
0
0
0
0
0
0
0
0
0
0
0
0
0
0
0
0
0
0
0
0
0
0
0
0
0
0
0
0
0
0
0
0
0
0
0
0
0
0
0
0
0
0
0
0
0
0
0
0
0
0
0
0
0
0
0
0
0
0
0
0
0
0
0
0
0
0
0
0
0
0
0
0
0
0
0
0
0
0
0
0
0
0
0
0
0
0
0
0
0
0
0
0
0
0
0
0
0
0
0
0
0
0
0
0
0
0
0
0
0
0
0
0
0
0
0
0
0
0
0
0
0
0
0
0
0
0
0
0
0
0
0
0
0
0
0
0
0
0
0
0
0
0
0
0
0
0
0
0
0
0
0
0
0
0
0
0
0
0
0
0
0
0
0
0
0
0
0
0
0
0
0
0
0
0
0
0
0
0
0
0
0
0
0
0
0
0
0
0
0
0
0
0
0
0
0
0
0
0
0
0
0
0
0
0
0
0
0
0
0
0
0
0
0
0
0
0
0
0
0
0
0
0
0
0
0
0
0
0
0
0
0
0
0
0
0
0
0
0
0
0
0
0
0
0
0
0
0
0
0
0
0
0
0
0
0
0
0
0
0
0
0
0
0
0
0
0
0
0
0
0
0
0
0
0
0
0
0
0
0
0
0
0
0
0
0
0
0
0
0
0
0
0
0
0
0
0
0
0
0
0
0
0
0
0
0
0
0
0
0
0
0
0
0
0
0
0
0
0
0
0
0
0
0
0
0
0
0
0
0
0
0
0
0
0
0
0
0
0
0
0
0
0
0
0
0
0
0
0
0
0
0
0
0
0
0
0
0
0
0
0
0
0
0
0
0
0
0
0
0
0
0
0
0
0
0
0
0
0
0
0
0
0
0
0
0
0
0
0
0
0
0
0
0
0
0
0
0
0
0
0
0
0
0
0
0
0
0
0
0
0
0
0
0
0
0
377
539
665
754
895
863
882
939
842
945
927
887
937
908
918
960
883
852
888
900
911
904
860
827
845
894
843
838
837
778
846
824
865
773
820
813
810
779
843
787
781
816
756
792
815
809
791
779
794
796
801
815
804
777
755
796
784
800
762
774
766
730
704
749
798
744
789
752
727
738
714
724
738
780
729
734
699
743
711
705
735
763
766
682
687
663
676
679
718
686
688
613
662
672
666
648
705
661
662
642
642
626
648
682
653
705
652
648
663
669
706
649
636
625
631
659
633
691
610
660
624
626
592
673
648
596
659
655
657
630
630
633
653
645
635
654
639
623
626
662
625
612
603
630
573
653
640
625
641
610
543
570
583
585
621
598
658
599
617
608
622
633
569
574
627
573
534
563
572
589
603
592
593
571
601
643
566
580
583
631
576
551
599
559
518
558
551
566
560
565
549
554
576
534
578
547
551
601
552
531
558
557
585
567
544
569
545
557
567
534
548
561
554
512
522
540
551
505
553
528
549
538
572
507
564
536
534
565
576
553
520
538
584
575
518
561
527
560
531
528
538
547
540
519
507
556
579
546
525
532
532
566
530
527
557
564
513
531
548
552
572
495
527
536
531
562
503
533
512
525
482
501
549
539
516
507
538
534
530
555
552
524
510
534
500
538
525
586
596
506
526
549
543
543
546
551
544
559
564
554
510
554
535
542
555
555
539
540
515
516
510
525
549
549
507
543
508
497
573
531
520
553
550
531
534
513
568
505
531
574
548
591
541
500
526
556
543
501
530
554
512
540
537
545
539
544
573
539
534
551
552
561
568
565
540
560
538
575
566
563
540
563
555
555
544
565
543
578
549
577
543
535
563
550
542
555
555
541
561
553
530
560
543
587
489
527
543
560
529
545
539
522
549
564
566
562
558
546
562
562
570
501
613
564
619
542
589
604
615
611
573
628
587
586
598
598
621
583
620
601
587
614
613
584
580
578
637
610
565
575
598
613
589
620
637
574
548
561
614
597
589
592
598
607
608
600
632
583
608
584
620
593
564
606
606
621
585
562
595
618
539
599
607
571
611
593
608
584
579
636
608
620
618
620
653
648
613
623
596
635
614
571
625
644
637
620
605
620
618
627
647
625
649
663
635
630
660
617
608
645
618
600
600
631
645
621
638
700
636
631
675
584
670
645
623
642
627
654
663
652
675
651
655
647
637
689
648
661
616
663
688
662
637
663
695
675
653
689
628
673
673
655
689
710
659
631
665
705
726
689
688
679
635
691
695
685
679
689
695
682
665
698
712
644
706
718
742
748
693
678
722
677
714
675
655
675
750
713
681
732
666
686
680
695
720
712
679
682
717
696
718
700
680
666
732
672
719
662
681
686
688
705
660
666
664
732
748
673
684
727
715
786
733
752
720
761
764
723
715
697
699
696
737
679
735
768
710
713
747
730
719
752
708
741
675
699
707
730
683
707
736
740
685
758
695
694
661
632
676
701
745
700
718
748
721
738
649
718
674
717
683
694
706
701
723
733
656
710
695
708
661
721
708
747
702
700
730
688
691
733
773
685
665
681
674
727
690
664
663
665
692
653
669
656
687
680
689
669
665
699
655
707
665
689
736
704
707
715
687
632
658
674
670
688
633
668
653
704
641
674
649
681
632
614
643
679
638
660
663
674
615
705
676
606
640
629
611
639
637
605
616
634
660
656
621
658
647
599
637
624
624
644
607
618
642
611
609
574
589
636
578
612
555
607
662
609
642
629
546
576
580
599
574
636
572
594
569
576
574
580
589
585
597
568
594
558
577
634
601
568
546
588
613
577
622
622
595
566
533
558
543
530
575
542
586
548
544
560
566
582
580
595
522
549
532
564
524
526
584
548
549
569
506
511
547
526
556
538
526
521
539
531
483
580
541
498
508
502
506
533
520
519
522
517
507
504
475
476
495
500
498
502
501
506
458
501
523
508
494
480
503
488
470
505
450
484
452
481
463
448
471
473
491
424
453
490
472
431
472
438
509
453
427
438
490
460
448
452
481
467
465
445
441
440
440
467
424
446
418
429
460
415
424
424
411
456
412
404
390
428
396
405
430
404
411
396
387
437
426
422
416
376
407
385
382
411
423
414
361
401
398
385
386
396
356
396
380
372
393
413
366
348
336
401
382
362
325
376
337
333
316
365
369
379
366
346
341
331
357
353
342
343
326
347
334
315
299
340
342
319
307
352
351
318
344
359
322
331
333
339
335
339
382
350
324
310
345
318
334
340
327
318
305
304
287
309
320
317
307
296
292
293
321
266
272
297
302
278
303
278
272
305
278
279
316
300
329
261
276
295
297
266
280
282
298
289
272
244
288
284
282
267
314
284
321
286
287
264
266
293
279
330
281
285
286
294
267
257
271
311
287
265
258
274
277
255
276
277
294
273
260
274
273
294
238
244
256
255
268
279
258
239
239
254
271
264
246
245
274
245
233
250
255
246
255
263
260
263
239
238
229
234
246
245
250
251
236
249
256
240
271
224
259
233
237
258
248
259
248
245
252
215
244
238
261
240
256
253
250
227
200
227
257
223
248
276
222
243
227
238
221
247
241
223
231
228
254
225
224
243
213
201
208
220
238
231
240
203
219
234
207
221
232
254
208
225
200
205
231
222
244
207
204
214
210
199
221
222
203
233
234
193
218
229
212
204
236
211
200
226
215
222
207
231
214
203
217
227
204
219
211
222
232
209
239
228
238
217
216
222
202
215
211
208
245
248
200
233
218
210
214
221
200
223
198
237
225
210
219
196
211
216
204
220
240
231
217
188
207
214
230
208
224
192
205
204
232
214
221
240
226
211
198
188
222
203
198
202
235
203
203
228
205
188
242
202
192
201
214
222
189
223
224
224
210
205
235
204
214
239
205
220
210
224
210
204
210
211
201
215
195
217
214
195
204
221
223
221
183
176
195
210
226
227
218
195
182
185
200
190
205
206
207
218
234
217
215
194
230
198
239
186
201
189
214
199
217
201
239
191
243
217
197
194
220
229
228
216
222
203
211
225
202
209
191
194
222
197
212
186
204
188
233
195
195
211
182
218
198
197
195
234
181
201
206
193
213
220
215
216
195
227
187
195
198
212
189
223
199
200
250
228
212
217
209
198
183
185
215
213
209
217
245
228
205
192
221
166
181
201
204
211
207
197
212
184
194
201
197
195
214
208
213
200
200
202
212
209
216
218
218
202
187
202
229
215
205
234
200
197
210
206
212
190
213
202
218
229
256
215
207
221
206
208
204
204
183
188
201
210
229
191
215
208
210
188
219
204
185
241
223
202
190
200
224
219
218
207
229
222
203
219
200
225
220
253
231
220
227
205
224
213
227
187
197
216
228
244
215
213
221
219
200
210
203
216
210
196
204
199
220
192
200
196
222
210
223
209
221
210
228
216
201
226
224
226
231
209
235
236
221
238
228
211
223
210
218
212
210
213
213
217
189
222
200
212
257
239
210
241
236
220
251
233
236
215
213
228
184
224
212
203
209
218
210
197
212
207
223
209
205
208
221
204
216
239
250
233
244
216
218
222
252
254
219
235
236
229
196
212
224
240
219
219
196
219
217
244
221
232
210
206
226
230
242
254
243
236
260
238
233
237
227
242
256
225
237
223
238
217
226
233
230
236
212
257
245
218
239
228
244
241
228
244
250
217
197
226
263
231
250
228
234
259
218
240
216
218
245
243
261
237
238
226
239
226
230
234
257
243
239
243
229
260
244
235
254
254
265
268
267
248
272
262
257
271
226
270
272
266
249
252
266
259
255
270
254
224
233
245
260
259
258
227
257
219
257
262
272
271
262
271
251
292
280
265
252
242
274
270
234
272
278
262
241
273
246
299
252
264
250
271
264
277
281
302
300
258
286
281
251
316
284
264
292
272
275
266
254
301
264
268
285
274
301
280
271
313
278
301
305
276
319
280
304
275
316
292
323
306
281
297
289
298
284
291
301
331
312
301
274
317
314
323
306
321
309
332
326
353
338
282
309
322
313
343
313
302
323
336
294
338
315
316
341
322
302
368
311
338
341
306
293
315
321
332
346
348
325
302
348
323
327
357
331
359
342
376
327
372
332
356
332
355
351
377
381
366
419
368
342
379
346
375
374
345
387
341
386
374
383
329
360
403
427
398
428
413
376
389
424
351
398
414
369
369
361
377
397
391
369
400
427
391
398
389
423
414
390
401
413
478
412
412
450
389
422
387
394
390
415
426
407
448
400
416
462
394
399
445
431
450
411
430
474
427
452
466
462
446
428
472
448
433
420
489
475
492
460
462
440
437
445
456
494
470
458
452
459
484
477
466
464
475
489
459
482
492
453
479
474
461
472
508
525
472
458
526
490
541
561
513
487
495
563
511
493
508
487
527
524
513
481
520
509
533
532
533
548
496
543
552
511
583
548
503
519
512
546
513
604
548
556
560
533
589
531
532
573
559
527
566
561
582
576
528
602
556
562
608
598
612
592
605
600
581
568
569
562
553
589
572
549
595
627
607
575
596
605
620
637
605
639
597
617
655
587
658
619
617
623
638
598
631
585
649
670
640
615
640
623
656
628
613
633
625
675
677
669
629
667
602
671
693
642
664
674
671
722
658
648
725
724
679
705
747
664
685
653
670
665
691
675
736
691
684
690
652
758
691
662
709
664
730
677
665
696
671
683
729
656
689
694
740
681
714
743
689
739
726
736
762
748
686
769
713
762
710
757
711
692
756
710
721
733
711
710
699
787
721
745
757
744
725
755
737
733
772
803
769
684
760
739
736
725
743
792
752
736
772
815
779
789
774
740
749
742
759
817
768
779
798
795
770
757
755
766
776
774
755
779
745
769
794
762
773
786
723
767
779
759
778
780
798
784
726
774
766
764
746
797
813
868
805
783
755
777
861
728
838
771
814
777
829
816
858
732
784
756
815
798
793
796
801
819
774
819
805
831
797
771
813
811
773
710
772
780
750
803
832
730
778
810
791
864
774
799
823
820
779
788
771
809
871
841
779
814
771
825
816
783
797
758
822
814
786
767
810
801
740
772
770
786
804
836
794
849
805
778
771
839
772
781
779
787
835
767
827
787
828
858
781
821
811
781
770
746
790
763
764
761
801
815
807
713
792
788
822
754
753
792
804
778
843
767
797
810
757
790
776
726
786
786
795
778
808
810
747
756
785
821
781
735
762
763
784
788
735
771
773
745
712
781
787
735
733
697
717
742
715
746
716
720
750
772
756
766
744
744
756
727
717
737
701
768
721
747
690
752
730
721
702
749
782
707
733
724
695
731
672
695
721
686
701
705
723
713
710
657
695
679
716
676
728
712
685
700
657
685
721
670
711
715
676
644
694
682
673
682
640
659
694
684
656
671
716
680
668
643
683
609
634
666
625
650
638
666
619
669
658
651
590
701
648
672
639
589
631
660
632
607
645
649
664
611
639
604
679
615
594
622
603
634
597
600
633
595
599
637
619
588
571
576
581
556
588
640
617
577
568
577
594
578
616
611
583
539
578
561
549
559
546
534
568
573
605
563
513
589
546
600
526
584
541
582
568
536
545
545
538
520
527
526
544
538
561
517
529
541
526
519
498
538
541
531
502
529
475
487
517
477
498
451
481
499
462
444
537
527
498
513
482
550
516
487
455
496
475
477
456
484
467
467
443
494
465
468
434
473
471
458
469
468
452
414
470
450
474
421
435
430
431
448
430
415
464
429
432
433
408
440
398
439
426
406
383
404
430
394
367
413
430
399
370
395
392
395
358
383
384
354
409
351
380
366
371
363
351
380
373
362
359
332
350
335
367
389
387
366
392
354
354
377
343
355
375
323
368
319
314
383
372
330
374
353
306
295
333
321
303
312
294
344
332
304
321
302
280
322
305
306
312
288
294
315
289
302
294
312
288
310
283
313
281
296
279
286
281
247
263
292
277
297
313
253
288
272
273
301
240
266
249
273
273
265
266
281
249
261
250
258
248
262
272
258
256
249
285
246
243
266
236
268
233
247
223
254
217
258
230
225
231
250
211
230
216
203
217
222
251
213
233
197
217
207
220
240
235
196
221
225
202
205
220
222
197
227
202
210
200
179
223
195
195
184
199
201
225
201
194
189
186
185
208
175
201
194
198
193
215
162
180
189
192
181
153
178
163
170
192
176
159
179
174
150
171
185
162
161
165
184
164
171
160
154
171
160
160
185
157
136
165
162
122
156
139
144
148
144
141
144
159
154
156
147
153
143
137
158
151
148
153
133
146
162
154
156
120
124
141
140
146
118
144
125
122
131
127
128
103
130
141
119
131
130
107
111
101
120
126
119
107
110
117
131
102
116
117
104
117
103
115
103
94
120
119
108
127
98
88
121
99
122
106
95
96
112
111
108
88
133
94
104
87
102
100
97
102
97
100
104
106
88
86
85
79
91
89
88
90
69
77
100
68
76
81
85
83
79
87
87
78
83
69
82
92
88
87
72
96
79
82
79
70
51
69
74
69
84
86
84
64
76
75
84
85
72
65
71
65
82
73
59
73
66
70
77
68
74
63
69
64
54
65
72
72
56
56
53
73
54
74
69
71
86
44
52
67
68
51
70
64
61
34
56
67
61
55
48
54
54
64
51
61
66
48
62
51
36
50
56
63
52
50
58
46
47
58
63
49
53
54
43
48
63
51
34
47
39
51
43
43
47
49
49
56
53
41
40
48
37
38
27
51
37
49
38
47
44
51
39
33
47
44
44
44
45
44
29
42
36
40
49
41
53
42
33
33
31
50
29
31
30
41
28
31
43
40
40
35
31
34
41
41
31
43
40
28
46
45
45
39
28
37
33
31
41
28
29
28
26
28
35
28
35
25
45
38
30
42
40
35
23
29
30
37
37
20
38
35
30
32
34
16
20
41
32
25
41
34
34
34
45
20
19
26
25
18
15
33
33
22
31
23
22
38
30
27
23
31
31
25
27
25
25
30
36
36
32
31
25
23
22
22
22
28
29
27
13
26
29
28
27
25
23
19
22
27
26
22
26
23
21
23
13
17
18
25
27
19
26
23
29
18
16
16
20
14
15
26
29
26
26
18
27
24
24
15
26
25
21
18
13
23
18
21
20
19
21
17
22
20
25
16
10
22
20
23
20
18
18
18
19
26
22
17
20
15
18
27
20
19
15
18
21
13
23
19
18
15
19
18
21
21
21
14
14
17
12
21
16
17
19
13
9
17
21
22
21
21
16
9
19
12
20
13
15
17
18
14
18
18
13
11
12
12
15
14
19
27
18
16
20
13
16
21
21
17
13
16
14
29
18
22
12
10
11
19
14
15
17
17
18
21
12
17
15
9
30
15
18
13
7
21
18
14
16
17
15
19
15
19
16
16
16
20
24
15
17
18
16
14
25
17
17
18
10
10
14
9
9
19
14
21
15
15
14
12
19
14
15
13
23
20
15
10
13
15
16
13
19
17
17
10
21
11
13
19
12
11
11
12
12
13
8
11
23
23
14
15
11
16
13
11
11
13
18
10
14
17
10
22
12
14
12
9
14
17
12
15
22
15
11
11
15
8
14
15
10
12
15
14
23
10
9
16
20
14
11
18
8
12
6
10
14
14
11
13
18
12
10
19
12
9
11
21
24
22
6
11
20
11
9
13
14
9
16
9
11
21
9
10
17
10
14
8
14
6
9
14
17
12
14
9
8
16
12
18
13
14
10
13
14
20
9
12
9
13
14
14
14
10
17
8
17
13
14
18
9
19
13
16
14
15
12
15
16
17
16
15
17
20
12
14
8
9
15
7
14
18
9
17
11
14
11
16
17
15
18
12
16
10
15
17
6
11
8
14
17
14
14
17
15
18
15
8
11
11
11
11
18
15
11
19
10
14
15
9
13
15
9
11
17
12
12
11
18
23
14
9
13
9
6
17
12
12
11
14
13
15
14
12
14
9
15
18
14
18
16
22
9
15
12
12
16
16
10
14
11
10
14
15
10
10
10
11
9
16
13
12
25
16
12
8
8
12
13
13
13
14
12
10
12
13
18
17
10
17
12
10
11
9
12
14
14
13
7
15
11
13
9
15
12
14
15
7
13
12
17
7
10
13
6
17
13
13
11
12
17
18
9
10
12
16
13
11
14
11
8
5
10
19
16
15
12
16
18
12
19
8
12
13
18
9
9
19
10
13
16
13
16
11
10
14
14
12
11
14
17
8
14
21
14
13
14
14
20
18
10
19
13
15
18
16
12
14
9
14
16
11
12
25
8
14
13
14
12
22
21
7
17
14
12
12
16
13
18
7
17
10
14
13
16
14
7
9
10
7
10
16
8
7
8
13
9
16
15
13
14
13
7
8
14
14
14
10
11
7
14
6
21
10
14
15
7
17
21
5
13
6
13
12
17
12
6
15
10
9
8
16
9
8
11
14
9
12
8
14
14
15
10
13
11
16
12
11
12
11
18
14
9
16
11
15
8
18
10
12
11
17
7
12
10
19
9
15
10
14
8
10
12
8
15
12
9
13
14
10
9
9
18
10
13
11
8
7
13
9
6
14
16
10
21
14
6
10
8
18
7
15
17
8
13
11
7
13
20
14
10
16
14
9
7
13
7
15
10
11
9
18
15
13
11
9
10
13
7
15
7
18
12
7
9
11
9
8
13
12
8
9
11
13
16
11
7
5
6
7
13
9
10
10
14
15
12
14
10
11
11
9
9
14
8
12
16
12
9
8
16
17
16
13
12
10
18
24
10
7
10
10
9
12
5
12
16
11
10
20
14
9
8
17
12
10
11
9
10
11
11
10
14
11
14
11
13
11
6
10
14
11
20
10
10
8
15
9
11
11
14
14
7
13
8
11
12
11
7
9
10
15
14
13
12
16
7
13
10
12
10
14
13
9
12
9
14
9
10
9
11
12
7
10
13
9
9
16
4
16
17
4
9
12
9
9
14
13
9
11
13
9
15
12
12
8
10
11
12
16
9
11
11
12
12
13
11
10
19
12
10
10
12
10
9
16
14
11
14
19
12
16
13
8
10
8
9
8
11
18
13
13
14
7
19
10
11
9
12
15
16
12
17
8
17
13
10
12
14
11
6
12
10
15
12
20
7
11
9
11
6
11
13
6
11
10
10
14
10
13
15
5
14
10
12
11
8
9
15
7
11
8
14
15
17
12
6
12
12
7
8
14
15
11
8
11
6
10
6
12
9
15
12
9
9
10
11
7
15
12
10
9
8
8
9
9
16
11
10
11
15
8
11
10
16
12
4
11
8
9
9
6
6
9
7
14
8
14
10
11
11
16
13
11
13
5
8
8
16
11
9
15
11
12
16
8
8
17
8
9
12
12
14
6
12
10
13
17
12
15
13
9
7
7
7
9
8
11
9
17
4
7
10
12
10
7
9
12
7
7
12
14
6
11
10
14
9
5
14
9
10
15
8
12
9
12
7
8
10
8
8
12
12
15
14
13
13
10
8
7
7
9
11
10
6
15
12
14
6
18
8
13
13
4
6
16
8
12
10
11
10
12
9
5
11
8
11
14
13
10
11
12
14
15
6
7
10
11
19
12
9
6
13
12
9
13
9
8
10
12
16
10
16
14
11
13
8
16
15
6
14
14
14
11
10
18
13
12
8
14
10
12
14
18
10
6
10
10
11
9
19
8
13
10
8
14
10
10
9
6
11
8
11
9
12
12
15
13
11
11
9
8
8
10
6
7
8
9
10
11
13
8
9
8
13
6
8
9
7
12
9
13
9
12
12
11
13
7
4
6
11
9
8
12
5
15
10
10
17
10
13
10
10
14
7
9
8
15
6
12
7
10
7
8
10
10
10
8
8
20
12
9
10
14
13
7
9
5
8
11
16
5
9
9
11
14
13
16
11
10
15
6
14
3
10
10
10
7
14
11
13
3
9
9
7
17
10
13
10
12
12
10
19
5
14
13
9
10
11
8
11
12
6
14
14
13
13
14
8
9
8
8
11
11
10
9
8
8
18
12
4
8
9
12
5
12
12
12
9
16
12
9
16
15
10
13
11
11
14
8
14
11
8
5
11
11
16
11
5
12
5
13
12
11
14
6
6
13
17
9
10
10
8
9
11
15
16
14
10
11
10
10
16
10
14
11
6
7
11
15
15
6
8
13
6
13
8
8
9
9
12
11
8
13
18
11
16
16
8
7
10
10
15
14
13
11
15
13
13
14
10
15
9
5
8
10
10
8
11
7
12
11
18
10
6
13
10
11
13
10
11
8
15
11
14
25
14
9
11
19
8
17
19
14
14
12
12
12
7
13
13
13
9
12
18
8
19
12
12
17
12
13
14
10
15
12
10
15
11
11
8
13
12
15
10
12
10
11
10
11
12
11
16
11
11
15
17
17
19
17
13
14
14
8
6
13
10
13
10
7
7
13
12
18
8
7
8
18
13
15
7
15
7
11
5
15
8
7
6
8
18
11
16
8
12
10
12
10
23
10
11
12
11
11
12
12
15
10
14
16
10
15
11
10
9
4
14
16
10
12
13
9
8
11
10
9
16
8
13
9
9
10
9
12
13
9
8
17
12
10
9
14
9
14
9
15
11
15
12
12
18
11
6
21
15
21
18
16
14
11
12
16
15
10
12
13
15
12
8
19
20
9
12
8
9
8
14
7
19
10
9
6
9
8
14
13
7
8
6
14
5
14
7
11
13
20
15
16
7
9
9
11
9
19
13
9
6
17
14
10
9
11
19
8
14
13
13
14
16
9
18
14
13
12
6
8
9
14
15
5
14
23
14
17
4
12
13
11
12
15
10
11
11
10
8
13
3
10
15
11
16
10
10
14
14
14
12
15
5
3
7
10
12
11
11
12
12
9
18
16
12
14
16
11
15
9
16
15
11
15
14
10
9
11
13
14
10
7
10
13
15
10
8
15
10
9
8
8
8
12
13
6
6
14
10
11
10
13
11
3
15
14
14
12
13
12
15
10
14
13
13
9
11
14
18
12
15
16
10
19
12
9
6
12
10
16
10
11
9
13
15
21
10
8
15
9
13
11
15
8
13
14
12
9
10
13
4
7
11
13
9
16
4
5
14
6
12
15
13
11
9
17
14
13
9
12
17
10
8
9
10
8
14
12
19
11
16
4
12
8
13
16
5
8
11
8
6
10
10
10
11
11
10
7
7
9
12
10
13
16
13
14
10
17
15
9
11
14
8
10
13
14
9
11
7
9
15
15
12
4
15
13
14
7
7
15
9
14
8
9
10
6
15
9
12
9
15
13
14
11
16
16
9
19
13
17
11
6
13
18
13
11
13
8
14
10
11
10
17
11
14
12
10
13
8
11
7
10
16
8
9
5
13
14
9
7
11
11
16
15
8
14
10
15
17
8
9
17
12
16
12
14
20
14
7
10
3
13
13
17
8
9
16
9
11
17
10
12
11
7
7
13
14
12
8
10
12
12
8
8
8
6
15
22
12
14
10
12
14
11
10
13
9
11
13
11
8
12
14
7
6
20
3
11
13
12
13
13
9
13
8
5
15
16
15
19
12
16
14
13
13
7
12
12
14
12
5
8
9
13
10
8
17
7
9
18
12
13
7
13
10
9
6
13
17
14
12
12
7
14
10
15
13
10
12
9
9
14
13
17
16
11
5
7
10
11
12
7
17
11
14
15
5
12
5
14
9
14
14
13
13
14
11
6
14
10
8
9
14
10
15
9
9
7
11
11
7
10
8
10
12
10
7
12
10
12
7
11
16
9
9
9
11
11
9
10
13
16
15
8
12
12
5
7
7
8
8
13
11
15
13
12
8
7
9
9
6
7
10
8
7
7
9
12
9
9
18
10
12
10
8
8
19
9
12
10
11
12
10
11
13
10
6
5
13
10
10
16
9
18
15
15
5
9
7
6
10
6
11
16
9
12
7
15
11
8
6
14
7
7
14
8
12
5
5
9
5
8
8
8
4
9
7
10
6
10
5
9
12
7
4
6
7
10
5
12
6
8
2
11
8
10
11
8
7
8
8
5
11
14
8
16
16
8
15
8
8
13
12
10
10
8
6
12
12
11
14
11
6
7
9
7
14
12
10
6
10
11
11
13
11
7
13
1
15
8
13
8
10
6
10
13
13
7
7
7
6
4
11
10
11
7
7
4
7
7
7
4
5
4
6
11
7
3
7
6
12
7
9
6
6
5
5
9
8
11
6
8
5
6
7
6
10
5
4
7
10
8
5
7
1
10
10
9
10
5
9
8
7
9
6
6
6
8
1
3
10
10
7
8
5
11
2
10
8
8
6
10
9
8
6
9
6
12
5
6
6
4
5
9
5
7
2
5
8
7
5
12
3
6
5
11
1
4
3
11
7
8
8
5
7
5
5
5
3
8
4
6
6
7
7
5
11
4
4
9
7
4
7
9
7
2
10
3
8
9
7
11
12
7
4
6
9
6
10
4
9
4
5
14
2
9
6
8
6
3
7
4
3
4
0
4
5
7
7
6
3
6
6
5
3
6
6
2
5
6
7
5
6
3
6
7
1
8
6
2
2
6
4
7
3
2
6
9
2
8
2
5
9
7
9
6
7
8
4
8
6
6
9
5
5
5
7
4
9
2
6
7
3
8
4
6
1
2
6
3
7
4
3
1
9
3
3
3
2
8
9
3
5
6
3
8
3
7
3
4
9
5
2
5
6
5
6
6
6
8
3
11
6
3
4
9
6
9
6
3
6
10
2
5
3
5
4
7
8
6
7
3
1
3
5
6
3
2
4
4
5
2
4
5
5
10
4
9
3
9
6
3
7
4
1
0
6
5
1
2
2
5
3
6
7
4
3
3
4
2
3
7
5
4
1
6
1
7
2
7
2
3
7
1
2
2
3
2
3
4
8
2
7
5
5
5
5
2
5
3
2
5
2
2
3
7
2
3
7
6
1
2
4
4
5
4
2
7
4
3
2
3
1
2
3
1
6
6
4
2
2
4
3
2
2
3
4
3
5
4
4
5
3
3
6
4
2
5
0
5
3
2
2
1
4
2
10
2
1
4
3
2
8
4
5
3
2
6
3
4
3
4
1
3
3
3
3
5
2
4
4
3
2
2
2
3
2
3
4
0
6
3
3
3
4
3
3
3
5
3
2
2
0
4
1
6
4
7
1
2
3
1
2
1
2
4
6
3
5
2
1
3
5
2
2
4
4
6
3
3
1
2
1
2
3
3
0
1
0
4
1
1
5
5
1
6
1
4
1
6
2
0
2
0
0
3
3
1
3
4
3
2
1
3
3
1
2
1
1
2
2
1
3
2
4
2
2
2
1
4
2
2
5
2
1
1
1
5
2
0
0
0
0
0
2
4
2
0
3
0
2
5
1
1
1
1
2
4
0
2
1
2
0
1
0
1
2
1
2
2
2
2
1
1
2
1
3
2
1
0
1
3
1
0
2
1
1
0
0
0
1
2
1
2
1
2
1
2
1
2
1
0
2
0
3
1
2
0
3
3
0
0
4
1
1
4
3
0
2
0
0
0
1
1
2
2
0
3
1
0
1
2
0
0
0
1
1
0
2
2
0
0
0
3
2
0
3
1
2
1
2
0
2
2
1
0
0
1
0
1
1
1
0
3
2
1
0
0
0
2
2
3
0
3
1
0
1
0
1
3
2
2
3
0
1
2
2
3
2
2
0
1
0
2
2
0
0
2
0
2
2
1
1
3
1
1
3
0
0
3
0
0
0
0
1
4
1
4
1
2
0
3
0
2
0
0
2
1
0
2
4
1
1
1
1
1
1
0
3
1
1
0
0
2
1
1
1
2
2
1
2
2
1
1
4
3
2
1
0
2
2
2
1
0
1
0
1
1
1
0
1
1
2
1
1
1
1
1
0
1
0
1
0
3
0
0
1
1
2
1
2
1
0
1
0
0
1
1
0
0
1
0
1
0
0
0
0
1
1
2
0
2
1
1
0
1
2
0
0
0
1
4
1
1
0
2
0
1
2
1
2
0
2
0
1
0
0
0
1
0
0
1
0
1
0
1
0
2
0
0
2
0
0
0
0
0
1
0
2
1
0
0
3
0
1
2
3
1
2
0
1
0
1
1
1
0
1
1
1
0
0
1
2
1
0
0
0
3
1
2
1
1
0
2
0
0
0
1
1
1
0
0
1
2
3
1
1
2
1
0
0
0
1
1
1
0
1
0
0
5
2
1
1
0
0
0
0
2
1
1
0
2
1
0
2
2
0
2
2
2
0
0
1
1
1
3
1
0
0
0
1
2
2
0
2
1
0
0
1
2
0
0
2
0
1
1
0
0
1
0
1
1
1
2
1
1
0
0
1
0
0
0
2
1
1
0
0
1
1
0
0
0
0
1
0
0
0
1
0
2
2
0
1
0
0
0
1
0
1
0
0
2
0
0
0
0
0
0
0
1
1
0
0
0
0
0
1
0
0
0
0
2
2
1
0
1
0
0
0
0
1
0
2
1
1
1
0
1
0
0
0
0
2
0
1
1
0
1
1
2
1
1
0
0
0
1
0
0
0
1
0
0
0
0
0
0
0
0
0
0
1
1
0
1
0
0
0
0
0
0
0
1
0
3
0
1
1
0
1
1
2
0
1
0
1
1
1
0
2
0
0
0
0
0
3
0
1
2
1
0
0
1
0
1
0
1
0
0
1
2
0
1
2
1
0
1
1
1
0
0
3
1
0
1
1
1
2
0
0
2
0
0
0
0
0
1
1
1
1
0
0
2
1
1
0
0
1
0
0
0
1
0
0
1
1
1
2
1
2
1
1
0
1
2
0
0
2
0
1
1
0
0
1
1
0
0
0
0
0
0
0
0
0
0
0
0
0
1
0
0
0
0
0
0
1
0
0
1
0
2
1
0
2
0
1
1
1
0
0
1
1
0
1
1
0
0
2
0
0
1
1
1
0
1
1
1
3
0
2
0
0
0
2
1
0
0
0
0
1
1
0
1
0
1
1
0
4
0
3
0
2
1
1
0
1
1
0
0
1
0
1
0
2
0
0
0
1
0
0
0
0
1
0
0
0
0
0
0
0
0
0
0
1
0
0
0
1
0
1
0
0
0
0
0
0
0
0
1
1
0
0
0
0
0
1
0
0
1
1
3
1
1
0
0
2
0
1
0
0
0
1
0
0
0
0
0
0
0
0
0
0
0
0
1
0
0
1
0
0
0
0
0
1
1
2
0
0
1
0
0
0
2
0
0
0
0
0
0
0
0
0
0
0
1
0
0
0
1
0
0
2
0
1
1
0
0
1
0
1
1
0
1
1
0
0
0
1
0
0
0
1
0
1
0
1
1
2
2
1
1
0
2
0
0
0
1
1
3
0
0
2
0
0
2
1
0
1
2
0
1
0
1
2
0
1
1
0
0
0
0
1
1
0
1
0
0
0
0
1
0
0
1
1
1
0
1
1
1
1
1
1
0
0
1
2
2
1
2
1
0
0
0
0
0
0
0
2
1
1
0
0
0
0
1
0
1
1
0
2
3
0
1
0
0
2
0
0
4
0
2
1
0
0
0
1
0
0
1
0
0
0
0
0
0
1
0
0
0
0
0
0
0
0
0
0
0
1
0
0
0
0
0
0
0
0
0
0
0
0
0
0
0
0
0
0
0
0
0
0
0
0
0
0
1
1
0
1
0
0
1
0
2
1
0
0
0
0
0
0
2
0
0
0
0
0
2
0
1
1
1
0
0
0
1
0
0
0
0
2
1
0
0
0
0
0
0
1
0
0
0
1
0
0
0
0
1
0
0
1
0
1
0
1
0
1
1
1
0
0
0
0
0
1
0
0
0
0
0
0
0
3
0
0
1
0
0
0
1
1
1
1
2
1
1
0
0
1
0
0
0
2
0
0
1
0
1
1
0
1
0
0
0
0
0
0
1
1
1
1
1
2
0
1
0
0
0
0
1
0
0
0
0
0
2
0
0
1
0
3
1
3
2
0
1
0
0
0
1
0
0
1
0
0
0
0
0
0
0
1
0
0
0
3
0
0
0
1
0
0
1
1
0
1
1
0
0
0
1
0
1
0
0
1
0
0
0
0
0
0
0
0
0
0
2
0
0
0
0
1
1
0
0
2
0
1
0
0
0
1
0
0
0
0
0
0
1
1
0
0
0
0
2
0
0
1
0
0
0
1
1
2
1
2
1
0
0
0
0
0
0
0
1
1
0
0
0
1
3
3
0
2
0
0
1
3
0
1
0
2
1
0
1
0
2
0
2
0
1
1
0
0
0
0
0
1
1
0
0
1
1
0
1
1
0
0
0
1
0
0
0
1
0
2
0
0
1
0
1
0
1
0
0
0
1
0
0
0
0
0
0
0
1
0
1
1
0
0
0
0
1
0
0
0
0
1
0
0
1
0
0
1
0
0
0
0
1
0
0
0
0
1
1
2
0
0
0
0
0
1
0
0
0
0
1
1
3
0
0
0
1
0
1
0
0
0
0
1
1
0
0
1
0
1
2
2
2
1
0
0
0
0
0
1
0
1
0
0
0
0
0
0
0
0
1
0
1
0
0
1
1
0
1
0
1
0
0
0
0
0
0
0
0
3
0
1
0
0
1
1
0
1
0
0
0
0
0
2
0
0
0
0
1
0
0
0
0
0
1
0
1
0
1
1
0
1
0
0
0
0
0
0
0
0
0
0
0
0
0
0
0
0
0
0
0
0
1
0
0
0
0
0
0
0
0
0
0
0