0
0
0
0
0
0
0
0
0
0
0
0
0
0
0
0
0
0
0
0
0
0
0
0
0
0
0
0
0
0
0
0
0
0
0
0
0
0
0
0
0
0
0
0
0
0
0
0
0
0
0
0
0
0
0
0
0
0
0
0
0
0
0
0
0
0
0
0
0
0
0
0
0
0
0
0
0
0
0
0
0
0
0
0
0
0
0
0
0
0
0
0
0
0
0
0
0
0
0
0
0
0
0
0
0
0
0
0
0
0
0
0
0
0
0
0
0
0
0
0
0
0
0
0
0
0
0
0
0
0
0
0
0
0
0
0
0
0
0
0
0
0
0
0
0
0
0
0
0
0
0
0
0
0
0
0
0
0
0
0
0
0
0
0
0
0
0
0
0
0
0
0
0
0
0
0
0
0
0
0
0
0
0
0
0
0
0
0
0
0
0
0
0
0
0
0
0
0
0
0
0
0
0
0
0
0
0
0
0
0
0
0
0
0
0
0
0
0
0
0
0
0
0
0
0
0
0
0
0
0
0
0
0
0
0
0
0
0
0
0
0
0
0
0
0
0
0
0
0
0
0
0
0
0
0
0
0
0
0
0
0
0
0
0
0
0
0
0
0
0
0
0
0
0
0
0
0
0
0
0
0
0
0
0
0
0
0
0
0
0
0
0
0
0
0
0
0
0
0
0
0
0
0
0
0
0
0
0
0
0
0
0
0
0
0
0
0
0
0
0
0
0
0
0
0
0
0
0
0
0
0
0
0
0
0
0
0
0
0
0
0
0
0
0
0
0
0
0
0
0
0
0
0
0
0
0
0
0
0
0
0
0
0
0
0
0
0
0
0
0
0
0
0
0
0
0
0
0
0
0
0
0
0
0
0
0
0
0
0
0
0
0
0
0
0
0
0
0
0
0
0
0
0
0
0
0
0
0
0
0
0
0
0
0
0
0
0
0
0
0
0
0
0
0
0
0
0
0
0
0
0
0
0
0
0
0
0
0
0
0
0
0
0
0
0
0
0
0
0
0
0
0
0
0
0
0
0
0
0
0
0
0
0
0
0
0
0
0
0
0
0
0
0
0
0
0
0
0
0
0
0
0
0
0
0
0
0
0
0
0
0
0
0
0
0
0
0
0
0
0
0
0
0
0
0
0
0
0
0
0
0
0
0
0
0
0
0
0
0
0
0
0
0
0
0
0
0
0
0
0
0
0
0
0
0
0
0
0
0
0
0
0
0
0
0
0
0
0
0
0
0
0
0
0
0
0
0
0
0
0
0
0
0
0
0
0
0
0
0
0
0
0
0
0
0
0
0
0
0
0
0
0
0
0
0
0
0
0
0
0
0
0
0
0
0
0
0
0
0
0
0
0
0
0
0
0
0
0
0
0
0
0
0
0
0
0
0
0
0
0
0
0
0
0
0
0
0
0
0
0
0
0
0
0
0
0
0
0
0
0
0
0
0
0
0
0
0
0
0
0
0
0
0
0
0
0
0
0
0
0
0
0
0
0
0
0
0
0
0
0
0
0
0
0
0
0
0
0
0
0
0
0
0
0
0
0
0
0
0
0
0
0
0
0
0
0
0
0
0
0
0
0
0
0
0
0
0
0
0
0
0
0
0
0
0
0
0
0
0
0
0
0
0
0
0
0
0
0
0
0
0
0
0
0
0
0
0
0
0
0
0
0
0
0
0
0
0
0
0
0
0
0
0
0
0
0
0
0
0
0
0
0
0
0
0
0
0
0
0
0
0
0
0
0
0
0
0
0
0
0
0
0
0
0
0
0
0
0
0
0
0
0
0
0
0
0
0
0
0
0
0
0
0
0
0
0
0
0
0
0
0
0
0
0
0
0
0
0
0
0
0
0
0
0
0
0
0
0
0
0
0
71
60
59
79
61
67
69
59
63
69
75
92
60
64
82
69
58
61
63
54
60
74
68
65
67
59
72
60
54
64
74
58
69
61
66
62
69
59
76
66
55
48
66
48
65
57
70
94
73
59
66
51
70
60
63
42
61
58
65
64
66
51
71
60
65
61
65
58
67
64
68
63
58
66
56
70
64
70
73
66
66
51
65
47
63
58
58
55
52
39
57
57
54
59
54
53
58
72
49
61
59
55
45
52
62
65
64
55
52
47
56
47
56
64
62
61
67
56
65
53
50
53
48
57
48
72
69
78
68
60
63
57
56
60
61
57
50
71
69
67
59
61
45
72
53
54
58
49
48
57
55
60
60
58
78
70
62
67
58
50
60
56
51
50
60
57
64
49
54
47
53
55
70
67
57
53
56
56
53
58
60
66
51
60
57
62
45
51
69
52
59
64
55
53
55
63
51
67
59
48
50
49
46
64
51
70
51
70
46
56
59
57
60
59
61
49
56
68
51
67
61
62
55
50
58
56
57
50
65
58
50
46
68
50
56
57
66
61
72
53
56
55
61
69
70
63
57
61
69
56
59
60
70
76
65
56
68
58
57
60
56
64
58
52
62
66
59
56
54
48
61
63
70
58
67
64
72
55
76
59
71
59
67
70
67
68
72
61
53
71
50
55
49
66
56
65
74
66
66
56
71
50
48
47
61
89
77
56
54
57
63
80
65
64
73
71
73
59
73
86
80
60
77
58
72
62
73
58
74
66
79
76
71
63
64
72
73
74
69
65
67
85
78
73
54
78
59
59
78
76
83
88
83
58
66
77
67
71
61
58
70
71
68
81
65
74
91
79
84
75
75
67
65
69
67
68
61
75
83
81
73
66
75
76
71
71
82
75
73
77
81
86
76
71
75
80
80
79
81
82
77
85
86
82
80
80
95
81
85
71
75
80
69
78
76
84
80
72
80
96
93
73
86
78
85
83
74
82
93
96
93
69
84
87
93
74
100
87
83
69
93
113
98
97
95
104
98
102
110
104
96
83
91
86
111
90
94
89
86
88
97
99
94
100
88
115
102
87
105
101
128
87
94
116
96
99
96
104
107
108
101
98
107
91
122
100
103
119
115
106
106
94
105
101
88
109
112
124
110
107
97
114
93
96
114
91
118
130
111
97
118
113
138
141
114
108
98
120
119
104
117
120
105
113
124
115
109
113
109
115
136
116
118
93
124
124
131
119
124
127
124
127
114
134
119
114
125
141
126
134
110
117
140
116
122
106
130
142
131
123
144
119
125
106
127
113
128
136
136
142
126
104
139
136
148
126
139
131
148
132
125
117
123
155
124
137
141
156
121
135
133
143
136
138
155
142
165
128
155
145
127
144
140
165
131
149
159
141
152
128
138
141
141
155
140
133
146
149
130
152
148
138
136
158
145
130
130
144
143
165
148
162
162
144
138
153
135
171
159
168
156
169
161
180
139
153
154
136
150
148
117
145
155
170
167
150
158
181
168
170
169
136
175
156
157
170
163
162
140
168
170
167
172
171
177
165
176
164
169
154
149
148
144
155
158
162
163
165
175
167
163
166
172
158
185
172
163
146
160
172
176
179
139
155
145
162
143
144
184
145
157
150
155
162
174
166
167
177
140
181
155
169
165
151
178
171
156
175
161
168
165
170
184
162
151
162
164
170
187
176
163
143
171
166
177
172
175
145
166
159
163
178
187
178
192
183
177
158
169
200
152
149
147
155
163
184
173
167
161
181
159
163
185
157
183
161
162
176
176
182
186
150
170
166
149
181
158
164
171
179
166
155
171
141
151
172
163
168
171
162
154
176
151
172
201
153
151
157
140
153
138
161
172
154
141
153
185
167
154
163
132
142
178
164
152
160
148
157
154
167
160
134
157
147
150
164
161
137
148
137
162
148
166
163
163
150
157
143
166
139
148
136
168
139
167
133
148
150
147
145
155
150
168
152
169
125
161
143
150
144
158
138
161
164
136
150
149
158
137
158
152
138
164
151
141
164
135
161
146
136
140
136
137
153
149
127
143
154
152
144
127
154
140
148
139
128
116
157
136
125
146
120
145
151
140
121
154
136
123
117
132
109
145
147
130
129
122
128
116
120
122
146
115
124
118
102
149
133
138
130
123
149
132
135
144
133
132
117
121
119
115
131
139
120
111
111
123
125
138
137
125
114
128
124
109
133
125
131
137
143
129
126
122
125
140
122
111
119
126
138
113
135
115
126
142
109
115
121
118
121
118
100
116
119
108
102
129
102
116
126
113
105
124
126
121
130
109
145
128
114
118
103
119
110
85
134
119
113
96
108
108
132
122
96
140
114
108
108
115
109
113
117
101
117
136
107
117
117
113
106
113
100
105
118
118
123
109
121
111
124
109
132
91
116
129
103
108
131
107
80
127
101
102
119
120
120
113
111
97
112
118
106
107
102
108
109
99
113
103
114
101
99
96
109
100
91
102
96
98
109
107
118
113
102
112
121
110
100
114
106
119
93
105
111
115
118
105
94
103
116
109
113
102
118
112
112
111
101
113
107
102
97
99
125
101
99
111
117
102
113
100
111
115
104
99
126
110
123
114
121
113
111
118
104
100
86
118
105
76
98
108
94
123
110
114
118
115
103
105
109
102
100
110
103
113
99
108
106
115
117
107
103
90
110
93
123
88
118
110
90
112
103
114
118
124
89
114
93
103
116
109
106
109
111
116
118
102
110
120
105
92
109
106
99
82
104
93
109
103
104
110
105
109
105
107
101
93
117
129
103
103
116
107
126
108
95
98
105
97
115
97
109
108
114
118
95
121
118
110
110
119
103
98
89
107
109
97
133
117
113
121
118
100
105
94
115
124
114
108
93
101
100
118
105
107
114
100
113
136
97
109
112
111
117
101
119
97
104
124
129
102
125
124
112
109
119
125
120
127
105
123
125
117
111
116
124
120
115
128
137
106
119
129
132
135
121
109
104
115
110
121
124
104
120
142
114
134
104
118
115
135
115
122
134
104
130
136
123
128
141
133
110
136
123
106
115
116
135
102
107
96
127
111
128
130
148
137
108
129
129
123
122
139
118
127
123
147
108
131
130
134
103
120
116
139
135
129
129
116
112
121
130
122
124
119
111
106
147
148
140
140
140
148
118
115
141
133
137
116
104
130
125
134
146
141
116
130
122
134
135
150
130
128
136
137
149
135
119
154
143
131
129
154
147
150
131
134
130
169
151
143
127
148
134
156
124
136
134
157
157
159
151
131
135
136
167
117
144
139
165
168
135
131
156
158
160
120
158
126
138
136
152
160
150
148
141
132
167
125
142
158
151
151
148
145
156
159
136
135
147
158
117
162
162
151
140
165
161
172
141
154
132
135
142
120
160
156
145
160
159
146
174
127
142
146
143
140
185
155
149
143
175
146
151
143
136
152
144
132
166
183
162
146
133
155
160
121
132
179
159
164
156
163
147
152
169
172
163
162
176
173
155
162
177
182
152
170
167
144
159
160
151
158
165
159
188
153
182
158
169
140
151
175
163
157
174
181
198
171
165
181
173
159
159
168
186
164
171
154
183
148
153
184
176
178
171
199
143
182
161
186
173
180
177
174
179
169
179
160
182
213
200
176
183
180
176
188
185
167
197
185
188
181
152
181
182
188
177
191
167
176
196
189
179
204
169
182
200
210
193
198
195
173
181
208
201
172
194
185
222
187
180
174
183
202
179
208
210
214
200
200
207
196
184
210
196
194
185
200
207
227
186
202
186
209
205
183
202
212
201
196
192
239
187
184
202
214
213
185
222
234
226
208
181
194
233
206
204
236
210
207
207
222
237
217
215
219
214
225
211
251
243
227
213
204
231
224
225
250
211
232
203
215
250
230
257
247
238
213
231
250
224
237
226
205
220
256
245
235
222
248
267
225
236
263
219
256
282
241
232
264
247
253
242
277
266
235
252
243
257
247
232
260
277
261
263
255
269
286
270
255
300
273
243
261
265
270
282
268
265
290
261
251
284
265
288
258
269
286
272
279
244
286
301
278
286
304
286
316
292
270
291
284
287
307
295
269
284
312
304
302
268
337
294
301
318
330
308
312
318
312
316
310
328
308
332
317
290
330
302
306
326
330
366
300
346
350
301
329
329
325
331
327
306
319
347
327
341
312
330
345
353
365
350
356
339
332
335
385
351
350
365
365
350
360
372
366
341
367
369
394
391
366
373
353
376
361
388
423
376
359
345
378
356
358
388
370
372
388
418
391
375
456
412
417
388
404
409
438
393
387
444
389
419
385
434
387
454
383
415
444
435
412
412
431
393
431
440
441
420
422
455
447
452
437
458
430
456
459
450
448
461
455
439
438
471
470
458
433
445
438
450
512
470
461
459
468
472
490
503
469
471
499
474
471
547
481
522
472
503
513
505
500
508
488
554
527
509
466
531
527
516
514
523
501
492
536
528
496
502
506
509
477
547
558
542
536
528
518
530
541
548
584
528
533
584
523
575
520
576
577
576
558
546
548
577
535
585
565
572
560
562
585
554
606
602
586
608
672
577
616
608
579
647
613
563
636
589
627
594
615
600
634
604
657
608
590
581
619
639
656
636
639
635
656
672
628
612
596
630
640
625
648
675
712
627
670
671
637
664
688
679
686
605
688
702
681
625
677
677
659
681
655
623
682
657
663
686
688
713
725
704
689
675
684
727
730
647
751
702
696
704
713
710
774
726
679
660
711
676
725
763
690
692
717
716
775
711
660
761
761
736
774
713
686
700
733
723
751
719
744
796
731
754
770
763
726
715
788
705
716
743
762
746
727
807
752
730
736
690
754
731
828
788
770
756
694
767
718
783
716
753
748
751
743
785
748
753
737
771
739
795
803
793
748
818
728
808
739
744
777
781
781
761
780
744
754
723
777
750
790
793
762
798
811
753
785
780
795
823
713
818
788
812
809
829
802
768
788
781
811
817
782
811
780
813
764
795
764
828
830
833
755
790
771
813
794
817
843
791
823
797
802
766
806
783
811
818
833
801
828
819
799
819
786
840
860
799
767
762
799
736
730
750
812
798
751
788
830
796
817
795
818
813
795
823
804
834
782
743
774
754
789
842
839
764
775
803
794
805
807
736
803
771
762
777
786
795
803
773
739
789
732
775
796
737
769
826
802
778
736
742
742
748
761
736
751
757
743
756
772
748
747
744
762
771
757
734
763
706
711
756
727
753
716
787
760
775
780
772
789
740
722
721
758
734
772
744
744
779
687
725
718
708
724
793
762
768
779
726
723
690
699
743
681
733
682
753
734
741
714
714
708
707
711
739
703
687
714
657
651
689
764
698
698
677
696
777
695
681
687
648
734
739
656
658
669
662
657
722
670
712
693
661
699
671
646
665
663
673
641
666
652
663
669
656
601
657
619
609
627
678
641
609
652
619
637
614
606
642
674
606
576
627
592
624
647
625
606
599
635
641
626
585
579
592
599
623
588
613
618
576
572
570
621
610
567
571
584
557
600
578
601
603
641
581
548
546
551
555
584
570
554
537
519
560
544
542
554
541
586
555
536
569
564
539
534
543
528
529
572
527
505
519
517
486
515
519
547
518
530
495
521
523
499
462
509
480
485
514
465
520
510
508
477
448
441
485
463
487
465
453
439
437
434
473
456
490
461
444
461
471
477
467
467
418
466
446
436
459
436
453
439
459
438
442
442
420
456
429
404
440
411
453
390
433
435
393
386
417
422
417
435
444
443
414
414
416
404
405
398
393
420
393
434
344
386
381
350
380
382
395
395
312
366
391
390
367
364
377
384
381
370
351
335
334
374
343
332
344
335
346
352
336
356
334
307
328
310
325
342
345
359
317
332
351
344
350
326
365
322
335
287
339
312
314
295
345
312
315
306
327
284
289
277
295
310
304
306
287
288
309
303
276
291
285
289
282
288
285
307
275
268
278
250
267
298
250
256
254
227
246
243
256
253
255
264
248
270
242
276
237
252
251
232
251
240
257
263
233
266
213
236
220
233
243
258
238
248
222
257
252
243
212
247
224
241
230
205
234
205
208
218
203
227
204
207
215
196
213
203
206
245
209
194
213
198
232
214
211
211
207
221
198
180
188
213
207
199
182
201
194
172
167
172
182
198
173
191
171
161
186
182
166
187
189
160
182
185
159
192
181
191
162
148
179
157
166
150
152
145
160
151
159
155
175
134
164
142
147
165
144
149
140
153
159
142
162
135
138
146
136
143
144
138
179
127
142
129
124
133
118
139
140
126
128
144
138
115
119
110
125
114
132
135
127
138
146
132
104
133
110
125
138
117
127
118
108
127
123
106
136
108
116
116
111
122
118
114
110
119
140
106
104
111
94
115
117
102
96
112
100
105
112
109
120
101
93
104
93
110
92
85
83
111
93
104
106
96
107
91
100
108
99
89
99
99
83
67
83
91
72
77
78
80
76
90
90
79
75
83
96
79
74
76
67
66
92
78
73
84
70
79
81
78
86
73
68
76
82
70
74
78
67
62
72
73
62
55
64
75
71
63
73
59
56
56
69
51
57
71
76
62
72
71
59
60
64
68
62
55
67
43
74
67
50
65
73
53
57
52
64
41
63
45
65
60
49
56
53
64
55
35
53
65
49
57
56
53
57
50
53
50
40
42
50
40
59
58
54
44
53
42
41
54
51
49
58
47
61
46
41
50
43
40
45
51
51
50
50
37
52
45
38
38
54
66
47
47
30
47
38
37
32
37
38
37
28
32
37
40
30
41
48
37
37
31
41
45
46
41
34
31
39
28
53
33
34
40
37
30
29
42
40
36
37
36
32
37
34
32
34
35
29
31
28
26
42
44
24
37
24
39
39
37
38
41
31
26
31
30
45
28
26
28
30
25
35
21
25
29
35
29
22
24
29
29
31
34
31
17
17
34
25
27
21
29
37
26
30
23
27
22
24
28
29
16
33
33
19
19
25
20
23
32
23
34
37
29
29
29
27
21
15
30
27
29
27
24
30
12
21
34
22
22
14
22
27
23
28
19
24
21
26
24
24
28
19
25
13
21
21
26
21
30
19
18
28
21
23
21
20
26
23
17
23
31
16
26
23
24
22
17
19
22
20
21
16
16
28
20
21
27
16
24
13
31
18
24
18
30
24
18
25
19
26
18
20
15
19
22
19
20
18
14
14
14
17
20
14
18
18
20
22
19
15
32
23
23
24
21
13
20
14
21
14
15
26
12
20
15
26
24
17
16
14
17
18
17
16
13
13
20
16
16
15
12
14
20
20
16
20
17
15
20
11
19
18
19
11
15
18
11
15
15
26
9
19
11
15
14
18
14
18
20
14
15
7
17
11
16
16
17
12
14
23
20
22
14
21
16
9
18
17
13
10
15
14
15
23
15
14
12
12
12
14
15
18
20
12
15
16
14
17
11
15
13
17
14
20
19
15
12
21
14
13
15
21
12
17
12
12
17
15
18
10
12
25
20
19
17
13
11
10
19
21
11
14
14
20
16
11
18
14
18
18
20
17
17
18
18
14
8
9
25
10
14
15
14
11
15
12
5
20
19
19
11
10
18
17
12
18
19
14
11
21
14
17
15
14
12
10
14
15
4
14
14
17
16
12
16
17
10
17
9
14
14
18
8
13
16
8
24
10
17
10
12
8
11
8
14
15
19
12
16
11
9
14
11
6
9
11
11
7
19
8
12
9
10
13
15
11
12
14
5
10
11
23
11
19
10
15
11
12
6
17
8
13
12
17
13
21
9
15
12
8
11
11
13
18
19
16
12
12
12
14
9
6
6
12
12
18
18
10
9
13
11
20
14
11
17
15
10
14
13
15
13
6
17
14
12
11
13
17
8
10
12
11
16
10
16
12
12
15
13
12
18
15
10
12
12
11
9
14
12
12
14
14
6
7
19
13
14
15
8
11
21
16
9
14
12
13
9
13
14
13
13
19
10
18
20
15
8
16
7
7
12
15
5
18
12
17
13
8
21
10
16
6
18
11
5
23
14
12
8
18
9
11
14
18
15
17
13
7
12
9
17
11
11
13
12
10
21
17
10
14
17
15
13
13
11
13
15
16
11
5
13
10
9
16
12
18
12
13
11
12
18
15
15
15
11
15
15
13
11
13
19
12
10
11
9
12
9
15
12
15
19
7
14
7
13
16
13
11
13
18
15
9
21
14
11
8
11
18
7
19
16
13
10
11
16
11
18
21
15
10
8
11
7
13
14
9
6
11
13
13
16
12
14
11
7
14
11
18
14
12
16
12
13
12
6
13
12
12
12
13
10
15
20
8
15
8
13
12
12
8
17
8
12
14
17
17
21
6
10
8
12
14
13
5
14
10
9
13
8
16
13
9
12
9
15
12
12
22
8
16
13
12
12
12
12
11
14
8
10
13
20
14
9
12
13
13
15
12
9
13
10
14
11
14
16
21
13
10
16
19
7
10
11
15
7
7
14
15
18
9
15
17
10
18
15
13
12
13
7
7
9
13
13
14
14
13
11
18
11
12
15
7
10
13
11
6
11
11
11
10
13
19
12
10
11
9
17
9
15
8
13
16
11
8
18
14
9
20
11
12
9
10
13
12
8
15
14
11
7
8
8
17
18
18
16
13
11
16
15
11
11
18
20
8
5
8
16
13
11
16
9
22
7
16
9
12
11
6
11
16
10
9
8
19
9
15
10
7
15
14
10
14
11
13
11
9
12
7
11
11
11
9
19
16
13
10
19
5
12
15
12
14
16
16
10
16
10
8
13
8
12
10
15
12
15
10
17
8
11
9
13
11
15
12
14
10
8
11
12
9
15
10
14
12
6
10
9
6
9
14
4
14
10
12
10
14
8
14
16
11
12
14
11
9
12
10
7
11
14
15
13
10
11
12
15
14
15
10
8
10
12
14
9
8
10
13
10
15
15
11
15
16
8
7
10
12
11
14
11
8
14
9
11
11
14
8
8
12
18
9
11
9
9
12
10
9
11
19
8
14
9
11
11
11
14
15
11
9
8
15
14
9
9
14
16
12
8
10
8
10
13
7
12
9
7
15
11
19
11
14
23
7
12
14
11
16
12
11
8
11
9
8
13
24
9
8
8
14
12
18
10
7
12
10
5
10
13
9
11
12
5
10
12
14
8
9
10
11
19
9
14
12
11
8
6
14
9
15
8
9
7
10
15
9
17
19
7
9
17
15
7
16
17
10
13
3
11
10
17
18
9
5
11
12
11
6
9
10
11
10
8
12
8
10
8
13
17
10
16
6
7
10
11
10
13
18
7
13
11
6
12
13
8
7
9
10
10
7
5
9
12
13
11
6
8
7
12
12
11
9
9
11
11
18
15
10
7
13
7
11
17
8
12
9
11
9
11
10
6
14
17
9
9
6
9
8
7
15
14
11
7
9
6
13
6
8
11
10
15
11
8
7
8
12
18
1
12
11
11
19
12
10
10
7
11
10
17
12
14
10
13
10
10
8
12
11
12
7
8
16
7
6
17
8
5
11
14
8
12
9
14
12
9
3
15
10
12
8
8
12
9
8
9
16
5
7
9
14
15
8
13
11
9
10
11
11
7
18
10
8
10
11
14
14
9
12
13
14
8
11
9
4
7
12
10
13
13
11
5
14
11
9
10
7
9
9
14
9
9
9
10
6
9
10
10
17
14
6
15
16
17
10
12
11
9
10
9
7
5
6
15
7
5
7
13
14
14
9
8
16
13
11
11
13
12
17
7
17
10
12
9
12
5
7
14
11
9
14
14
9
7
12
13
12
15
12
8
10
10
10
12
17
12
8
14
4
16
13
7
8
6
8
7
10
9
10
7
13
15
13
15
10
7
8
6
8
12
9
8
7
5
7
15
12
8
3
7
14
9
11
7
7
13
7
7
6
10
6
4
14
12
9
9
9
10
11
10
8
10
10
12
15
11
13
11
6
7
5
8
19
7
8
10
15
12
13
10
12
13
14
12
9
9
8
9
8
5
4
8
12
10
8
13
8
11
10
14
10
5
11
11
13
6
14
8
5
4
8
9
10
14
17
8
10
11
14
11
14
11
8
7
11
4
6
8
6
12
10
9
8
14
11
8
13
13
8
9
8
9
11
11
7
7
7
6
7
16
8
7
9
12
8
11
13
11
5
4
15
8
11
9
10
6
10
13
9
11
9
9
7
4
15
14
16
10
17
7
8
11
10
3
9
9
6
10
8
8
8
13
12
15
8
7
10
16
18
12
12
7
8
15
8
5
10
13
11
7
11
9
17
9
9
11
12
11
12
11
9
9
7
8
4
9
10
13
6
7
11
15
9
10
11
15
9
13
7
9
11
9
8
13
10
6
8
3
18
9
8
12
8
14
10
14
11
10
11
11
9
6
6
17
8
16
7
12
8
9
9
11
11
7
5
8
10
10
8
9
10
11
9
7
9
16
12
10
12
11
12
11
8
8
13
11
13
11
14
11
7
10
15
12
8
11
3
12
8
13
11
8
7
7
8
12
9
6
6
7
9
12
9
13
13
8
6
9
6
14
4
10
9
11
8
11
6
8
11
7
7
13
8
15
11
11
8
12
19
10
6
15
15
9
15
14
9
10
11
15
10
3
10
11
12
8
10
11
12
8
9
12
9
9
13
10
11
8
14
7
9
6
8
11
9
15
13
8
10
9
12
10
12
9
8
8
8
8
8
11
10
14
9
5
8
8
10
13
14
12
10
8
12
4
13
16
5
8
11
13
14
13
10
16
7
7
8
12
9
7
13
7
6
6
10
9
13
7
6
11
10
9
7
13
9
11
8
9
10
18
11
10
13
19
9
12
5
9
12
3
12
9
10
7
7
9
10
5
10
8
13
13
15
11
10
5
9
14
16
10
12
11
6
11
10
9
15
11
8
6
8
7
9
6
14
11
7
13
11
10
12
12
8
10
10
8
11
13
10
8
14
8
7
7
9
8
11
5
11
10
9
3
13
10
10
13
9
14
4
9
11
13
11
9
8
10
7
6
4
9
10
7
7
9
8
10
13
12
14
11
9
13
7
13
9
8
6
6
9
8
10
9
11
9
9
6
12
11
10
9
10
7
8
10
4
13
10
11
11
10
11
12
10
13
11
6
7
13
13
6
9
19
3
12
9
12
8
14
11
10
11
10
9
8
12
7
13
8
8
9
14
12
9
18
9
11
10
12
11
11
9
13
8
10
10
11
15
5
6
12
9
11
6
11
5
10
9
7
6
11
6
7
7
13
6
4
7
13
7
16
7
17
11
14
9
5
13
8
8
10
4
9
5
13
9
2
15
17
11
9
10
7
13
6
15
9
9
7
7
12
8
8
12
7
18
12
10
13
10
10
13
9
8
9
9
10
14
11
11
7
12
17
13
7
8
9
15
6
6
3
8
10
7
8
14
10
13
17
12
15
4
7
8
13
8
11
10
6
13
1
6
14
9
16
8
13
8
12
15
11
10
10
10
11
8
12
12
2
7
6
8
6
5
11
12
12
11
9
8
6
12
7
8
7
13
14
7
9
9
8
13
4
10
3
6
8
8
11
10
5
10
7
10
14
8
6
8
8
10
12
5
10
8
15
7
10
8
8
7
6
4
12
9
11
9
3
9
12
7
10
12
6
11
5
6
7
7
10
4
7
15
2
10
11
6
12
6
5
4
4
7
10
9
4
7
9
4
8
10
6
17
7
15
10
7
8
9
6
9
7
9
12
8
11
7
6
9
5
6
7
8
6
8
5
7
12
9
13
10
12
3
7
7
6
13
10
5
7
7
3
6
4
5
8
2
3
10
7
9
9
10
11
12
4
10
6
6
5
5
4
4
6
4
5
8
13
6
8
10
8
5
9
6
7
8
6
10
11
7
6
3
5
12
10
7
5
6
11
7
6
9
5
4
8
6
6
7
7
6
7
8
9
9
9
4
10
8
9
5
7
3
4
10
6
6
9
2
5
7
12
5
6
3
5
5
12
4
6
8
7
6
3
10
7
4
11
11
8
3
5
6
5
3
10
8
7
6
8
7
3
9
7
7
8
4
3
3
8
3
7
10
4
4
6
8
5
5
5
5
5
4
3
8
7
9
8
6
7
2
9
8
2
4
12
5
9
5
7
1
10
6
4
8
2
2
8
4
3
7
8
3
7
7
6
5
9
4
1
7
4
6
4
6
10
7
3
5
5
11
8
3
4
7
4
12
3
3
2
5
6
3
11
6
8
4
5
2
6
9
4
2
6
5
4
5
8
3
4
8
4
5
8
1
4
9
2
5
4
3
5
3
4
7
5
7
5
3
5
1
2
6
8
4
5
4
5
4
4
1
4
6
6
3
6
6
4
4
4
3
5
4
1
2
3
3
3
5
5
3
6
3
3
3
3
2
6
2
3
8
3
1
4
2
6
3
3
7
4
6
3
1
5
5
4
5
1
1
10
5
10
1
3
4
8
3
2
5
6
4
2
1
3
3
3
3
3
5
3
3
2
7
4
3
5
4
6
1
1
2
4
6
1
5
3
3
4
3
3
3
5
4
4
2
4
2
1
5
4
7
4
8
5
6
2
0
3
4
9
2
3
0
4
9
3
1
5
1
5
4
2
4
3
2
4
3
2
6
3
5
6
4
1
2
6
1
4
3
5
1
5
6
6
3
5
1
2
2
3
1
2
6
2
3
1
3
4
3
3
2
6
0
1
3
3
6
2
1
2
3
4
2
4
6
3
1
3
2
1
1
3
0
3
3
4
5
4
1
1
2
0
5
1
1
0
2
3
1
1
5
3
1
1
2
1
1
3
7
3
3
4
2
1
1
0
3
2
2
5
2
1
2
2
1
3
1
3
0
2
3
1
5
0
5
2
2
3
1
2
3
3
2
1
2
1
1
2
1
7
3
0
4
2
3
0
4
0
7
4
1
1
2
1
1
2
2
2
2
5
2
1
2
3
4
2
1
0
2
1
4
3
0
2
0
0
5
2
1
4
1
6
1
2
0
0
2
1
2
1
3
2
3
3
0
1
3
2
2
1
2
1
1
2
1
2
3
1
5
2
0
3
4
3
2
1
0
2
5
2
1
2
0
2
1
2
1
3
1
1
0
0
2
2
0
0
1
2
3
2
0
1
0
0
1
0
5
0
0
3
0
2
0
2
1
2
0
2
2
1
3
0
0
0
2
4
1
3
1
0
3
1
4
2
2
0
3
2
1
0
1
2
2
0
2
1
3
1
1
0
1
0
1
1
1
1
1
1
2
1
0
0
0
2
0
1
2
2
2
1
2
1
2
0
1
1
1
0
1
2
0
0
1
2
0
1
0
0
2
1
0
0
2
0
1
0
1
1
0
1
1
1
1
1
2
1
1
1
0
1
0
1
2
0
1
0
2
2
1
0
1
0
0
0
0
1
1
1
0
2
1
2
1
0
2
0
2
2
0
3
1
3
4
1
3
1
1
1
1
0
0
0
0
0
3
1
1
1
0
0
2
1
2
2
1
1
0
3
1
0
2
0
1
2
1
0
0
1
2
1
1
0
2
1
1
1
0
3
3
2
1
2
0
0
0
1
1
0
0
0
0
1
0
0
0
0
0
1
0
1
0
0
0
0
0
0
0
0
1
0
0
0
0
0
2
3
0
0
0
0
0
1
1
1
1
1
0
1
0
0
0
0
0
1
1
0
2
0
0
0
0
0
1
0
0
1
0
1
3
0
0
1
0
0
0
1
1
1
1
0
1
0
0
0
1
1
0
3
1
1
0
2
0
1
1
0
1
0
0
1
0
1
1
0
1
1
0
0
1
0
0
0
0
1
0
0
1
1
1
1
0
0
0
1
0
0
0
0
0
0
1
1
0
0
1
1
0
1
1
0
0
1
0
1
0
0
1
0
1
1
2
0
0
1
0
1
1
0
1
0
0
0
0
1
0
0
0
1
1
0
0
0
1
1
0
0
0
2
0
0
0
0
0
0
0
1
2
0
0
2
1
0
0
0
0
0
0
0
0
0
0
0
0
0
0
0
0
0
1
0
0
0
0
0
1
0
0
0
1
1
0
0
1
0
0
0
0
0
0
0
0
0
0
0
0
1
1
0
0
0
0
0
1
0
1
0
0
0
0
0
0
1
0
0
0
0
0
0
0
0
0
0
0
1
0
0
0
1
2
0
0
1
0
0
1
0
1
1
0
0
0
0
0
0
0
1
1
0
0
1
0
1
0
0
1
0
0
1
0
1
1
0
1
0
0
0
1
0
0
1
0
0
1
0
0
0
0
0
0
0
1
1
1
1
0
0
0
0
0
0
0
0
0
1
1
0
0
0
0
0
1
2
0
0
0
0
0
0
0
2
0
0
0
0
1
0
0
0
0
0
0
0
1
0
0
0
0
0
1
1
0
0
0
1
0
0
0
0
0
0
1
0
1
0
0
0
2
0
0
0
0
1
0
0
0
0
1
1
2
0
1
0
1
0
0
0
0
0
1
2
0
1
2
0
0
0
0
0
0
0
0
1
0
0
0
1
0
0
1
0
0
0
0
0
0
0
1
1
1
0
0
0
1
0
0
0
0
0
1
3
1
0
0
1
0
0
0
0
0
0
0
0
0
0
0
1
1
0
2
0
0
0
0
1
0
0
0
0
1
0
1
0
1
0
0
0
0
0
0
0
0
1
0
0
0
1
0
1
0
0
1
0
0
1
0
0
0
0
0
0
0
0
0
1
0
1
2
0
0
1
0
0
1
0
0
0
0
0
0
1
0
0
0
0
0
0
2
0
0
1
0
0
1
0
0
0
0
0
0
0
0
2
0
1
0
0
0
0
0
0
0
0
0
0
0
0
0
1
1
0
0
1
0
0
0
0
0
0
0
2
0
0
1
0
0
0
0
0
1
0
0
1
0
0
0
0
1
1
0
1
0
1
1
0
0
0
0
0
0
1
0
0
0
0
0
1
1
0
1
0
0
0
0
0
0
1
1
0
0
0
0
0
0
0
0
0
0
0
0
0
0
0
1
0
0
0
0
0
0
0
0
1
0
0
0
0
0
0
1
0
0
1
0
0
0
0
1
1
2
0
0
1
0
0
1
1
0
0
0
0
0
0
0
0
0
0
0
0
0
0
1
1
1
0
0
0
0
0
0
0
0
2
0
1
0
0
0
0
0
0
0
1
0
0
1
1
0
1
1
0
0
0
0
0
1
0
0
0
0
1
0
1
1
0
0
0
2
0
0
0
0
0
0
0
0
0
0
0
0
0
0
0
1
0
1
1
1
0
0
0
0
2
0
0
0
0
0
0
0
0
0
0
0
0
0
0
0
0
0
0
0
0
0
0
0
0
0
0
1
0
0
0
0
0
0
0
0
0
0
0
0
0
0
1
0
0
0
0
0
0
0
0
1
0
0
0
1
1
0
0
0
0
0
1
1
0
0
0
0
0
1
0
0
0
0
1
2
0
1
0
0
1
0
0
0
0
0
1
0
1
0
0
0
1
0
0
0
1
0
0
0
0
0
0
0
0
0
0
0
2
0
1
0
0
0
0
0
0
0
0
0
0
0
2
0
0
0
0
0
0
0
0
0
0
0
0
0
0
0
0
0
2
0
0
0
1
0
0
0
0
0
0
0
0
0
0
0
0
0
0
1
0
0
0
0
1
0
0
1
0
0
1
0
0
0
1
1
0
0
0
0
0
0
0
0
1
2
1
0
0
0
1
0
0
0
0
0
1
0
0
2
0
0
0
0
0
0
0
0
0
0
1
0
1
0
0
1
0
0
0
0
0
0
2
1
0
0
0
0
0
0
0
0
1
1
0
1
0
0
0
0
1
0
0
1
0
0
1
0
0
0
0
0
0
0
0
0
0
0
0
0
0
0
0
0
0
2
1
0
1
0
0
0
0
1
0
0
0
0
0
0
0
0
0
0
0
0
0
1
0
0
0
1
0
0
0
0
0
0
0
0
0
1
1
0
0
0
0
0
0
1
0
0
0
0
0
0
1
0
0
0
0
0
1
0
0
0
0
0
0
0
0
0
0
0
0
0
0
0
0
0
0
0
1
0
0
0
0
0
0
0
0
0
0
0
0
0
0
0
0
1
0
0
1
0
0
0
0
0
0
0
0
0
0
0
0
0
0
0
0
0
0
0
1
0
1
0
0
1
0
0
1
0
0
0
0
0
1
0
0
0
0
0
0
0
0
1
2
0
0
0
0
0
0
0
0
0
0
0
0
0
1
0
0
0
1
1
0
0
0
0
0
0
0
1
1
0
0
0
0
0
0
0
0
0
1
1
0
0
0
0
0
0
0
0
0
0
0
0
0
0
0
0
0
0
0
0
0
0
1
0
0
1
0
0
0
0
0
0
0
0
1
0
0
0
0
0
1
0
0
0
0
0
0
0
0
0
0
0
0
0
0
0
0
0
0
0
0
0
1
0
0
0
0
0
0
0
0
0
0
0
0
0
0
0
0
0
0
0
0
0
1
0
0
0
0
0
0
0
0
0
1
0
1
0
0
0
0
0
0
0
0
1
0
0
0
0
0
0
0
0
0
0
0
1
0
0
0
0
0
0
0
1
0
0
0
0
0
0
0
0
0
1
0
0
0
0
0
0
0
0
0
0
0
2
0
0
0
0
0
0
1
0
1
0
0
0
0
0
0
0
0
1
0
0
0
0
0
1
0
0
0
0
0
0
0
0
0
0
0
0
0
0
1
0
0
0
0
0
0