0
0
0
0
0
0
0
0
0
0
0
0
0
0
0
0
0
0
0
0
0
0
0
0
0
0
0
0
0
0
0
0
0
0
0
0
0
0
0
0
0
0
0
0
0
0
0
0
0
0
0
0
0
0
0
0
0
0
0
0
0
0
0
0
0
0
0
0
0
0
0
0
0
0
0
0
0
0
0
0
0
0
0
0
0
0
0
0
0
0
0
0
0
0
0
0
0
0
0
0
0
0
0
0
0
0
0
0
0
0
0
0
0
0
0
0
0
0
0
0
0
0
0
0
0
0
0
0
0
0
0
0
0
0
0
0
0
0
0
0
0
0
0
0
0
0
0
0
0
0
0
0
0
0
0
0
0
0
0
0
0
0
0
0
0
0
0
0
0
0
0
0
0
0
0
0
0
0
0
0
0
0
0
0
0
0
0
0
0
0
0
0
0
0
0
0
0
0
0
0
0
0
0
0
0
0
0
0
0
0
0
0
0
0
0
0
0
0
0
0
0
0
0
0
0
0
0
0
0
0
0
0
0
0
0
0
0
0
0
0
0
0
0
0
0
0
0
0
0
0
0
0
0
0
0
0
0
0
0
0
0
0
0
0
0
0
0
0
0
0
0
0
0
0
0
0
0
0
0
0
0
0
0
0
0
0
0
0
0
0
0
0
0
0
0
0
0
0
0
0
0
0
0
0
0
0
0
0
0
0
0
0
0
0
0
0
0
0
0
0
0
0
0
0
0
0
0
0
0
0
0
0
0
0
0
0
0
0
0
0
0
0
0
0
0
0
0
0
0
0
0
0
0
0
0
0
0
0
0
0
0
0
0
0
0
0
0
0
0
0
0
0
0
0
0
0
0
0
0
0
0
0
0
0
0
0
0
0
0
0
0
0
0
0
0
0
0
0
0
0
0
0
0
0
0
0
0
0
0
0
0
0
0
0
0
0
0
0
0
0
0
0
0
0
0
0
0
0
0
0
0
0
0
0
0
0
0
0
0
0
0
0
0
0
0
0
0
0
0
0
0
1469
2092
2475
2703
2826
3050
3140
3262
3341
3455
3357
3444
3392
3435
3386
3365
3388
3381
3320
3418
3395
3360
3330
3302
3242
3275
3196
3247
3180
3281
3295
3128
3344
3345
3314
3267
3258
3308
3196
3295
3224
3259
3220
3248
3100
3181
3114
3210
3221
3159
3118
3069
3178
3079
3128
3114
3189
3027
3134
3133
3104
3076
3072
3166
3163
3092
3031
3070
3017
3111
3044
3009
2944
3117
2996
3130
3069
3093
3200
3090
3018
3062
3046
3123
3070
3052
2980
3061
3088
3019
3033
3076
3053
3094
3025
3072
3104
2968
2992
3050
3006
3049
3048
3039
2959
2936
2967
2952
3063
3045
3062
3035
2995
2927
3100
3061
3051
3048
3064
3096
2942
3037
3008
3074
3064
3087
3032
3026
3016
3028
3006
3100
3162
3112
3036
3018
3048
2970
3087
3127
3109
3127
3159
3180
2980
3119
3082
3114
3078
3130
3123
3082
3105
3099
3071
3159
3098
3137
2890
3023
3129
3101
3071
3146
3057
3121
3147
3152
3171
3104
3189
3159
3194
3111
3257
3279
3360
3116
3162
3198
3234
3145
3160
3364
3339
3246
3215
3293
3180
3137
3329
3233
3279
3221
3263
3240
3237
3259
3277
3228
3283
3416
3315
3406
3325
3326
3371
3262
3349
3366
3310
3360
3419
3342
3301
3411
3467
3433
3390
3390
3427
3464
3480
3513
3481
3484
3483
3587
3508
3499
3460
3611
3547
3632
3521
3531
3507
3503
3616
3527
3581
3560
3644
3622
3701
3674
3649
3595
3640
3673
3645
3698
3655
3837
3680
3764
3786
3802
3710
3737
3772
3767
3707
3699
3705
3832
3746
3893
3663
3904
3764
3881
3812
3873
3680
3770
3915
3878
3792
3843
3868
3914
3870
3853
3852
3874
3927
3843
3952
3939
3913
3791
3846
3906
3826
3945
3986
3908
3967
3861
3950
3962
3922
3847
3913
3877
3818
3771
3897
3967
3893
3866
3837
3833
3864
3847
3935
3820
3709
3846
3783
3817
3747
3682
3743
3609
3874
3807
3742
3708
3742
3687
3792
3632
3674
3730
3604
3606
3656
3740
3604
3718
3553
3688
3625
3427
3488
3608
3583
3561
3483
3521
3488
3627
3619
3466
3484
3602
3464
3504
3409
3453
3549
3568
3463
3460
3289
3471
3424
3432
3359
3412
3278
3333
3169
3341
3296
3412
3335
3317
3289
3233
3266
3196
3127
3215
3189
3187
3082
3141
3142
3076
3091
3233
3134
3007
3104
3058
3008
3038
2910
2990
2988
2934
2925
2974
2909
2862
2871
2891
2770
2737
2735
2808
2739
2706
2748
2776
2734
2727
2606
2632
2728
2674
2631
2681
2642
2638
2640
2591
2614
2562
2421
2466
2522
2463
2418
2362
2394
2430
2281
2388
2307
2309
2319
2347
2354
2281
2278
2312
2233
2272
2278
2161
2277
2205
2221
2218
2219
2172
2120
2155
2207
2128
2119
2001
2008
2081
2008
1976
1993
1978
1911
2002
1955
1944
1877
1860
1970
1895
1900
1914
1836
1914
1783
1889
1784
1786
1857
1775
1751
1824
1855
1735
1733
1786
1694
1700
1737
1784
1715
1773
1710
1647
1746
1739
1681
1722
1643
1640
1637
1615
1658
1639
1653
1540
1556
1523
1601
1584
1505
1520
1564
1548
1493
1469
1508
1551
1458
1437
1547
1489
1457
1510
1481
1421
1482
1461
1451
1454
1460
1425
1460
1364
1486
1428
1490
1432
1426
1379
1369
1366
1376
1401
1335
1380
1426
1318
1399
1367
1483
1355
1403
1439
1366
1342
1421
1354
1393
1352
1426
1378
1366
1376
1362
1293
1336
1378
1351
1268
1346
1329
1279
1299
1359
1354
1299
1359
1272
1356
1315
1301
1266
1311
1352
1346
1334
1272
1331
1269
1307
1306
1294
1334
1369
1329
1289
1292
1313
1273
1288
1335
1216
1315
1271
1282
1318
1387
1345
1336
1297
1254
1330
1300
1310
1307
1307
1308
1307
1316
1304
1304
1329
1250
1287
1292
1355
1364
1312
1399
1317
1407
1317
1331
1291
1382
1452
1387
1389
1353
1373
1425
1342
1356
1366
1411
1396
1362
1386
1467
1375
1408
1402
1344
1410
1406
1374
1372
1382
1402
1402
1385
1384
1433
1423
1417
1468
1333
1422
1479
1421
1421
1430
1500
1452
1406
1508
1436
1408
1439
1456
1423
1443
1480
1449
1483
1469
1537
1461
1488
1486
1575
1484
1485
1500
1513
1546
1566
1643
1576
1606
1484
1511
1553
1621
1561
1577
1631
1552
1548
1523
1612
1647
1635
1653
1597
1730
1632
1693
1664
1607
1702
1637
1657
1671
1688
1704
1712
1677
1591
1714
1779
1647
1708
1831
1800
1742
1777
1780
1751
1732
1809
1796
1802
1784
1807
1824
1815
1805
1840
1821
1881
1870
1885
1921
1873
1880
1933
1901
1901
1944
1919
1976
1986
1936
2061
2052
1962
2056
2003
2013
2006
2077
2038
2144
2062
2072
2032
2122
2067
2028
2131
2085
2177
2135
2209
2072
2097
2200
2313
2272
2217
2224
2110
2257
2284
2281
2209
2297
2335
2198
2334
2370
2371
2339
2331
2416
2385
2424
2463
2405
2490
2478
2521
2327
2510
2457
2512
2539
2570
2545
2645
2632
2654
2618
2633
2726
2617
2720
2681
2688
2609
2655
2721
2732
2712
2850
2824
2852
2896
2951
2832
2841
2841
2901
2757
2938
2873
3007
3013
2985
2912
3113
3073
3191
3134
3145
3049
3079
3204
3176
3215
3201
3228
3231
3284
3281
3327
3344
3335
3339
3404
3399
3336
3325
3487
3544
3558
3541
3665
3483
3700
3680
3580
3661
3723
3610
3662
3698
3774
3686
3708
3769
3835
3798
3917
4008
3975
3850
3898
3853
3856
3927
3956
3939
3864
4044
4022
4077
4073
4070
4056
4146
4139
4207
4218
4260
4267
4286
4195
4293
4391
4376
4467
4493
4563
4428
4527
4498
4489
4549
4626
4584
4706
4593
4641
4589
4713
4608
4689
4742
4684
4867
4698
4782
4788
4784
4847
4860
4889
5076
5017
4807
4925
4961
4905
5031
4889
5206
5037
5113
5146
5121
5137
5163
5072
5201
5152
5159
5292
5248
5309
5297
5300
5221
5422
5355
5283
5294
5243
5312
5394
5494
5397
5497
5517
5441
5453
5649
5613
5586
5694
5552
5510
5812
5680
5589
5583
5716
5592
5567
5600
5739
5578
5811
5812
5721
5756
5676
5801
5856
5818
5802
5744
5865
5749
5830
5776
5678
5775
5814
5811
5748
5819
5882
5745
5751
5707
5795
5934
5796
5776
5807
5763
5834
5830
5904
5754
5740
5774
5877
5931
5843
5890
5904
5891
5830
5915
5875
5872
5873
5832
6017
5805
5888
5829
5747
5741
5687
5779
5798
5745
5614
5816
5740
5684
5608
5624
5829
5705
5739
5727
5712
5434
5761
5704
5805
5735
5546
5582
5647
5570
5457
5539
5412
5505
5517
5513
5400
5415
5518
5472
5438
5382
5373
5579
5404
5384
5394
5413
5448
5208
5368
5368
5289
5181
5204
5208
4987
5112
5094
5050
5040
5038
4955
4992
4968
4882
4897
4936
4828
4895
4689
4829
4613
4708
4660
4747
4639
4649
4604
4558
4558
4604
4534
4452
4493
4631
4479
4438
4495
4468
4406
4438
4332
4157
4250
4169
4264
4147
4098
4206
4127
4091
4166
4060
3919
3918
3907
3979
3964
3881
3970
3874
3804
3736
3874
3768
3638
3745
3727
3540
3580
3649
3496
3591
3557
3479
3417
3398
3494
3329
3268
3303
3359
3214
3248
3256
3252
3199
3167
3185
3192
3149
3075
3118
3026
2958
3053
3009
2984
2917
2934
2760
2795
2822
2827
2794
2731
2691
2603
2638
2533
2615
2612
2612
2488
2460
2512
2518
2563
2407
2560
2473
2355
2400
2327
2406
2344
2226
2296
2148
2133
2230
2264
2175
2216
2089
2094
2105
2125
2058
2037
1955
2052
1980
2004
1865
1805
1844
1868
1897
1815
1839
1818
1788
1693
1716
1680
1691
1627
1686
1707
1613
1666
1556
1570
1628
1529
1499
1566
1473
1449
1484
1553
1446
1397
1369
1476
1392
1389
1295
1328
1349
1261
1217
1259
1343
1228
1326
1210
1202
1211
1195
1139
1127
1171
1122
1089
1082
1086
1051
1068
1093
1047
1031
1003
1031
984
1011
1007
969
981
892
960
936
907
886
867
879
874
870
847
827
774
780
804
769
796
705
753
775
748
756
741
701
714
705
679
675
690
642
680
694
698
601
599
612
599
559
619
575
593
629
571
560
597
517
538
547
537
547
550
486
517
506
484
498
470
476
502
480
447
467
388
431
458
463
443
411
426
403
390
379
379
381
354
371
368
345
365
331
363
353
346
377
389
388
289
322
335
315
303
297
289
298
299
301
287
284
280
279
254
275
295
270
296
246
266
231
254
241
253
256
238
247
219
243
225
227
246
222
242
248
220
201
219
236
214
214
242
200
185
201
203
172
225
178
181
166
172
178
171
176
176
175
153
147
168
135
170
145
179
146
138
160
156
157
144
140
157
153
148
119
134
110
139
123
154
142
141
123
112
127
121
119
122
122
119
134
122
120
111
119
128
107
89
124
116
118
112
118
102
104
98
99
102
114
89
104
84
114
109
91
78
101
87
96
106
88
89
112
95
93
93
80
82
92
90
84
97
76
75
89
99
87
83
80
79
65
85
57
93
75
74
67
84
70
63
65
73
68
63
70
73
66
55
77
65
59
55
67
72
73
75
67
66
61
59
69
65
62
69
52
64
69
78
64
63
45
45
60
42
51
58
52
76
47
64
83
55
60
68
57
47
71
50
73
59
59
48
51
39
57
41
67
52
54
57
48
55
44
50
52
41
63
51
36
59
60
67
63
65
57
48
57
67
60
61
53
48
46
51
44
48
56
58
52
56
53
48
51
50
58
47
47
44
51
44
47
44
47
43
40
37
50
47
36
42
49
47
41
29
44
35
40
53
52
57
41
56
42
44
40
38
34
53
44
40
37
44
42
42
37
46
47
51
30
30
37
32
40
46
33
50
42
44
33
41
43
51
45
39
41
45
49
40
48
42
36
29
34
55
46
55
50
33
39
34
43
37
52
34
35
47
35
34
46
32
37
39
36
37
48
50
30
38
46
45
39
30
35
47
46
41
41
41
25
31
40
38
45
43
40
42
47
36
49
44
29
32
42
42
30
28
30
32
33
37
37
48
31
37
36
33
41
34
48
36
37
39
23
44
42
36
33
46
32
45
40
41
43
38
22
25
36
38
35
40
24
35
29
31
18
38
27
32
34
30
27
33
28
34
32
32
37
29
40
33
38
31
30
39
39
31
32
36
36
30
38
23
46
32
37
32
34
22
36
27
24
33
25
21
24
23
18
27
33
22
30
30
23
40
25
26
40
45
19
16
29
27
37
22
27
23
29
31
30
39
28
27
32
27
28
27
21
32
41
35
30
30
22
26
29
32
23
23
39
32
26
26
22
40
25
25
31
31
27
35
30
25
21
15
30
31
19
23
25
17
23
31
22
25
29
31
31
25
30
17
20
25
19
25
20
32
26
38
24
26
33
23
35
28
22
21
27
20
21
22
30
20
26
25
26
19
28
21
25
20
27
21
26
29
27
26
21
21
19
20
35
22
18
17
21
19
22
16
23
16
13
20
22
21
14
14
19
24
15
23
23
18
29
22
24
24
19
23
26
25
21
19
21
27
28
20
22
29
16
21
21
17
26
21
13
19
23
20
22
30
30
29
26
19
23
25
33
22
22
25
33
20
25
24
23
24
21
22
23
21
13
23
15
15
21
14
28
29
21
19
22
30
20
20
18
23
22
16
17
19
27
22
22
20
26
22
14
22
15
21
15
22
19
20
28
24
23
26
15
11
23
26
15
20
29
27
20
20
14
16
13
14
29
24
18
30
20
23
17
17
28
27
15
24
24
22
30
21
22
19
25
12
15
17
28
16
24
16
22
13
16
17
16
14
22
13
23
17
12
22
18
18
17
20
15
21
17
24
17
19
20
26
21
14
28
19
17
16
14
20
15
14
31
26
19
19
19
15
21
19
20
20
22
23
15
16
24
17
16
23
18
20
22
14
17
25
15
24
20
19
14
18
15
24
18
16
13
18
17
16
22
20
24
22
28
25
26
24
14
22
14
22
19
18
19
23
9
17
15
13
18
23
16
17
20
24
17
13
16
12
23
18
15
18
23
14
25
25
23
16
22
23
21
20
19
31
11
17
12
24
18
24
18
21
15
20
20
22
21
12
20
11
10
20
16
17
23
15
19
17
21
10
17
11
17
15
17
15
24
17
18
18
17
18
21
23
19
20
14
18
17
19
20
18
14
14
26
23
11
20
17
9
15
17
18
21
21
20
24
26
14
17
14
21
19
26
21
15
18
25
12
24
12
19
19
23
19
22
12
26
21
17
13
18
20
22
20
16
10
13
27
20
15
16
22
15
20
17
18
18
9
19
13
18
19
14
15
28
15
14
25
29
20
19
23
23
29
14
21
15
18
16
18
14
18
18
15
22
19
21
13
18
19
20
21
17
19
21
14
18
9
19
21
15
25
24
17
10
12
16
11
19
26
18
20
26
19
22
13
23
19
19
10
23
19
14
12
15
19
17
12
21
14
16
29
14
19
17
16
19
21
15
19
18
16
18
13
21
22
24
23
17
17
18
28
13
18
21
15
18
20
27
18
21
19
19
14
18
23
17
19
11
17
8
24
16
18
20
12
21
10
15
19
21
12
11
19
21
15
16
14
21
21
13
18
18
15
18
17
14
19
28
15
9
13
19
13
11
19
19
12
20
15
15
14
13
22
16
18
23
13
19
25
21
14
21
19
13
11
21
12
16
15
13
17
16
13
18
13
24
21
8
15
23
13
10
24
13
15
16
17
12
13
17
24
14
17
13
21
13
18
20
14
11
20
8
10
13
9
16
14
17
11
9
14
14
12
14
16
15
15
23
14
18
19
12
13
20
15
17
15
10
12
9
14
19
19
20
14
11
20
15
16
7
13
8
14
13
14
14
13
9
8
14
9
9
14
9
14
10
11
15
14
6
10
4
11
5
9
8
10
15
7
11
12
12
11
7
4
5
15
6
9
6
10
12
17
9
12
12
10
7
16
9
12
11
12
11
11
6
9
7
13
14
7
12
13
4
9
12
12
11
15
10
13
13
9
9
8
9
8
9
10
9
7
6
11
7
9
9
11
9
14
7
15
8
9
10
10
9
8
11
10
9
14
8
12
10
7
7
3
10
3
8
7
12
9
9
7
9
10
4
7
5
7
9
9
6
5
4
4
10
6
9
12
10
3
10
9
9
6
9
7
2
3
5
8
4
6
2
10
5
7
6
5
6
3
9
10
2
4
6
8
7
4
7
5
5
2
4
5
6
8
4
2
7
7
9
6
3
7
7
7
6
1
4
3
9
8
3
5
4
4
4
8
4
7
6
4
8
4
5
6
5
1
2
3
2
3
6
5
6
2
2
8
5
4
3
4
4
3
5
4
7
6
6
1
6
2
3
4
1
5
1
2
1
7
5
4
4
5
8
2
3
3
1
1
3
3
4
3
1
3
5
1
2
3
4
2
4
2
4
2
1
2
1
3
4
3
1
3
3
2
4
0
2
4
2
3
2
3
2
2
2
4
3
1
1
4
4
1
1
3
3
2
4
1
3
5
4
2
3
2
0
3
1
2
3
2
0
1
1
3
1
1
2
3
2
3
2
4
3
2
4
2
0
4
1
2
1
2
1
3
0
0
0
0
2
6
1
1
0
2
1
2
1
1
1
1
0
1
2
3
1
1
2
2
1
4
3
1
1
1
0
1
0
0
1
0
3
2
1
0
1
1
3
1
3
2
2
0
0
0
0
1
2
1
1
3
2
2
2
1
0
0
2
2
2
2
2
2
2
2
1
3
0
2
0
1
0
3
2
2
2
2
3
0
3
0
1
1
3
0
1
1
0
2
4
0
0
2
2
0
0
0
0
1
0
2
0
0
0
0
1
0
2
0
0
2
0
0
1
0
1
1
1
0
1
2
1
0
1
1
0
1
0
4
1
2
0
1
1
0
1
0
1
1
1
1
2
1
1
0
1
1
2
1
2
0
0
2
0
0
0
0
2
0
2
1
1
0
0
0
1
0
0
1
1
1
0
2
2
0
2
1
0
1
1
0
0
0
0
0
0
2
4
1
0
1
2
2
0
0
0
1
0
1
0
0
0
1
1
2
2
1
0
0
3
2
0
0
0
1
0
3
1
0
0
1
1
0
0
1
1
0
0
0
0
0
1
0
1
1
0
1
0
0
0
1
0
1
1
0
1
1
0
1
0
1
0
0
2
0
1
0
1
1
0
1
0
0
1
2
2
0
0
3
1
0
0
0
2
1
0
2
0
1
0
1
0
0
1
1
0
0
0
0
0
0
2
0
1
0
1
0
0
0
0
1
0
1
0
0
1
1
0
0
1
0
1
0
0
0
0
0
2
1
1
1
0
0
0
1
1
1
1
0
1
1
0
1
0
0
1
0
0
0
0
0
0
0
0
0
1
0
0
0
1
2
1
1
0
0
0
0
0
0
0
0
0
1
0
0
0
1
0
1
0
1
0
0
0
1
0
1
0
1
0
1
2
0
1
2
0
1
0
1
0
0
2
0
0
0
1
0
0
1
0
1
0
0
1
0
0
0
0
0
0
0
0
1
0
0
0
1
0
0
0
0
0
0
0
0
2
0
0
0
0
0
1
0
1
0
0
1
1
0
0
0
0
1
0
1
3
1
0
1
0
0
0
0
0
0
0
0
0
2
0
1
0
0
0
0
0
0
0
1
0
1
0
0
1
0
0
1
0
2
1
1
0
0
0
0
0
1
2
0
0
0
0
0
0
0
0
0
1
0
0
0
0
1
0
1
0
0
1
1
0
1
0
0
0
1
0
0
0
1
1
0
1
1
0
0
0
0
0
0
0
0
0
0
0
0
1
0
0
0
1
1
0
0
1
0
0
1
0
0
0
0
0
0
0
0
0
0
0
0
1
1
0
0
0
0
0
0
0
0
0
0
0
0
0
0
0
0
0
0
0
0
0
0
0
0
0
1
1
1
0
0
0
0
2
1
1
0
0
0
0
0
2
0
1
0
0
0
0
0
0
1
0
0
0
1
0
0
0
1
1
1
0
0
0
0
1
0
1
0
1
2
0
0
0
0
0
0
0
0
1
1
0
0
0
1
0
0
0
1
0
1
0
0
0
0
0
0
0
0
0
1
0
1
0
0
0
1
0
0
0
0
0
0
0
0
0
0
0
0
0
1
0
1
1
1
0
0
0
0
2
0
0
1
0
0
0
0
0
0
0
0
0
0
0
0
0
1
0
0
1
0
0
0
1
0
0
0
0
0
2
0
0
0
1
1
0
0
0
0
0
0
0
0
0
0
0
1
0
1
0
0
0
0
1
0
0
1
0
1
0
0
0
0
0
0
0
0
0
0
0
0
1
1
0
0
0
0
0
0
0
0
0
0
1
0
0
0
0
1
3
0
0
0
0
0
0
0
1
0
0
1
0
2
0
0
1
0
1
0
0
0
0
0
0
0
0
0
0
0
0
1
0
0
0
0
0
0
0
0
1
0
0
0
0
0
0
0
0
0
1
0
0
0
1
0
0
0
1
0
0
0
0
0
0
0
0
0
0
0
1
0
1
0
0
1
0
0
0
0
0
0
0
0
0
0
0
1
0
0
0
0
0
1
0
0
0
0
0
0
0
0
0
0
0
0
1
0
0
1
0
1
0
0
0
2
1
0
0
0
0
1
1
0
0
0
0
0
0
0
0
0
0
0
0
1
0
0
0
1
0
0
0
1
0
0
0
0
0
1
3
0
2
0
0
0
0
1
0
0
1
0
0
0
0
0
0
1
0
0
0
2
0
0
0
0
0
0
0
0
0
0
1
0
0
0
1
1
0
0
0
0
1
1
0
0
0
0
0
0
0
0
0
0
0
0
0
0
0
0
0
0
0
0
0
0
0
0
0
0
0
0
0
0
0
0
1
1
0
0
0
0
0
0
0
0
0
0
1
0
0
0
0
0
0
1
0
1
0
0
1
0
0
0
0
0
0
0
0
2
0
0
1
0
1
0
1
0
0
0
0
0
1
0
0
0
0
0
0
0
0
0
0
0
0
0
0
0
0
0
0
0
0
0
0
0
0
0
0
0
0
2
1
0
0
0
0
1
0
0
0
0
0
0
2
1
0
0
0
0
0
0
0
0
0
0
0
0
0
0
0
0
0
0
1
0
1
0
0
0
0
0
0
0
0
0
0
0
0
0
0
0
0
1
0
0
0
0
0
0
0
0
1
0
0
0
0
0
0
0
0
0
0
0
0
0
0
0
0
0
0
0
0
0
0
0
1
0
1
0
0
0
0
0
1
0
1
0
0
0
0
0
0
0
0
0
0
0
0
0
0
0
0
0
0
1
0
0
0
0
0
0
0
0
0
0
0
0
0
0
0
0
0
0
0
0
0
0
0
0
0
0
0
0
0
0
0
0
0
0
0
0
0
0
0
0
1
0
0
0
0
0
0
0
0
1
0
0
0
1
0
0
0
0
0
0
0
0
1
0
0
0
0
0
0
1
0
0
1
0
0
0
0
0
0
0
0
0
0
0
0
0
0
0
0
1
0
0
0
0
0
0
0
0
0
0
0
0
0
0
0
0
0
0
0
0
0
0
0
0
0
0
0
0
0
0
0
0
0
0
0
0
0
0
0
0
0
0
0
1
0
0
0
0
0
1
0
0
0
1
0
0
0
0
0
0
0
0
0
0
0
0
0
0
0
0
0
0
0
0
0
0
0
0
0
0
0
0
0
0
0
0
0
0
0
0
0
0
0
0
0
0
0
0
0
0
0
0
0
0
0
0
0
0
0
0
0
0
0
0
0
0
0
0
0
0
0
0
0
0
0
0
0
0
0
0
0
0
0
0
0
0
0
0
0
0
0
0
0
0
0
0
0
0
0
0
0
0
0
0
0
0
0
0
0
0
0
0
0
0
0
0
0
0
0
0
0
1
0
0
0
0
0
0
0
0
0
0
0
0
0
0
0
0
0
0
0
0
0
0
0
0
0
0
0
0
0
0
0
0
0
0
0
0
0
0
0
0
0
0
0
0
0
0
0
0
0
0
0
0
0
0
0
0
0
0
0
0
0
0
0
0
0
0
0
0
0
0
0
0
0
0
0
0
0
0
0
0
0
0
0
0
0
1
0
0
0
0
0
0
0
0
0
0
0
0
0
0
0
0
0
0
0
0
0
0
0
0
0
0
0
0
0
0
0
0
0
0
0
0
0
0
0
0
0
0
0
0
0
0
0
1
0
0
0
0
0
0
0
0
0
0
0
0
0
0
0
0
0
0
0
0
0
0
0
0
0
0
0
0
0
0
0
0
0
0
0
0
0
0
0
0
0
0
0
0
0
0
0
0
0
0
0
0
0
0
0
0
0
0
0
0
0
0
0
0
0
0
0
0
0
0
0
0
0
0
0
0
0
0
0
0
0
0
0
0
0
0
0
0
0
0
1
0
0
0
0
0
0
0
0
0
0
0
0
0
0
0
0
0
0
0
0
0
0
0
0
0
0
0
0
0
1
0
1
0
0
0
0
0
0
0
0
0
0
0
0
0
0
0
0
0
0
0
0
0
0
0
0
0
0
0
1
0
0
0
0
0
0
0
0
0
0
0
0
0
0
0
0
0
0
0
0
0
0
0
0
0
0
0
0
0
0
0
0
0
0
1
0
0
0
0
0
0
0
0
0
0
0
0
0
0
0
0
0
0
0
0
0
0
0
0
0
0
0
0
0
0
0
0
0
0
0
0
0
0
0
0
1
0
0
0
0
0
0
0
0
0
0
0
0
0
0
0
0
0
0
0
0
0
0
0
0
0
0
0
0
0
0
0
0
0
0
0
0
0
0
0
0
0
0
0
0
0
0
0
0
0
0
0
0
0
0
0
0
0
0
0
0
0
0
0
0
0
0
0
0
0
0
0
0
0
0
0
0
0
0
0
0
0
0
0
0
0
0
0
0
0
0
0
0
0
0
0
0
0
0
0
0
0
0
0
0
0
0
0
0
0
0
0
0
0
0
0
0
0
0
1
0
0
0
0
0
0
0
0
0
0
0
0
0
0
0
0
0
0
0
0
0
0
0
0
0
0
0
0
0
0
0
0
0
0
0
0
0
0
0
0
0
0
0
0
0
0
0
0
0
0
0
0
0
0
0
0
0
0
0
0
0
0
0
0
0
0
0
0
0
0
0
0
0
0
0
0
0
0
0
0
0
0
0
0
0
0
0
0
0
0
0
0
0
0
0
0
0
0
0
0
0
0
0
0
0
0
0
0
0
0
0
0
0
0
0
0
0
0
0
0
0
0
0
0
0
0
0
0
0
0
0
0
0
0
0
0
0
0
0
0
0
0
0
0
0
0
0
0
0
0
0
0
0
0
0
0
0
0
0
0
0
0
0
0
0
0
0
0
0
0
0
0
0
0
0
0
0
0
0
0
0
0
0
0
0
0
0
0
0
0
0
0
0
0
0
0
0
0
0
0
0
0
0
0
0
0
0
0
0
0
0
1
0
0
0
0
0
0
0
0
0
0
0
0
0
0
0
0
0
0
0
0
0
0
0
0
0
0
0
0
0
0
0
0
0
0
0
0
0
0
0
0
0
0
0
0
0
0
0
0
0
0
0
0
0
0
0
0
0
0
0
0
0
0
0
0
0
0
0
0
0
0
0
0
0
0
0
0
0
0
0
0
0
0
0
0
0
0
0
0
0
0
0
0
0
0
0
0
0
0
0
0
0
0
0
0
0
0
0
0
0
0
0
0
0
0
0
0
0
0
0
0
0
0
0
0
0
0
0
0
0
0
0
0
0
0
0
0
0
0
0
0
0
0
0
0
0
0
0
0
0
0
0
0
0
0
0
0
0
0
0
0
0
0
0
0
1
0
0
0
0
0
0
0
0
0
0
0
0
0
0
0
0
0
0
0
0
0
0
0
0
0
0
0
0
0
0
0
0
0
0
0
0
0
0
0
0
0
0
0
0
0
0
0
0
0
0
0
0
0
0
0
0
0
0
0
0
0
0
0
0
0
0
0
0
0
0
0
0
0
0
0
0
0
0
0
0
0
0
0
0
0
0
0
0
0
0
0
0
0
0
0
0
0
0
0
0
0
0
0
0
0
0
0
0
0
0
0
0
0
0
0
0
0
0
0
0
0
0
0
0
0
0
0
0
0
0
0
0
0
0
0
0
0
1
0
0
0
0
0
0
0
0
0
0
0
0
0
0
0
0
0
0
0
0
0
0
0
0
0
0
0
0
0
0
0
0
0
0
0
0
0
0
0
0
0
0
0
0
0
0
0
0
0
0
0
0
0
0
0
0
0
0
0
0
0
0
0
0
0
0
0
0
0
1
0
0
0
0
0
0
0
0
0
0
0
0
0
0
0
0
0
0
0
1
0
0
0
0
0
0
1
0
0
0
0
0
0
0
0
0
0
0
0
0
0
0
0
0
0
0
0
0
0
0
0
0
0
0
0
0
0
1
0
0
0
0
0
0
0
0
0
0
0
0
0
0
0
0
0
0
0
0
0
0
0
0
0
0
0
0
0
0
0
0
0
0
0
0
0
0
0
0
0
0
0
0
0
0
0
0
0
0
0
0
0
0
0
0
0
0
0
0
0
0
0
0
0
0
0
0
0
0
0
0
0
0
0
0
0
0
0
0
0
0
0
0
0
0
0
0
0
0
0
0
0
0
0
0
0
0
0
0
0
0
0
0
0
0
0
0
0
0
0
0
0
0
0
0
0
0
0
0
0
0
0
0
0
0
0
0
0
0
0
0
0
0
0
0
0
0
0
0
0
0
0
0
0
0
0
0
0
0
0
0
0
0
0
0
0
0
0
0
0
0
0
0
0
0
0
0
0
0
0
0
0
0
0
0
0
0
0
0
0
0
0
0
0
0
0
0
0
0
0
0
0
0
0
0
0
0
0
0
0
0
0
0
0
0
0
0
0
0
0
0
0
0
0
0
0
0
0
0
0
0
0
0
0
0
0
0
0
0
0
0
0
0
0
0
0
0
0
0
0
0
0
0
0
0
0
0
0
0
0
0
0
0
0
0
0
0
0
0
0
0
0
0
0
0
0
0
0
0
0
0
0
0
0
0
0
0
0
0
0
0
0
0
0
0
0
0
0
0
0
0
0
0
0
0
0
0
0
0
0
0
0
0
0
0
0
0
0
0
0
0
0
0
0
0
0
0
0
0
0
0
0
0
0
0
0
0
0
0
0
0
0
0
0
0
0
0
0
0
0
0
0
0
0
0
0
0
0
0
0
0
0
0
0
0
0
0
0
0
0
0
0
0
0
0
0
0
0
0
0
0
0
0
0
0
0
0
0
0
0
0
0
0
0
0
0
0
0
0
0
0
0
0
0
0
0
0
0
0
0
0
0
0
0
0
0
0
0
0
0
0
0
0
0
0
0
0
0
0
0
0
0
0
0
0
0
0
0
0
0
0
0
0
0
0
0
0
0
0
0
0
0
0
0
0
0
0
0
0
0
0
0
0
0
0
0
0
0
0
0
0
0
0
0
0
0
0
0
0
0
0
0
0
0
0
0
0
0
0
0
0
0
0
0
0
0
0
0
0
0
0
0
0
0
0
0
0
0
0
0
0
0
0
0
0
0
0
0
0
0
0
0
0
0
0
0
0
0
0
0
0
0
0
0
0
0
0
0
0
0
0
0
0
0
0
0
0
0
0
0
0
0
0
0
0
0
0
0
0
0
0
0
0
0
0
0
0
0
0
0
0
0
0
0
0
0
0
0
0
0
0
0
0
0
0
0
0
0
0
0
0
0
0
0
0
0
0
0
0
0
0
0
0
0
0
0
0
0
0
0
0
0
0
0
0
0
0
0
0
0
0
0
0
0
0
0
0
0
0
0
0
0
0
0
0
0
0
0
0
0
0
0
0
0
0
0
0
0
0
0
0
0
0
0
0
0
0
0
0
0
0
0
0
0
0
0
0
0
0
0
0
0
0
0
0
0
0
0
0
0
0
0
0
0
0
0
0
0
0
0
0
0
0
0
0
0
0
0
0
0
0
0
0
0
0
0
0
0
0
0
0
0
0
0
0
0
0
0
0
0
0
0
0
0
0
0
1
0
0
0
0
0
0
0
0
0
0
0
0
0
0
0
0
0
0
0
0
0
0
0
0
0
0
0
0
0
0
0
0
0
0
0
0
0
0
0
0
0
0
0
0
0
0
0
0
0
0
0
0
0
0
0
0
0
0
0
0
0
0
0
0
0
0
0
0
0
0
0
0
0
0
0
0
0
0
0
0
0
0
0
0
0
0
0
0
0
0
0
0
0
0
0
0
0
0
0
0
0
0
0
0
0
0
0
0
0
0
0
0
0
0
0
0
0
0
0
0
0
0
0
0
0
0
0
0
0
0
0
0
0
0
0
0
0
0
0
0
0
0
0
0
0
0
0
0
0
0
0
0
0
0
0
0
0
0
0
0
0
0
0
0
0
0
0
0
0
0
0
0
0
0
0
0
0
0
0
0
0
0
0
0
0
0
0
0
0
0
0
0
0
0
0
0
0
0
0
0
0
0
0
0
0
0
0
0
0
0
0
0
0
0
0
0
0
0
0
0
0
0
0
0
0
0
0
0
0
0
0
0
0
0
0
0
0
0
0
0
0
0
0
0
0
0
0
0
0
0
0
0
0
0
0
0
0
0
0
0
0
0
0
0
0
0
0
0
0
0
0
0
0
0
0
0
0
0
0
0
0
0
0
0
0
0
0
0
0
0
0
0
0
0
0
0
0
0
0
0
0
0
0
0
0
0
0
0
0
0
0
0
0
0
0
0
0
0
0
0
0
0
0
0
0
0
0
0
0
0
0
0
0
0
0
0
0
0
0
0
0
0
0
0
0
0
0
0
0
0
0
0
0
0
0
0
0
0
0
0
0
0
0
0
0
0
0
0
0
0
0
0
0
0
0
0
0
0
0
0
0
0
0
0
0
0
0
0
0
0
0
0
0
0
0
0
0
0
0
0
0
0
0
0
0
0
0
0
0
0
0
0
0
0
0
0
0
0
0
0
0
0
0
0
0
0
0
0
0
0
0
0
0
0
0
0
0
0
0
0
0
0
0
0
0
0
0
0
0
0
0
0
0
0
0
0
0
0
0
0
0
0
0
0
0
0
0
0
0
0
0
0
0
0
0
0
0
0
0
0
0
0
0
0
0
0
0
0
0
0
0
0
0
0
0
0
0
0
0
0
0
0
0
0
0
0
0
0
0
0
0
0
0
0
0
0
0
0
0
0
0
0
0
0
0
0
0
0
0
0
0
0
0
0
0
0
0
0
0
0
0
0
0
0
0
0
0
0
0
0
0
0
0
0
0
0
0
0
0
0
0
0
0
0
0
0
0
0
0
0
0
0
0
0
0
0
0
0
0
0
0
0
0
0
0
0
0
0
0
0
0
0
0
0
0
0
0
0
0
0
0
0
0
0
0
0
0
0
0
0
0
0
0
0
0
0
0
0
0
0
0
0
0
0
0
0
0
0
0
0
0
0
0
0
0
0
0
0
0
0
0
0
0
0
0
0
0
0
0
0
0
0
0
0
0
0
0
0
0
0
0
0
0
0
0
0
0
0
0
0
0
0
0
0
0
0
0
0
0
0
0
0
0
0
0
0
0
0
0
0
0
0
0
0
0
0
0
0
0
0
0
0
0
0
0
0
0
0
0
0
0
0
0
0
0
0
0
0
0
0
0
0
0
0
0
0
0
0
0
0
0
0
0
0
0
0
0
0
0
0
0
0
0
0
0
0
0
1
0
0
0
0
0
0
0
0
0
0
0
0
0
0
0
0
0
0
0
0
0
0
0
0
0
0
0
0
0
0
0
0
0
0
0
0
0
0
0
0
0
0
0
0
0
0
0
0
0
0
0
0
0
0
0
0
0
0
0
0
0
0
0
0
0
0
0
0
0
0
0
0
0
0
0
0
0
0
0
0
0
0
0
0
0
0
0
0
0
0
0
0
0
0
0
0
0
0
0
0
0
0
0
0
0
0
0
0
0
0
0
0
0
0
0
0
0
0
0
0
0
0
0
0
0
0
0
0
0
0
0
0
0
0
0
0
0
0
0
0
0
0
0
0
0
0
0
0
0
0
0
0
0
0
0
0
0
0
0
0
0
0
0
0
0
0
0
0
0
0
0
0
0
0
0
0
0
0
0
0
0
0
0
0
0
0
0
0
0
0
0
0
0
0
0
0
0
0
0
0
0
0
0
0
0
0
0
0
0
0
0
0
0
0
0
0
0
0
0
0
0
0
0
0
0
0
0
0
0
0
0
0
0
0
0
0
0
0
0
0
0
0
0
0
0
0
0
0
0
0
0
0
0
0
1
0
0
0
0
0
0
0
0
0
0
0
0
0
0
0
0
0
0
0
1
0
0
1
0
0
0
0
0
0
0
0
0
0
0
0
0
0
0
0
0
0
0
0
0
0
0
0
0
0
0
0
0
0
0
0
0
0
0
0
0
0
0
0
0
0
0
0
0
0
0
0
0
0
0
0
0
0
0
0
0
0
0
0
0
0
0
0
0
0
0
0
0
0
0
0
0
0
0
0
0
0
0
0
0
0
0
0
0
0
0
0
0
0
0
0
0
0
0
0
0
0
0
0
0
0
0
0
0
0
0
0
0
0
0
0
0
0
0
0
0
0
0
0
0
0
0
0
0
0
0
0
0
0
0
0
0
0
0
0
0
0
0
0
0
0
0
0
0
0
0
0
0
0
0
0
0
0
0
0
0
0
0
0
0
0
0
0
0
0
0
0
0
0
0
0
0
0
0
0
0
0
0
0
0
0
0
0
0
0
0
0
0
0
0
0
0
0
0
0
0
0
0
0
0
0
0
0
0
0
0
0
0
0
0
0
0
0
0
0
0
0
0
0
0
0
0
0
0
0
0
0
0
0
0
0
0
0
0
0
0
0
0
0
0
0
0
0
0
0
0
0
0
0
0
0
0
0
0
0
0
0
0
0
0
0
0
0
0
0
0
0
0
0
0
0
0
0
0
0
0
0
0
0
0
0
0
0
0
0
0
0
0
0
0
0
0
0
0
0
0
0
0
0
0
0
0
0
0
0
0
0
0
0
0
0
0
0
0
0
0
0
0
0
1
0
0
0
0
0
0
0
0
0
0
0
0
0
0
0
0
0
0
0
0
0
0
0
0
1
0
1
0
0
0
0
0
0
0
0
0
0
0
0
0
0
0
0
0
0
0
0
0
0
0
0
0
0
0
0
0
0
0
0
0
0
0
0
0
0
0
0
0
0
0
0
0
0
0
0
0
0
0
0
0
0
0
0
0
0
0
0
0
0
0
0
0
0
0
0
0
0
0
0
0
0
0
0
0
0
0
0
0
0
0
0
0
0
0
0
0
0
0
0
0
0
0
0
0
0
0
0
0
0
0
0
0
0
0
0
0
0
0
0
0
0
0
0
0
0
0
0
0
0
0
0
0
0
0
0
0
0
0
0
0
0
0
0
0
0
0
0
0
0
0
0
0
0
0
0
0
0
0
0