0
0
0
0
0
0
0
0
0
0
0
0
0
0
0
0
0
0
0
0
0
0
0
0
0
0
0
0
0
0
0
0
0
0
0
0
0
0
0
0
0
0
0
0
0
0
0
0
0
0
0
0
0
0
0
0
0
0
0
0
0
0
0
0
0
0
0
0
0
0
0
0
0
0
0
0
0
0
0
0
0
0
0
0
0
0
0
0
0
0
0
0
0
0
0
0
0
0
0
0
0
0
0
0
0
0
0
0
0
0
0
0
0
0
0
0
0
0
0
0
0
0
0
0
0
0
0
0
0
0
0
0
0
0
0
0
0
0
0
0
0
0
0
0
0
0
0
0
0
0
0
0
0
0
0
0
0
0
0
0
0
0
0
0
0
0
0
0
0
0
0
0
0
0
0
0
0
0
0
0
0
0
0
0
0
0
0
0
0
0
0
0
0
0
0
0
0
0
0
0
0
0
0
0
0
0
0
0
0
0
0
0
0
0
0
0
0
0
0
0
0
0
0
0
0
0
0
0
0
0
0
0
0
0
0
0
0
0
0
0
0
0
0
0
0
0
0
0
0
0
0
0
0
0
0
0
0
0
0
0
0
0
0
0
0
0
0
0
0
0
0
0
0
0
0
0
0
0
0
0
0
0
0
0
0
0
0
0
0
0
0
0
0
0
0
0
0
0
0
0
0
0
0
0
0
0
0
0
0
0
0
0
0
0
0
0
0
0
0
0
0
0
0
0
0
0
0
0
0
0
0
0
0
0
0
0
0
0
0
0
0
0
0
0
0
0
0
0
0
0
0
0
0
0
0
0
0
0
0
0
0
0
0
0
0
0
0
0
0
0
0
0
0
0
0
0
0
0
0
0
0
0
0
0
0
0
0
0
0
0
0
0
0
0
0
0
0
0
0
0
0
0
0
0
0
0
0
0
0
0
0
0
0
0
0
0
0
0
0
0
0
0
0
0
0
0
0
0
0
0
0
0
0
0
0
0
0
0
0
0
0
0
0
0
0
0
0
0
0
0
0
0
0
0
0
0
0
0
0
0
0
0
0
0
0
0
0
0
0
0
0
0
0
0
0
0
0
0
0
0
0
0
0
0
0
0
0
0
0
0
0
0
0
0
0
0
0
0
0
0
0
0
0
0
0
0
0
0
0
0
0
0
0
0
0
0
0
0
0
0
0
0
0
0
0
0
0
0
0
0
0
0
0
0
0
0
0
0
0
0
0
0
0
0
0
0
0
0
0
0
0
0
0
0
0
0
0
0
0
0
0
0
0
0
0
0
0
0
0
0
0
0
0
0
0
0
0
0
0
0
0
0
0
0
0
0
0
0
0
0
0
0
0
0
0
0
0
0
0
0
0
0
0
0
0
0
0
0
0
0
0
0
0
0
0
0
0
0
0
0
0
0
0
0
0
0
0
0
0
0
0
0
0
0
0
0
0
0
0
0
0
0
0
0
0
0
0
0
0
0
0
0
0
0
0
0
0
0
0
0
0
0
0
0
0
0
0
0
0
0
0
0
0
0
0
0
0
0
0
0
0
0
0
0
0
0
0
0
0
0
0
0
0
0
0
0
0
0
0
0
0
0
0
0
0
0
0
0
0
0
0
0
0
0
0
0
0
0
0
0
0
0
0
0
0
0
0
0
0
0
0
0
0
0
0
0
0
0
0
0
0
0
0
0
0
0
0
0
0
0
0
0
0
0
0
0
0
0
0
0
0
0
0
0
0
0
0
0
0
0
0
0
0
0
0
0
0
0
0
0
0
0
0
0
0
0
0
0
0
0
0
0
0
0
0
0
0
0
0
0
0
0
0
0
0
0
0
0
0
0
0
0
0
0
0
0
0
0
0
0
0
0
0
0
0
0
0
0
0
0
0
246
287
407
478
498
533
530
563
570
548
609
550
551
556
555
544
515
578
513
559
558
564
533
525
518
512
554
563
535
505
578
514
552
479
508
541
493
479
509
563
522
506
466
513
479
520
506
480
441
465
498
474
438
464
495
485
496
511
456
493
425
447
428
478
499
453
469
426
462
438
463
476
464
466
484
425
436
437
414
440
444
451
451
429
461
445
442
449
408
418
442
451
409
385
429
451
414
458
436
404
420
445
392
423
410
410
432
405
388
415
399
426
411
411
431
399
398
389
380
401
373
404
383
411
382
434
377
402
391
375
404
402
366
385
387
426
431
385
386
381
393
413
382
414
374
371
378
391
362
340
357
386
373
352
355
365
343
349
370
342
343
351
357
351
368
330
352
320
351
363
342
386
378
333
328
377
381
333
336
353
351
321
348
312
362
339
339
365
310
350
353
295
334
370
346
325
325
390
299
353
341
330
339
334
328
323
306
359
276
322
349
354
349
323
329
336
311
297
327
335
327
358
331
350
304
317
316
312
310
302
304
316
306
303
288
300
315
316
272
314
273
312
283
323
305
293
297
330
298
305
310
272
319
305
300
315
280
308
276
309
289
316
298
287
311
305
294
280
286
307
342
307
326
306
275
295
313
289
300
323
292
304
303
300
306
286
312
318
277
297
308
306
311
302
289
335
283
314
267
308
303
309
315
281
293
289
273
290
275
281
244
245
264
288
266
265
305
303
290
282
278
274
293
276
262
275
289
271
265
268
277
282
266
265
252
313
286
295
271
283
302
289
293
285
262
269
241
286
272
269
287
293
301
267
272
287
295
300
306
283
270
300
291
280
265
291
286
278
300
281
272
285
320
305
300
258
233
290
298
274
273
299
258
302
274
265
260
275
262
275
293
270
260
253
282
259
282
259
258
300
286
248
257
249
287
255
246
247
294
303
296
267
259
286
310
288
308
301
277
267
294
252
278
276
284
272
261
268
259
271
261
263
248
259
285
251
264
271
286
239
247
280
252
263
264
221
260
246
247
250
253
258
258
230
234
224
251
236
234
240
243
230
228
230
244
264
241
246
242
227
228
264
256
243
231
249
223
237
225
272
244
256
226
237
235
226
233
244
249
251
229
276
245
270
218
255
252
258
238
248
220
246
237
219
248
286
259
246
239
210
244
227
231
261
248
240
225
249
255
224
236
237
244
212
240
224
235
222
226
250
230
205
237
212
229
240
250
207
238
206
232
223
235
226
221
218
231
231
231
225
201
222
226
230
249
235
249
242
212
209
245
241
250
247
253
227
210
250
230
212
234
213
219
223
218
242
258
221
243
206
231
208
218
205
246
239
246
244
236
188
239
242
219
228
216
218
221
222
252
237
206
229
208
218
224
217
230
207
227
227
209
215
215
213
189
218
241
217
201
204
230
244
214
221
215
232
201
239
207
201
216
212
231
204
228
234
218
198
221
210
255
238
220
207
215
249
204
232
212
227
224
199
226
166
182
233
221
216
192
230
217
251
209
233
204
218
203
211
204
211
193
230
194
212
222
202
225
227
217
224
219
240
220
198
225
221
198
223
218
217
206
205
217
201
208
203
243
228
230
231
243
209
212
219
201
187
224
225
194
238
217
194
215
210
232
228
207
224
206
221
227
219
218
218
213
212
211
225
227
206
204
251
235
233
229
204
221
215
236
213
236
219
205
232
225
216
220
219
242
221
232
209
220
232
252
239
235
236
220
248
239
226
219
208
212
211
237
232
217
242
189
214
200
215
202
231
233
207
219
232
240
239
217
227
213
225
220
247
237
204
210
218
204
238
233
200
221
230
238
204
201
213
206
233
216
255
213
217
234
235
211
228
214
218
221
224
227
244
226
222
241
249
244
221
250
245
244
239
250
220
219
226
263
213
231
260
203
269
251
244
247
211
245
213
252
230
251
223
248
215
243
263
243
242
251
264
248
241
238
231
236
246
247
237
289
238
240
241
246
241
275
245
260
244
244
246
251
230
251
267
262
234
256
263
257
247
250
247
246
258
268
255
236
240
226
217
261
266
278
256
244
267
239
256
277
206
258
236
246
237
237
270
259
255
243
250
272
302
244
250
253
241
262
223
262
222
227
279
252
255
271
268
256
287
278
239
291
241
268
243
246
291
256
263
253
268
250
245
289
280
265
273
272
259
292
258
254
264
282
272
295
268
283
270
256
268
265
251
272
289
271
259
290
280
280
263
272
268
230
248
243
241
235
267
296
261
255
307
284
263
271
262
266
270
288
271
276
241
264
264
261
283
282
273
279
292
272
302
274
272
267
284
264
298
290
259
274
268
318
279
288
260
282
306
295
296
300
303
267
289
282
278
255
279
266
302
294
265
290
312
299
301
276
306
297
254
281
259
285
269
289
282
296
307
284
269
308
259
266
280
278
268
300
275
279
278
276
285
302
285
296
285
277
287
284
283
276
282
312
334
313
285
322
295
299
309
309
315
231
264
302
266
281
304
291
312
291
316
320
305
284
286
288
274
313
306
310
307
281
288
282
316
302
280
304
265
266
257
283
315
299
311
317
279
283
297
280
279
284
298
286
261
290
270
282
282
328
267
302
248
279
295
275
302
299
312
290
266
271
268
289
284
251
261
280
254
284
288
308
299
271
258
273
279
302
280
285
279
273
261
246
286
261
260
272
285
266
284
285
271
291
236
283
267
267
287
251
303
248
269
259
244
289
244
264
258
235
274
297
275
279
249
251
253
262
260
267
252
259
258
241
275
225
310
255
282
289
281
269
277
249
244
279
293
237
281
234
258
270
244
271
261
265
231
233
262
286
286
255
242
266
250
244
271
269
268
263
256
231
251
270
217
244
267
272
244
235
287
254
231
256
233
253
247
242
261
269
249
264
262
271
250
252
253
234
248
258
258
221
222
257
244
251
227
245
233
283
234
235
240
228
250
237
250
237
222
268
225
237
228
239
180
216
228
212
209
219
243
235
190
213
225
238
196
212
200
217
217
217
216
206
193
219
197
214
217
192
219
225
223
240
217
205
195
188
207
195
192
201
184
210
223
210
202
208
205
205
215
217
180
222
205
192
198
211
171
202
187
175
205
206
206
200
185
196
169
180
163
204
206
197
171
186
189
167
166
192
170
186
176
174
174
182
162
191
195
166
191
182
214
187
186
186
158
171
165
176
172
185
200
171
167
163
152
164
175
192
192
162
153
180
183
176
164
180
190
181
172
156
160
174
154
152
141
178
163
135
164
151
157
147
145
158
162
140
158
155
154
153
163
161
166
157
163
173
149
180
162
158
140
158
155
158
165
173
143
143
136
146
134
127
137
135
136
157
153
146
149
133
142
134
117
168
118
142
128
146
149
131
139
145
131
133
133
138
136
154
134
152
145
124
123
125
129
135
144
148
150
131
128
123
134
114
165
137
135
121
136
138
124
119
136
110
133
138
136
140
127
124
143
133
140
138
124
111
123
129
107
131
112
102
108
110
109
117
113
112
112
90
100
111
109
103
110
118
131
124
114
122
129
109
120
114
122
101
119
127
106
127
121
109
102
107
111
111
131
106
126
114
108
112
109
121
103
96
119
103
122
105
119
80
92
108
116
113
124
117
123
112
105
123
110
110
101
123
112
102
111
107
109
99
99
112
100
90
95
87
100
95
85
91
94
103
94
110
84
98
110
91
87
105
100
107
83
113
97
101
91
83
98
95
107
91
82
98
94
88
107
96
105
84
102
96
104
88
91
99
95
92
101
78
90
105
78
102
70
87
78
104
100
112
111
107
104
91
104
93
102
93
86
86
91
95
81
101
94
94
76
91
89
84
89
86
89
97
79
92
98
78
93
83
97
86
101
84
87
92
93
85
84
81
94
84
77
82
87
105
90
94
80
81
79
82
88
86
88
93
107
77
74
78
94
93
98
83
99
72
99
89
88
84
86
76
79
90
86
86
91
89
101
64
91
76
83
88
96
104
87
79
81
77
84
86
85
63
87
71
78
78
88
81
80
77
87
79
89
75
75
89
70
83
85
82
72
76
75
87
80
76
66
87
90
68
87
75
76
87
81
99
75
81
87
90
77
77
71
83
96
90
101
83
78
92
69
70
97
65
74
88
72
73
80
84
72
94
78
85
93
91
77
75
71
81
86
83
108
109
75
92
101
109
88
82
77
64
84
71
94
91
83
84
93
79
87
71
77
73
100
79
82
93
75
78
85
84
86
89
82
74
79
76
89
85
88
64
82
81
88
93
78
84
98
86
76
84
74
89
85
88
71
81
96
91
83
89
84
87
71
98
97
74
77
78
79
89
93
87
71
95
77
105
81
87
88
78
85
91
102
101
79
62
83
65
109
87
78
80
88
79
79
86
103
101
71
80
86
102
94
96
76
67
94
99
77
83
94
87
72
90
77
108
91
84
92
115
85
105
102
80
93
95
77
83
92
86
100
106
104
94
74
93
85
97
69
101
95
82
94
81
97
92
91
106
97
84
86
84
100
81
86
90
91
87
91
82
82
85
67
87
81
90
101
102
105
97
80
96
94
109
81
71
75
101
77
111
107
86
97
93
110
100
105
97
71
96
74
101
100
100
73
87
82
98
88
99
83
86
94
101
110
105
93
103
86
101
110
98
81
95
93
95
92
79
76
81
78
107
100
88
92
87
93
104
111
106
91
96
89
90
99
100
96
93
78
100
110
102
89
94
100
107
104
115
102
94
93
101
110
93
95
77
105
99
109
92
114
98
110
101
110
110
104
106
101
88
114
101
103
115
88
92
102
116
100
90
103
101
94
104
100
111
110
93
117
80
101
109
97
101
98
105
104
93
100
117
102
96
113
80
83
99
108
95
81
92
102
102
105
138
89
98
115
117
114
100
114
114
111
89
125
93
128
114
113
102
110
128
115
101
116
102
122
98
115
104
102
96
109
102
109
100
114
118
104
104
111
104
103
114
111
115
108
92
130
125
103
97
111
119
110
109
97
101
116
118
96
100
137
116
104
101
105
121
124
123
120
113
108
121
107
127
110
128
119
123
116
120
117
129
100
115
139
131
109
117
109
102
103
113
119
96
102
111
117
142
116
119
115
112
111
113
131
126
108
115
127
113
107
130
112
128
101
121
131
126
113
102
125
127
116
125
117
136
108
107
119
121
128
110
137
130
114
116
101
112
117
135
135
131
121
121
108
120
136
120
128
162
118
127
131
127
128
113
129
131
126
120
145
120
128
119
106
137
134
118
120
111
136
135
138
148
138
139
118
138
118
121
147
118
129
133
121
122
129
120
140
111
124
140
123
127
140
128
136
128
119
115
126
129
118
121
152
130
131
146
129
130
161
138
132
134
127
137
127
129
135
146
127
126
139
146
146
151
114
142
117
144
132
127
134
129
141
113
135
121
146
151
148
130
153
120
150
152
155
153
151
128
123
162
142
123
146
127
182
150
144
138
143
145
140
168
138
125
128
154
158
170
149
143
136
131
160
153
158
155
136
143
160
157
144
126
135
159
145
155
147
149
139
151
147
157
150
153
144
155
142
159
154
140
147
164
148
145
140
162
179
146
155
156
162
147
180
170
156
159
142
159
149
174
140
162
160
165
137
154
148
172
155
139
167
163
167
171
149
147
161
146
168
180
144
178
173
176
190
171
124
140
159
184
187
151
169
184
139
165
179
161
184
168
172
179
162
155
183
166
145
168
194
177
172
168
187
156
170
181
183
170
160
167
157
195
160
148
164
191
171
159
179
167
172
155
166
183
153
189
198
188
166
164
197
177
187
171
182
174
207
171
194
193
167
166
190
191
181
191
194
201
175
204
183
192
187
199
185
195
188
193
197
182
197
204
214
195
188
177
212
212
191
182
188
174
195
200
170
205
186
200
195
193
176
209
195
224
197
208
196
220
195
190
195
206
195
173
208
191
179
211
208
198
230
209
220
229
211
226
227
223
214
219
213
212
243
211
209
208
224
210
215
218
226
211
199
217
228
219
223
211
244
220
236
242
214
230
238
236
250
240
231
265
222
227
212
241
250
246
242
248
232
244
246
242
233
235
283
241
251
223
243
264
231
272
227
236
267
250
246
257
235
246
243
233
240
246
261
233
274
261
253
254
269
258
248
282
285
270
231
279
262
279
267
312
277
268
283
277
264
302
276
280
309
270
280
256
277
273
293
290
284
303
285
292
271
297
277
286
303
273
352
300
281
296
282
333
285
288
285
271
290
311
305
355
296
262
307
335
325
325
310
286
312
289
291
325
282
304
299
303
306
313
351
293
310
330
325
339
324
336
330
306
298
324
342
357
325
313
321
365
326
325
371
353
368
337
347
357
345
339
348
357
350
339
356
344
356
381
344
327
395
350
363
352
357
358
354
360
366
383
397
347
386
373
359
368
372
330
378
412
335
391
361
381
376
389
374
371
398
375
384
384
373
398
411
405
358
367
361
432
397
405
410
397
377
376
397
417
365
394
392
404
403
402
387
426
391
419
365
409
394
403
456
424
395
446
405
411
438
411
396
414
412
428
458
435
422
397
409
443
429
403
440
406
449
415
461
462
426
433
446
425
444
436
475
441
460
457
473
499
435
472
432
422
397
467
435
452
421
449
483
485
485
473
437
480
471
464
458
451
475
459
509
478
491
455
511
473
470
491
495
445
471
453
462
537
496
494
478
500
446
501
482
500
490
450
493
499
503
501
522
471
553
456
530
491
501
500
489
499
500
494
506
503
530
510
570
462
515
523
550
536
540
519
497
505
521
530
543
544
498
528
543
505
515
520
518
539
492
507
572
501
524
567
507
542
538
571
539
514
564
538
525
572
506
560
543
530
537
544
479
531
531
603
559
570
579
590
528
549
551
532
543
566
548
522
580
560
543
571
532
535
560
555
523
540
567
574
602
573
532
592
541
613
576
577
571
607
570
582
565
599
591
568
575
584
577
587
611
571
591
552
570
569
550
566
599
583
597
597
565
596
611
634
588
592
576
558
623
612
583
603
598
601
634
621
581
617
581
582
610
618
621
601
626
590
591
603
639
584
623
581
609
654
621
617
590
632
604
640
616
610
627
583
606
623
601
627
595
595
617
568
635
626
586
592
565
598
619
588
617
621
612
621
628
637
635
605
616
630
619
663
596
640
622
613
616
628
623
597
606
638
617
676
605
655
629
580
695
632
624
623
615
610
653
611
629
656
613
635
692
632
641
626
640
618
619
596
596
623
631
578
591
664
626
608
613
642
621
627
650
688
621
606
615
617
585
600
590
647
639
635
625
589
595
630
647
633
605
584
586
640
668
622
608
625
591
620
587
607
638
588
593
678
621
602
608
601
592
580
616
585
603
672
606
612
647
562
620
635
595
662
586
644
596
632
597
660
603
569
584
586
604
580
604
628
642
582
589
616
599
642
629
626
589
609
635
623
580
581
614
609
621
622
584
565
606
573
598
615
561
647
604
616
566
579
596
645
576
603
578
622
581
588
580
594
555
601
562
625
529
597
552
613
577
553
560
569
545
578
554
567
555
531
577
603
561
572
562
591
604
558
621
560
587
584
555
545
601
578
536
565
566
529
534
574
561
565
550
564
559
571
612
547
572
548
567
565
581
600
509
560
527
509
538
553
574
483
525
557
545
575
537
552
554
550
516
536
557
545
529
537
530
528
488
500
548
513
531
524
521
555
540
495
530
541
505
537
516
507
477
483
502
519
473
501
512
508
518
508
522
514
507
516
511
531
523
479
533
512
540
502
514
464
459
486
494
466
437
491
499
483
456
511
482
479
454
492
512
486
470
447
418
463
464
411
497
436
494
439
431
486
458
476
480
443
430
490
454
474
444
447
462
444
471
465
473
450
441
469
416
465
449
453
400
427
425
395
456
452
464
412
457
420
438
421
422
452
453
444
386
395
442
417
415
405
409
420
424
434
432
376
441
429
421
422
414
401
427
411
403
427
366
382
435
386
428
408
437
414
421
375
398
404
385
371
371
444
395
369
397
390
413
349
417
384
368
394
394
396
364
381
359
367
381
344
334
384
394
385
380
349
401
409
379
349
391
385
367
341
371
359
377
342
354
330
360
364
335
385
338
332
320
334
353
379
326
322
311
362
323
329
344
316
331
349
342
319
329
318
349
319
338
324
353
328
333
314
321
315
316
302
304
304
325
329
307
314
323
290
323
314
275
333
289
304
299
299
283
304
320
286
292
288
262
302
276
268
302
310
278
279
267
268
309
277
294
291
286
293
284
265
231
283
293
299
269
270
274
289
279
286
255
270
270
267
269
238
255
299
280
275
265
259
233
259
252
271
216
266
247
247
244
257
229
258
263
255
241
260
236
229
221
236
223
214
241
214
245
238
240
220
222
226
236
190
227
250
240
211
231
250
235
228
220
210
230
214
223
233
225
223
216
209
198
240
210
228
206
194
223
215
214
232
200
196
217
215
204
215
200
214
196
179
223
200
199
190
206
173
187
209
199
214
181
173
167
204
180
203
191
178
163
177
185
185
175
183
165
185
193
167
163
161
188
185
155
152
171
159
178
174
160
190
178
176
166
193
173
177
181
179
170
156
190
180
165
142
171
155
166
165
177
154
156
165
159
151
156
139
152
163
157
152
126
149
164
150
162
175
135
153
152
159
142
148
156
170
125
161
142
151
160
128
136
138
140
136
154
138
138
132
147
122
132
121
150
133
126
104
142
138
138
132
136
126
134
121
112
133
133
129
118
106
118
127
120
114
121
123
126
124
129
111
106
145
112
103
119
119
112
105
134
130
111
139
107
106
110
129
109
107
121
111
114
103
120
90
107
117
102
97
107
128
101
96
88
105
108
114
82
93
114
103
104
105
94
108
81
104
105
95
91
81
105
96
94
101
92
102
72
74
113
96
97
98
76
79
88
92
82
90
71
95
82
74
78
76
87
93
94
99
71
67
75
88
76
86
70
104
83
56
64
70
79
87
73
74
91
85
80
73
80
73
72
68
79
87
73
65
85
97
85
64
70
59
74
80
76
74
75
83
77
89
70
73
60
62
84
80
65
72
68
67
53
63
58
58
66
70
69
77
73
64
56
84
69
65
77
63
72
69
65
57
67
64
67
62
74
60
49
68
65
64
53
60
52
65
57
61
52
74
55
54
57
50
56
56
56
67
44
64
58
49
48
59
58
45
71
58
54
53
55
50
55
54
65
47
59
43
46
56
53
59
57
55
51
53
36
52
47
64
49
65
51
48
46
57
57
40
41
48
49
52
52
48
47
44
49
40
48
40
45
46
49
49
36
34
50
46
55
58
38
51
38
36
46
31
45
40
40
43
35
33
30
38
46
47
39
35
32
32
47
32
36
35
42
29
39
37
47
31
32
37
27
39
46
38
27
48
31
26
27
32
34
35
38
36
36
33
36
32
38
28
54
36
25
41
41
37
38
44
28
37
46
26
34
30
41
29
35
34
23
26
28
35
26
29
36
41
35
23
31
28
32
31
33
38
30
32
22
34
31
27
36
31
32
34
21
27
25
32
29
30
28
35
29
31
24
36
26
27
29
29
28
30
30
32
28
26
20
25
32
27
28
25
17
32
29
23
25
27
17
23
24
29
14
26
29
27
23
14
22
29
27
32
33
36
31
22
30
26
20
19
27
22
28
27
30
16
21
20
33
28
16
25
22
28
24
24
25
22
19
28
23
21
23
16
14
29
21
30
24
17
17
28
31
24
12
23
23
22
15
22
19
14
21
25
21
21
17
14
21
20
24
23
24
20
22
18
17
20
23
21
23
20
16
22
8
22
19
19
23
17
20
16
9
21
10
22
17
21
10
20
19
23
18
19
27
17
11
18
18
11
18
17
14
21
16
16
17
21
23
12
21
12
23
26
13
13
17
13
25
22
17
16
9
23
26
16
18
20
14
14
18
18
16
14
24
16
17
20
22
16
20
12
10
13
14
15
16
14
13
22
17
18
14
19
17
13
16
15
20
19
22
12
16
18
16
9
14
15
19
16
15
17
25
9
17
12
17
18
14
19
10
12
13
13
14
16
13
21
16
21
19
10
13
23
13
12
10
13
21
20
21
14
14
11
11
17
18
21
15
19
20
18
12
20
17
13
18
18
14
16
11
17
13
13
14
12
14
14
9
15
16
12
6
11
18
12
18
10
21
8
18
22
14
13
16
17
10
17
17
13
16
5
18
15
13
19
11
7
13
19
11
10
11
8
10
12
14
11
18
12
13
14
11
18
10
10
17
11
15
13
16
11
14
8
13
11
14
9
16
12
19
21
19
14
7
15
18
16
15
15
5
19
14
13
12
15
14
9
11
12
14
20
15
14
11
17
12
15
12
8
15
16
7
7
12
15
14
10
10
19
10
11
12
13
13
12
11
15
11
11
12
16
18
19
16
14
16
14
13
16
13
10
2
15
18
12
10
7
8
11
19
13
10
18
13
14
16
7
6
14
11
13
12
11
9
14
15
16
10
14
14
14
16
11
14
9
12
8
20
14
17
11
15
9
10
13
12
22
12
12
12
14
10
18
16
14
13
12
11
8
10
18
13
17
10
11
17
14
9
8
8
11
13
12
14
10
17
15
14
21
9
9
15
19
15
12
13
15
16
17
14
15
9
12
14
9
9
7
14
12
13
24
11
17
14
10
15
14
17
9
16
7
11
10
9
17
15
19
12
18
9
13
11
16
9
12
16
8
6
17
20
17
10
8
11
6
13
12
9
11
8
11
13
9
5
15
20
14
13
13
9
13
5
10
13
22
11
6
12
15
13
6
11
7
13
15
6
21
13
18
12
11
9
8
13
8
13
16
8
12
18
9
8
14
12
15
12
18
9
10
11
10
8
17
6
10
7
8
10
18
10
10
9
12
7
15
9
8
11
12
11
16
16
12
13
13
15
9
12
9
13
7
14
12
10
16
10
16
11
5
11
12
10
11
11
3
4
11
7
14
17
10
9
13
15
21
11
9
7
7
19
12
13
13
7
12
9
15
12
17
21
17
18
15
14
12
9
17
7
13
10
8
6
10
11
10
15
10
14
16
10
15
14
12
9
11
17
13
7
13
14
11
13
18
12
9
14
15
15
7
14
13
5
9
8
11
8
15
7
7
7
18
11
16
8
17
15
13
14
11
9
9
14
12
13
12
9
11
13
10
9
10
15
12
10
11
13
7
7
11
15
14
15
14
8
15
13
17
12
9
12
14
21
8
12
13
6
16
13
9
16
15
11
13
11
13
10
11
7
17
16
8
14
8
9
2
13
20
4
9
9
10
9
5
8
8
14
13
9
14
9
14
11
18
11
7
8
14
14
9
16
11
13
17
9
11
12
11
8
12
13
5
14
10
16
12
14
11
8
7
12
19
9
12
5
8
10
10
16
13
15
9
15
13
18
8
7
12
7
11
10
15
10
9
15
11
8
9
11
13
10
18
12
16
8
5
9
7
15
16
10
17
11
14
8
7
11
16
14
13
12
9
11
15
11
7
15
10
15
10
20
9
8
8
9
11
13
11
9
11
12
14
10
10
13
12
11
6
16
16
14
10
15
19
15
19
10
8
17
15
18
16
9
13
6
16
13
11
14
13
11
14
13
7
11
15
16
12
12
11
9
13
21
13
9
11
11
11
14
11
12
15
13
11
13
12
13
5
7
14
11
13
13
7
15
18
11
15
13
13
14
18
14
17
11
14
8
10
13
6
8
12
9
10
12
16
17
9
6
12
16
14
9
12
12
14
15
9
11
7
16
13
10
15
11
10
17
11
9
12
10
11
12
14
15
13
17
11
16
7
8
12
11
6
14
8
12
9
13
4
12
13
14
8
11
21
11
5
11
15
17
9
7
10
9
11
14
18
7
12
9
15
19
9
10
13
9
11
12
13
11
11
12
12
12
7
13
16
15
9
16
12
12
16
15
15
11
8
11
12
11
7
11
11
19
12
8
17
8
6
3
13
14
13
9
16
8
8
14
12
9
13
8
16
17
12
21
11
19
10
18
12
19
16
13
9
17
19
11
13
12
11
18
14
15
13
10
15
13
12
11
14
13
12
13
10
13
18
8
18
14
11
12
9
13
15
13
11
10
9
15
7
14
13
12
14
13
17
15
8
10
6
9
16
10
14
6
5
7
8
7
8
8
10
10
12
13
9
10
16
16
11
14
14
15
9
14
9
9
16
12
19
9
21
12
8
16
13
9
11
14
19
9
9
18
16
6
14
16
10
16
11
11
16
7
12
18
7
12
7
17
10
15
6
16
13
8
19
19
21
14
13
16
5
8
13
9
9
8
12
8
10
16
15
15
15
13
23
13
3
11
9
10
16
5
16
19
14
18
14
13
12
16
14
11
15
12
7
18
20
13
7
10
21
10
18
12
12
13
10
16
9
11
15
14
13
18
12
10
14
11
10
17
24
14
19
13
10
13
6
11
14
12
9
10
16
5
14
16
13
17
12
13
9
10
11
14
11
11
17
17
12
10
11
13
14
17
15
17
13
12
15
15
12
13
14
13
11
11
12
15
12
11
17
11
6
7
10
15
9
16
14
13
17
14
15
14
8
17
13
12
10
14
10
13
19
19
13
11
8
11
17
11
11
15
15
10
10
9
19
18
15
9
13
8
11
12
9
11
12
9
12
9
13
14
18
19
17
11
8
9
12
12
9
14
13
16
7
18
21
11
15
15
9
8
19
8
16
13
19
12
8
10
18
19
13
9
12
8
8
12
12
10
17
14
13
12
16
11
10
7
20
10
9
14
11
12
8
13
9
12
10
13
23
8
10
7
9
10
8
11
7
10
12
14
14
21
3
9
11
6
13
9
16
13
11
10
20
23
12
16
16
13
9
13
11
9
17
12
7
11
14
13
20
11
16
7
6
13
15
9
12
12
7
8
11
9
18
18
13
9
7
15
14
16
7
13
13
10
12
16
14
21
12
15
12
17
9
12
15
18
12
11
14
14
14
9
6
13
5
10
9
9
19
22
12
19
12
13
10
11
13
13
14
17
16
16
21
11
15
13
14
11
22
9
8
15
10
14
13
19
12
8
14
11
17
11
5
14
12
13
6
9
14
17
13
9
9
12
15
25
12
12
16
15
16
14
14
17
17
18
9
8
11
10
19
12
18
17
16
15
13
9
10
21
14
15
16
8
6
17
13
13
18
15
20
21
14
14
8
12
13
15
17
13
11
8
12
12
15
18
11
22
14
8
10
11
17
16
14
9
16
12
21
13
10
15
9
13
17
16
13
16
14
16
10
8
14
7
11
14
14
12
14
14
15
11
12
12
11
9
9
11
16
16
15
14
14
12
13
15
15
17
11
12
14
14
22
20
9
19
6
13
9
9
8
17
19
15
11
7
20
16
14
13
16
17
16
17
12
8
9
7
11
16
12
13
13
16
19
11
16
13
8
17
18
13
11
11
15
13
16
8
16
13
12
10
17
7
12
13
7
10
13
13
15
17
15
12
9
23
19
9
14
8
25
16
23
17
12
13
12
14
20
14
13
11
14
10
13
16
10
20
16
14
13
14
14
4
14
10
19
16
4
8
10
18
8
11
10
18
13
13
7
13
14
14
17
12
16
13
11
3
20
19
14
15
5
10
16
7
10
12
18
11
12
13
14
11
11
15
7
20
13
14
13
12
17
18
10
18
16
12
11
15
12
12
13
15
11
14
11
10
14
17
19
9
8
5
20
24
13
15
10
18
13
10
21
20
19
19
20
13
19
9
11
15
15
11
12
14
14
7
15
13
14
17
14
11
15
17
17
8
13
15
15
11
13
10
14
22
8
13
10
19
13
16
20
19
14
17
21
18
20
16
13
16
14
21
11
17
18
13
19
10
19
13
19
18
18
14
13
17
14
17
11
16
7
16
14
14
14
8
12
14
14
19
9
11
19
16
11
11
12
22
21
14
15
17
23
11
9
13
20
10
19
8
11
16
15
7
11
13
17
16
16
12
19
14
9
24
18
14
10
9
20
11
11
7
21
11
15
14
17
12
17
17
17
7
12
12
12
17
8
10
9
11
8
12
12
11
14
15
7
11
8
14
12
16
16
20
13
11
20
14
13
11
15
14
6
16
10
12
13
14
18
20
14
24
13
18
12
13
15
23
13
12
20
16
18
18
9
16
10
19
11
16
21
16
16
14
24
12
15
20
15
20
13
14
14
12
21
16
22
14
19
19
15
13
16
19
15
14
7
12
12
14
16
14
18
18
17
18
14
9
12
22
15
19
10
16
20
9
10
10
6
8
16
13
21
11
16
6
9
11
17
11
14
14
17
14
16
11
17
10
16
13
12
17
12
16
16
14
13
20
12
14
11
14
16
14
15
13
14
15
14
12
12
16
12
10
12
13
14
13
5
21
14
10
16
15
25
10
15
24
19
15
18
22
19
17
13
20
17
17
15
12
19
15
19
23
19
10
16
12
14
16
18
18
15
16
16
32
15
23
23
18
15
9
13
12
10
24
15
18
7
17
16
24
25
13
25
19
19
21
22
16
28
19
6
20
17
16
17
12
20
16
9
16
17
17
12
14
16
18
11
20
15
18
20
14
11
13
14
11
15
21
16
23
16
16
21
15
16
11
17
21
14
8
17
18
14
20
22
16
12
12
18
24
13
14
21
15
11
18
19
20
13
13
10
18
14
21
10
20
13
18
13
17
16
16
15
14
16
15
26
20
14
9
16
14
18
17
17
19
25
15
12
15
21
25
18
14
15
19
15
17
21
15
15
14
15
15
18
16
12
26
15
17
14
14
12
20
18
13
14
20
15
12
12
6
17
14
15
15
11
23
21
20
21
12
15
21
18
19
12
11
10
22
17
25
9
17
20
24
18
15
20
17
16
15
9
11
17
23
15
13
14
18
13
13
24
9
17
16
15
21
16
18
21
18
20
15
20
21
22
20
15
18
17
18
13
14
13
17
18
17
15
14
12
24
17
9
13
17
15
12
11
16
22
20
20
17
17
13
16
11
19
22
18
14
15
16
21
16
14
18
16
15
11
16
16
24
19
24
9
12
16
17
19
15
12
14
21
13
18
22
18
18
22
14
11
20
22
14
19
16
17
15
22
22
19
21
11
19
14
15
12
21
19
20
15
18
17
12
19
13
8
10
11
10
19
16
14
27
11
14
18
17
20
16
18
21
14
9
13
16
11
21
11
15
19
14
19
13
11
17
18
17
10
22
15
13
23
18
17
15
15
11
13
17
17
22
15
24
13
16
14
11
10
16
11
18
17
12
11
17
21
17
19
15
19
18
11
20
19
16
21
20
16
15
24
16
11
22
9
21
15
11
13
16
15
19
20
12
25
12
8
13
14
14
15
19
13
22
12
20
14
17
22
15
28
26
18
17
13
11
24
9
11
11
13
21
18
14
19
14
20
17
20
19
22
20
23
16
17
21
22
11
15
16
14
14
17
13
25
15
18
26
19
17
12
14
19
20
20
17
15
18
21
24
23
16
17
17
13
8
12
13
19
13
19
24
12
15
18
14
19
16
12
17
10
12
13
18
15
17
11
13
19
14
18
18
7
15
16
16
13
18
19
16
19
10
12
14
18
14
19
15
21
18
21
20
21
14
18
15
19
22
14
15
17
17
20
17
18
15
16
12
25
15
13
18
14
29
18
27
22
11
15
14
25
14
21
17
26
17
19
22
17
13
14
20
12
16
11
14
14
21
11
8
15
17
20
11
15
18
17
14
12
12
18
17
19
13
12
27
15
12
17
21
8
18
12
13
13
10
19
15
13
24
18
16
12
12
16
25
22
17
10
14
15
16
21
24
19
15
24
17
10
13
15
21
19
18
17
15
8
19
15
21
25
12
9
9
16
17
18
14
13
16
18
10
19
19
12
13
8
20
15
13
13
12
7
13
12
12
6
23
11
15
12
19
10
19
16
17
15
13
19
18
13
22
12
9
15
13
16
8
15
18
9
16
14
12
12
8
12
6
17
11
10
21
11
12
13
12
19
6
10
15
14
17
14
16
12
12
15
17
17
8
18
10
10
10
11
15
29
11
9
12
11
16
18
17
11
24
12
14
16
8
14
13
11
8
13
13
12
13
16
15
13
18
9
15
9
17
16
9
11
14
7
17
10
10
9
13
12
9
15
15
9
13
13
14
14
21
13
12
15
12
14
17
14
11
12
17
10
18
13
8
13
9
13
9
9
13
12
14
9
10
18
14
16
13
16
9
14
21
17
9
16
8
12
9
14
10
16
13
11
13
19
15
15
11
8
11
15
11
7
13
14
14
8
7
9
13
16
11
12
12
10
10
9
14
8
12
10
14
9
16
13
15
7
15
17
15
16
9
7
19
12
8
18
8
14
8
12
11
12
9
10
9
11
8
16
7
13
8
7
14
9
14
11
19
6
13
9
7
11
10
10
12
10
16
16
7
17
11
10
21
11
7
14
13
16
9
14
12
9
7
5
10
9
11
14
9
7
12
3
14
6
15
8
9
17
10
10
13
10
9
13
14
9
13
6
8
8
7
11
15
6
13
9
7
10
15
6
11
9
7
17
13
13
7
8
8
8
6
7
13
9
5
9
14
8
12
12
5
10
12
11
8
11
10
13
14
9
13
13
14
13
12
13
13
12
8
6
6
7
10
7
9
7
11
13
12
6
8
13
11
4
9
12
5
10
19
7
9
10
8
9
9
4
9
9
10
7
12
6
13
4
9
8
7
8
13
16
9
10