0
0
0
0
0
0
0
0
0
0
0
0
0
0
0
0
0
0
0
0
0
0
0
0
0
0
0
0
0
0
0
0
0
0
0
0
0
0
0
0
0
0
0
0
0
0
0
0
0
0
0
0
0
0
0
0
0
0
0
0
0
0
0
0
0
0
0
0
0
0
0
0
0
0
0
0
0
0
0
0
0
0
0
0
0
0
0
0
0
0
0
0
0
0
0
0
0
0
0
0
0
0
0
0
0
0
0
0
0
0
0
0
0
0
0
0
0
0
0
0
0
0
0
0
0
0
0
0
0
0
0
0
0
0
0
0
0
0
0
0
0
0
0
0
0
0
0
0
0
0
0
0
0
0
0
0
0
0
0
0
0
0
0
0
0
0
0
0
0
0
0
0
0
0
0
0
0
0
0
0
0
0
0
0
0
0
0
0
0
0
0
0
0
0
0
0
0
0
0
0
0
0
0
0
0
0
0
0
0
0
0
0
0
0
0
0
0
0
0
0
0
0
0
0
0
0
0
0
0
0
0
0
0
0
0
0
0
0
0
0
0
0
0
0
0
0
0
0
0
0
0
0
0
0
0
0
0
0
0
0
0
0
0
0
0
0
0
0
0
0
0
0
0
0
0
0
0
0
0
0
0
0
0
0
0
0
0
0
0
0
0
0
0
0
0
0
0
0
0
0
0
0
0
0
0
0
0
0
0
0
0
0
0
0
0
0
0
0
0
0
0
0
0
0
0
0
0
0
0
0
0
0
0
0
0
0
0
0
0
0
0
0
0
0
0
0
0
0
0
0
0
0
0
0
0
0
0
0
0
0
0
0
0
0
0
0
0
0
0
0
0
0
0
0
0
0
0
0
0
0
0
0
0
0
0
0
0
0
0
0
0
0
0
0
0
0
0
0
0
0
0
0
0
0
0
0
0
0
0
0
0
0
0
0
0
0
0
0
0
0
0
0
0
0
0
0
0
0
0
0
0
0
0
0
0
0
0
0
0
0
0
0
0
0
0
0
0
0
0
0
0
0
0
0
0
0
0
0
0
0
0
0
0
0
0
0
0
0
0
0
0
0
0
0
0
0
0
0
0
0
0
0
0
0
0
0
0
0
0
0
0
0
0
0
0
0
0
0
0
0
0
0
0
0
0
0
0
0
0
0
0
0
0
0
0
0
0
0
0
0
0
0
0
0
0
0
0
0
0
0
0
0
0
0
0
0
0
0
0
0
0
0
0
0
0
0
0
0
0
0
0
0
0
0
0
0
0
0
0
0
0
0
0
0
0
0
0
0
0
0
0
0
0
0
0
0
0
0
0
0
0
0
0
0
0
0
0
0
0
0
0
0
0
0
0
0
0
0
0
0
0
0
0
0
0
0
0
0
0
0
0
0
0
0
0
0
0
0
0
0
0
0
0
0
0
0
0
0
0
0
0
0
0
0
0
0
0
0
0
0
0
0
0
0
0
0
0
0
0
0
0
0
0
0
0
0
0
0
0
0
0
0
0
0
0
0
0
0
0
0
0
0
0
0
0
0
0
0
0
0
0
0
0
0
0
0
0
0
0
0
0
0
0
0
0
0
0
0
0
0
0
0
0
0
0
0
0
0
0
0
0
0
0
0
0
0
0
0
0
0
0
0
0
0
0
0
0
0
0
0
0
0
0
0
0
0
0
0
0
0
0
0
0
0
0
0
0
0
0
0
0
0
0
0
0
0
0
0
0
0
0
0
0
0
0
0
0
0
0
0
0
0
0
0
0
0
0
0
0
0
0
0
0
0
0
0
0
0
0
0
0
0
0
0
0
0
0
0
0
0
0
0
0
0
0
0
0
0
0
0
0
0
0
0
0
0
0
0
0
0
0
0
0
0
0
0
0
0
0
0
0
50
52
59
57
40
48
59
48
41
56
53
56
65
56
51
48
51
33
57
64
45
52
48
53
50
52
49
41
49
61
46
55
48
45
50
42
54
46
55
52
55
45
59
41
59
43
58
46
54
51
41
44
38
42
42
47
44
42
57
50
45
39
39
42
36
47
39
33
40
30
45
41
37
46
45
47
37
39
35
44
47
43
45
36
31
41
27
46
59
35
33
54
48
38
40
48
39
43
45
50
37
40
44
41
42
45
43
36
42
41
50
41
45
29
41
30
47
43
43
36
41
44
44
32
36
34
55
40
39
41
43
32
31
32
41
38
44
35
34
45
42
46
44
34
31
38
55
45
49
41
48
35
37
43
27
41
37
39
32
34
39
43
43
40
39
42
38
46
29
41
38
39
42
41
31
31
39
43
48
37
52
48
47
39
31
43
44
45
36
39
47
38
35
31
42
30
37
41
29
39
40
38
48
44
34
34
49
37
31
36
30
42
43
36
48
34
38
43
38
49
45
39
33
41
51
37
30
38
35
35
29
29
37
37
37
37
33
53
40
35
37
31
37
33
44
32
47
38
51
52
36
40
36
35
35
42
35
37
44
41
45
34
31
40
41
41
32
36
48
33
47
37
43
43
40
46
29
44
46
37
42
38
35
40
38
26
35
39
42
43
46
34
42
48
54
36
31
45
41
48
35
32
35
48
35
34
35
31
38
40
43
44
41
38
35
38
54
38
44
46
36
49
28
45
40
42
34
41
40
36
30
36
43
46
42
53
55
51
36
43
52
30
48
32
37
30
35
41
46
38
54
36
42
54
40
37
37
47
32
37
45
24
48
34
44
46
33
41
40
38
42
34
24
34
46
50
46
40
41
40
32
54
32
39
44
57
48
41
52
36
43
55
35
48
48
40
42
45
49
31
42
46
36
47
47
38
40
42
25
48
46
46
33
40
43
42
36
28
33
37
45
34
31
48
39
41
49
36
43
50
50
37
45
35
48
49
38
29
43
41
50
40
30
46
45
41
33
51
36
37
50
36
48
36
55
44
43
40
50
35
36
40
34
48
29
68
45
35
51
33
34
53
40
39
46
39
43
39
47
42
35
39
41
36
56
43
50
37
43
40
35
45
36
38
48
37
48
56
41
50
37
51
47
38
46
48
47
47
53
33
42
51
40
45
47
54
50
47
38
52
42
43
51
46
40
43
58
53
49
46
48
31
36
38
43
43
40
34
40
53
41
41
48
46
55
41
40
43
46
47
46
41
36
44
54
47
41
39
55
55
39
51
43
53
43
45
40
49
53
39
39
43
40
50
52
44
51
39
49
47
41
33
40
58
44
46
35
52
48
55
48
42
42
59
51
27
42
45
66
58
50
47
39
48
45
46
52
45
50
41
45
34
41
47
38
58
46
51
46
40
52
64
41
42
51
46
31
51
46
37
39
41
47
38
47
44
53
56
49
44
39
54
48
46
50
42
43
47
44
45
46
42
45
47
48
33
41
56
38
40
41
48
43
48
42
46
54
49
37
51
58
42
46
44
45
59
54
43
45
65
56
58
42
50
49
51
56
48
48
47
44
43
47
58
52
49
57
46
59
45
48
47
47
57
62
41
50
53
41
49
52
54
55
52
58
33
49
50
48
57
50
45
52
53
57
48
67
47
44
43
50
55
43
52
43
63
52
53
60
62
59
49
58
53
58
56
59
53
60
69
59
63
44
63
62
54
51
58
56
51
55
62
53
51
62
61
52
59
48
45
43
55
51
61
59
60
55
50
67
62
57
58
61
54
73
55
59
57
49
61
62
74
61
70
60
64
63
64
63
56
59
60
45
62
52
83
63
56
52
45
52
68
64
56
53
59
58
73
64
61
62
64
61
67
69
60
54
45
49
74
57
71
65
66
58
58
58
66
79
71
63
61
49
60
58
70
70
60
77
64
71
65
83
67
86
79
65
73
69
79
64
72
67
66
73
79
74
73
61
76
73
72
65
76
74
73
82
59
65
69
76
79
74
85
83
74
73
69
65
70
78
81
84
85
78
71
86
85
86
68
71
75
83
80
65
79
87
89
78
100
85
79
80
68
82
89
75
86
89
76
82
92
74
75
81
65
86
90
83
72
71
79
90
79
81
89
72
83
85
78
76
82
79
84
67
86
94
104
90
75
85
95
93
90
93
92
89
93
83
98
107
90
83
89
73
91
95
84
84
85
106
74
92
113
88
94
80
106
109
74
101
82
96
118
81
93
96
84
93
96
109
103
95
93
74
91
100
101
102
100
101
126
79
102
91
103
107
97
105
108
96
98
104
104
99
101
106
103
100
106
97
101
89
92
99
96
99
97
91
106
98
119
97
111
114
118
118
126
102
88
101
119
118
96
99
119
113
107
100
141
95
122
99
113
94
101
103
113
100
112
99
111
97
114
118
118
118
133
109
105
120
112
100
127
132
112
120
118
125
108
103
104
124
126
115
124
108
119
107
135
118
121
115
126
98
123
114
107
108
144
115
121
131
123
115
136
115
138
131
119
123
112
128
116
136
120
113
120
110
122
153
122
121
99
116
114
118
119
118
123
122
127
119
128
138
114
134
112
122
117
116
132
109
96
140
147
123
137
128
100
145
136
117
125
163
124
119
129
109
138
130
135
116
116
128
149
131
125
115
152
128
135
114
140
98
122
128
146
120
117
139
130
108
129
130
122
129
140
128
134
95
140
131
145
144
136
124
97
121
127
117
125
121
124
131
134
140
128
129
122
113
130
130
142
138
109
136
120
137
116
122
125
149
113
106
134
144
153
132
131
139
165
135
130
135
147
126
103
130
117
121
124
149
135
123
127
130
141
124
128
113
153
113
123
128
135
114
133
137
119
113
134
127
133
123
144
148
132
95
118
135
129
155
134
141
134
128
124
117
143
130
139
120
120
148
103
143
135
135
116
115
136
139
116
123
123
128
96
128
122
131
141
146
120
125
121
112
109
136
149
135
112
132
146
124
119
125
105
114
110
109
117
114
129
137
140
118
139
135
86
125
125
115
121
135
122
113
112
118
124
130
129
109
116
108
110
129
125
109
112
121
126
107
121
113
123
108
121
128
104
103
115
132
113
106
118
108
128
114
100
129
111
123
110
110
103
125
116
109
98
98
112
102
97
109
124
109
116
102
114
93
107
107
117
122
119
117
102
105
108
100
115
107
93
116
114
116
108
111
98
111
113
98
107
111
93
108
115
126
113
100
108
112
102
92
115
111
103
95
119
89
91
101
80
109
94
112
106
96
98
94
100
99
104
102
87
86
105
114
104
97
95
99
98
96
94
98
81
116
97
119
87
107
97
89
102
100
93
95
94
87
93
95
100
83
83
95
85
110
88
84
88
79
87
100
94
78
99
91
92
85
96
103
84
106
101
92
88
95
91
93
99
76
102
96
86
96
80
88
106
84
83
81
87
102
84
81
87
95
89
92
88
91
87
85
93
77
67
110
91
101
89
92
83
88
82
84
79
82
83
89
86
72
77
86
90
91
87
90
87
73
84
83
91
84
79
73
92
91
79
99
85
89
84
94
74
83
84
79
81
72
91
90
90
95
65
70
74
73
74
80
70
85
77
86
87
91
81
76
82
85
91
73
86
89
96
80
85
81
85
83
80
91
81
74
83
93
79
81
83
89
72
73
85
73
94
73
84
94
79
92
82
78
93
81
77
67
69
78
70
80
74
67
68
95
77
88
78
91
84
78
84
80
79
79
59
86
73
78
71
93
64
76
83
75
89
74
84
92
82
58
68
86
62
55
83
81
90
72
85
71
82
81
71
90
68
77
93
68
76
72
86
77
76
77
89
76
90
77
87
90
80
83
69
84
77
87
69
81
77
81
74
74
68
84
86
76
67
79
75
74
77
73
67
76
79
77
72
69
81
69
69
63
71
79
86
83
80
67
76
88
73
76
63
60
55
83
78
72
79
62
86
61
87
74
77
66
66
72
79
72
69
79
67
90
82
60
74
72
65
76
70
58
64
77
82
60
75
87
88
66
89
64
83
78
75
68
88
75
56
75
66
82
86
72
80
76
75
87
73
69
85
67
63
75
69
68
75
83
65
72
70
72
62
66
79
92
83
64
68
72
75
76
80
65
61
76
72
72
87
77
92
74
76
73
76
75
54
72
76
66
77
73
70
75
79
79
73
67
78
89
83
69
81
62
84
86
68
77
67
79
90
85
93
83
85
68
77
80
70
73
84
84
87
80
87
81
80
83
87
81
85
69
88
78
82
81
87
68
90
85
89
76
69
73
84
89
79
91
69
87
91
79
72
74
72
76
74
80
87
82
90
84
95
81
67
96
86
79
82
74
83
89
93
92
96
79
71
83
75
89
93
74
81
100
102
94
88
97
97
105
82
78
104
83
85
92
78
82
72
72
88
75
73
90
63
83
82
63
88
85
72
91
75
73
80
68
78
71
89
84
81
99
80
81
91
72
83
100
89
73
87
79
87
86
79
73
86
68
85
100
84
89
68
83
79
72
82
77
94
86
90
84
88
91
83
82
79
81
100
92
86
81
76
85
92
94
106
71
87
90
94
103
73
90
90
91
99
93
106
86
87
99
87
89
89
71
118
86
114
86
85
102
105
95
94
92
75
85
96
97
99
101
99
82
106
94
99
89
98
116
99
109
98
89
106
105
87
121
108
81
103
91
102
90
105
122
109
80
89
98
112
95
99
97
87
95
114
85
84
89
89
110
108
110
99
91
96
89
101
73
91
99
100
105
93
97
107
107
106
116
103
107
88
101
103
99
106
113
101
107
99
101
105
99
116
92
108
127
108
96
96
99
88
102
104
122
109
111
126
105
88
122
89
123
96
96
88
129
112
110
101
114
89
83
114
109
102
90
105
92
86
119
127
93
103
100
106
115
94
103
104
111
102
105
126
106
119
106
113
108
106
103
121
95
116
108
101
99
119
107
125
118
108
121
124
105
88
99
111
104
109
104
122
116
106
130
123
106
96
109
106
114
108
115
121
94
107
106
115
113
128
99
112
138
104
101
106
113
99
105
102
104
101
115
123
122
124
91
111
113
132
125
120
124
115
131
115
121
119
114
125
129
111
141
121
117
112
117
125
125
118
102
118
115
125
115
137
107
140
123
117
126
119
117
107
130
143
121
118
107
115
122
132
105
120
113
133
128
127
126
123
141
119
115
120
128
124
131
124
116
139
126
127
134
121
113
119
130
132
138
120
133
123
143
138
130
137
121
127
130
141
122
135
124
152
133
133
138
105
136
116
114
140
140
144
123
144
143
132
138
137
140
144
118
115
119
127
149
138
137
114
144
126
121
146
122
138
127
124
122
123
130
129
138
163
127
136
152
137
156
129
148
150
131
140
120
136
130
140
137
132
126
135
127
154
167
145
164
125
139
118
149
142
133
147
143
121
145
135
136
144
168
155
140
140
140
136
142
153
130
139
140
159
152
141
139
134
164
153
153
159
164
136
148
162
144
146
148
121
155
149
136
143
134
168
158
151
145
145
171
146
157
161
151
141
132
154
137
139
158
148
150
137
152
166
155
155
181
155
134
143
147
130
147
139
180
144
162
143
156
146
168
141
155
167
128
170
169
165
161
146
154
171
162
149
150
154
159
148
162
140
155
173
161
151
155
142
176
177
184
176
169
153
180
170
139
172
155
171
181
178
167
151
167
156
168
175
161
174
175
164
194
171
183
180
151
163
190
178
196
176
169
178
178
184
189
180
184
196
200
214
194
187
159
164
159
172
193
192
177
174
172
181
190
202
211
186
186
189
170
188
197
173
186
199
192
189
198
180
197
179
179
195
189
188
187
201
211
178
201
177
210
202
192
175
198
221
201
182
205
191
210
187
185
204
204
188
222
225
185
215
189
213
211
211
205
190
205
218
199
214
209
206
212
183
224
220
201
196
224
213
211
209
227
238
209
204
227
216
200
234
215
217
235
235
210
213
211
252
239
205
199
222
221
248
223
209
237
217
254
227
239
193
249
242
261
245
214
221
218
281
214
255
225
254
287
238
257
260
230
221
237
245
242
233
244
242
243
223
251
270
245
253
260
261
265
236
226
274
258
248
232
261
274
262
254
229
251
280
249
243
267
260
317
268
291
273
278
254
249
297
253
274
291
287
278
288
276
287
295
284
288
335
267
287
287
282
270
280
284
302
309
276
252
288
319
307
265
285
286
301
297
312
280
274
276
308
302
296
320
305
289
286
298
321
307
307
308
310
323
290
297
302
298
349
282
340
281
331
309
344
324
294
342
305
318
329
317
320
321
311
327
306
343
340
341
321
339
284
364
344
336
355
370
344
348
343
343
349
341
334
355
386
364
362
368
336
333
396
310
331
380
329
355
365
346
335
353
392
376
348
409
370
380
382
358
385
381
390
402
383
365
371
399
398
369
422
382
382
360
389
370
358
381
393
406
354
369
381
390
355
389
380
381
392
421
378
390
386
385
387
411
427
401
418
399
422
413
400
371
419
442
404
388
420
450
428
410
373
418
429
413
408
400
407
397
445
425
394
409
462
402
425
452
441
436
442
443
436
439
418
482
445
430
451
436
414
453
418
478
463
438
468
449
441
431
448
449
442
456
451
492
480
452
438
465
484
445
454
491
409
473
477
483
494
429
515
501
469
490
478
505
441
488
448
427
490
508
485
492
483
482
495
489
497
485
466
523
492
510
504
472
503
467
516
531
450
492
504
465
447
485
500
516
483
503
533
494
519
488
498
538
463
503
547
543
527
526
538
539
527
516
509
539
538
561
509
538
565
522
532
514
543
510
527
511
531
564
532
530
547
552
544
531
543
484
514
517
517
594
561
570
559
487
548
573
547
535
585
526
585
561
558
541
563
574
561
516
567
553
551
560
607
596
577
570
584
539
552
573
523
534
562
551
600
582
576
551
564
597
582
606
614
582
590
565
563
556
536
591
600
644
568
625
597
603
624
584
608
603
594
605
544
613
587
623
611
568
585
601
548
603
561
611
572
655
622
554
605
587
571
619
573
647
581
571
630
609
636
569
621
583
557
610
609
631
607
600
612
588
640
571
633
589
605
611
621
612
599
623
660
647
617
579
618
581
675
583
618
595
593
634
583
627
673
603
632
627
609
604
627
644
624
601
618
617
625
589
579
617
635
626
633
572
607
612
636
633
650
606
625
647
617
619
637
632
590
616
640
678
574
595
677
609
624
587
607
599
646
619
649
642
620
613
621
609
621
606
649
616
643
629
629
609
669
601
635
597
599
621
655
612
587
609
635
603
583
582
573
598
605
618
579
614
664
617
600
583
595
622
628
572
626
611
624
618
629
650
639
590
636
616
632
626
641
646
602
570
623
598
597
592
610
614
594
592
621
587
552
606
604
601
608
636
635
622
588
617
616
645
567
598
572
600
573
548
604
640
565
607
638
576
596
603
610
589
593
600
578
592
591
585
616
587
561
627
599
619
572
564
549
608
608
579
541
590
571
562
585
592
556
586
581
547
566
567
571
596
609
584
575
566
586
555
580
537
563
584
634
566
524
614
551
581
596
547
551
576
539
573
548
579
524
551
539
539
544
591
513
507
547
521
553
525
530
569
571
555
584
590
523
541
509
556
521
513
588
538
551
554
574
531
572
537
564
482
510
522
546
490
498
511
556
539
504
545
530
521
529
535
521
518
533
542
497
491
499
483
476
539
501
482
502
527
510
545
503
472
508
486
490
538
498
498
491
481
494
480
485
530
487
522
522
485
486
486
517
493
465
491
509
480
479
470
488
499
496
480
488
477
499
483
497
466
500
462
488
444
474
466
416
437
483
455
449
449
460
412
460
454
487
450
475
448
442
469
438
434
450
446
474
439
434
431
418
471
457
468
471
429
444
465
457
421
451
439
406
440
440
453
437
432
467
428
416
407
444
446
441
392
395
433
405
427
398
417
415
436
410
410
432
380
407
410
376
418
402
386
409
424
386
383
386
363
400
380
401
383
378
374
386
364
393
374
370
395
372
361
347
386
397
365
389
385
389
356
405
372
360
395
354
344
409
346
361
388
335
360
397
319
345
344
393
321
357
334
340
361
346
378
335
364
353
323
323
351
336
323
344
385
337
329
336
351
339
329
332
333
332
322
373
341
328
331
302
317
306
311
309
340
284
311
330
312
313
288
327
282
323
314
315
311
280
311
287
288
294
305
284
287
299
299
321
298
258
293
278
298
276
268
297
260
293
309
268
263
293
266
300
273
298
277
265
267
260
287
267
279
254
258
273
257
265
292
236
282
254
262
262
253
241
238
229
275
260
253
252
245
247
254
240
255
254
244
292
242
240
254
223
243
226
241
244
238
223
228
240
250
212
237
217
211
223
209
235
243
224
208
258
244
226
202
220
207
201
227
198
198
200
217
219
182
218
205
221
200
190
194
236
203
228
212
213
203
197
243
201
186
192
210
205
228
196
199
196
225
210
206
194
214
205
204
171
195
210
178
210
195
179
218
193
195
186
174
214
179
201
166
175
177
177
157
169
166
174
143
201
177
154
184
157
168
188
149
185
149
168
169
174
152
166
147
180
164
171
186
163
175
167
152
148
168
130
156
182
168
143
161
159
143
143
156
140
159
158
151
138
147
149
166
130
152
132
141
153
162
151
129
145
129
133
150
148
140
126
153
135
123
145
157
120
136
121
137
137
142
138
138
145
131
135
122
118
170
119
124
123
130
120
114
136
117
125
122
133
119
131
115
109
105
114
128
118
120
108
127
112
121
97
115
101
145
117
105
114
123
109
125
117
105
104
101
97
110
98
97
106
104
95
110
108
101
124
118
98
94
106
111
101
96
89
88
110
105
90
99
95
105
101
107
86
110
89
95
86
121
86
101
80
92
86
91
107
98
95
82
82
96
94
86
97
89
94
113
60
75
83
87
96
80
88
79
69
79
76
96
84
78
93
80
87
87
93
76
91
71
72
68
77
76
84
78
65
67
67
71
90
89
95
91
83
74
81
79
63
55
64
65
81
86
71
70
84
60
75
65
63
67
57
73
69
65
86
61
62
64
63
58
63
61
67
69
68
66
54
63
78
72
61
60
59
50
73
60
46
56
64
61
63
63
56
40
49
69
48
63
48
66
58
59
58
60
45
58
54
60
56
72
57
45
53
57
48
47
58
43
57
61
47
43
49
45
53
58
59
37
41
52
53
46
49
46
45
42
45
51
46
44
47
49
46
36
53
52
54
58
51
50
26
53
36
44
50
39
58
41
47
46
50
49
41
45
46
45
49
30
31
36
41
39
47
45
37
37
42
44
56
43
49
37
50
34
43
41
42
41
34
33
38
41
40
41
33
43
27
30
38
39
46
36
31
37
39
35
30
36
37
25
34
32
38
36
44
38
41
25
38
27
43
36
41
34
36
38
46
18
29
36
32
39
28
32
35
29
31
38
30
32
28
27
31
24
38
34
33
35
32
33
25
35
30
28
36
30
35
44
31
24
27
29
40
34
21
27
31
16
23
31
29
26
29
21
25
23
31
32
24
18
25
22
26
25
21
23
29
33
24
27
29
26
29
27
27
33
28
18
27
26
31
24
22
20
28
23
18
18
24
26
27
15
24
21
23
23
28
21
28
24
20
30
15
35
31
22
16
28
36
19
12
21
21
26
23
23
26
21
33
18
14
23
19
18
27
21
20
21
21
28
17
17
19
22
29
26
16
20
17
11
13
26
32
20
20
16
20
10
28
17
22
18
19
20
17
22
14
17
17
18
23
18
22
22
21
18
19
19
16
17
19
16
12
20
11
27
26
21
15
17
15
18
13
21
17
15
28
34
11
18
14
19
17
20
21
13
22
15
8
16
23
14
16
12
13
21
15
22
20
18
11
17
19
13
18
19
17
15
21
19
17
12
15
14
17
17
17
20
19
14
12
12
11
16
14
9
10
16
17
13
11
13
14
7
13
16
16
18
11
17
20
9
10
12
17
16
14
12
15
20
17
18
13
15
17
21
23
16
13
11
15
13
14
18
15
16
10
16
12
23
14
11
14
17
14
6
13
17
16
9
17
9
15
11
15
19
16
16
10
19
17
15
8
11
12
14
10
21
9
12
17
14
10
18
15
15
14
15
13
10
12
13
10
10
17
7
9
14
14
8
7
15
9
11
17
10
14
23
11
15
16
16
11
15
11
7
16
15
16
11
15
19
10
14
16
18
8
9
14
12
11
9
12
9
15
16
9
5
10
7
16
14
15
15
13
6
11
12
8
11
20
11
12
8
3
6
18
10
15
5
18
13
12
11
13
8
14
9
11
14
14
10
11
7
21
19
7
5
12
8
13
13
13
12
15
10
13
11
10
13
18
9
12
10
13
17
10
13
8
13
14
9
17
7
15
13
12
8
9
12
14
4
11
7
7
11
14
9
9
9
8
13
9
9
13
12
8
13
7
13
16
8
17
19
9
7
9
10
20
8
9
11
4
11
12
6
13
12
8
12
10
11
7
14
6
7
11
21
12
9
11
11
11
9
11
12
10
7
15
16
7
14
9
8
10
8
10
9
7
11
5
12
13
7
8
14
15
13
12
8
9
5
10
8
7
9
8
9
6
6
8
11
5
12
11
9
9
11
15
14
13
12
13
11
10
14
6
9
9
8
9
7
4
13
13
8
10
10
10
5
8
3
9
12
12
10
16
7
12
11
6
15
10
5
9
9
12
13
12
14
14
9
16
6
10
13
11
8
18
14
10
8
5
7
7
4
9
7
10
7
7
7
6
11
12
8
14
8
11
16
11
9
10
8
12
11
10
11
9
7
9
13
22
12
11
10
7
12
9
15
10
18
14
9
7
17
11
13
6
12
9
3
10
7
6
8
8
9
11
13
13
14
8
15
9
9
13
8
8
7
11
10
8
9
11
13
10
10
10
7
10
11
8
5
12
11
12
5
5
6
5
15
12
12
13
8
9
9
5
9
13
12
13
10
12
7
6
9
12
6
8
9
10
6
13
9
8
9
8
13
8
11
10
13
13
10
8
9
7
7
9
11
7
9
8
13
15
8
7
10
10
6
6
10
8
11
12
11
8
11
8
11
10
11
14
11
9
13
17
9
12
10
9
11
9
12
9
5
13
8
9
8
9
11
14
15
6
13
8
7
12
15
10
10
12
6
9
13
8
16
13
9
18
9
17
8
8
9
10
8
6
11
13
12
10
7
7
7
16
13
11
14
13
7
9
9
12
11
8
11
14
12
7
11
10
12
11
11
6
7
7
10
11
7
4
10
11
10
16
11
7
7
11
9
17
6
10
6
10
12
8
5
10
6
10
11
4
6
13
12
7
10
10
12
7
9
10
17
10
9
13
13
10
11
14
14
10
9
8
7
14
12
12
6
11
8
8
7
10
9
10
6
10
11
7
10
8
7
10
16
8
4
6
9
10
6
12
9
3
6
10
9
7
9
6
8
9
5
10
6
10
7
7
5
9
5
11
5
7
9
6
7
11
14
8
10
9
7
6
10
8
14
13
3
12
10
6
6
7
9
14
11
8
11
10
9
16
6
8
9
8
10
11
10
14
3
14
8
9
10
7
6
6
6
9
6
7
6
7
10
12
8
17
6
1
8
6
11
13
10
10
5
14
10
13
5
3
11
6
9
10
5
7
3
7
12
11
11
7
11
4
1
6
7
7
7
5
6
10
12
12
13
13
10
7
14
7
7
10
8
7
6
6
14
12
13
7
13
9
10
13
9
8
9
8
11
8
9
10
8
10
11
14
8
12
11
8
14
11
2
7
10
2
7
7
6
11
8
18
3
11
11
1
12
5
5
10
4
4
11
8
5
9
10
5
9
2
10
5
8
5
11
7
8
3
9
8
9
10
7
15
11
5
10
12
12
10
7
8
4
2
11
12
11
16
9
5
7
1
7
12
9
8
7
4
11
10
8
8
9
7
7
12
10
9
5
10
10
12
10
12
4
11
6
5
9
12
6
10
13
10
11
7
8
12
6
8
9
4
9
9
5
10
10
10
10
10
7
10
9
7
8
6
6
5
8
9
8
9
11
16
4
5
7
8
7
8
9
7
10
6
8
4
8
13
8
12
4
9
10
10
9
10
6
11
3
10
8
8
6
10
8
6
6
10
5
14
4
13
7
10
6
6
10
5
13
5
8
8
12
5
12
11
4
5
8
8
13
4
5
8
11
9
7
4
6
6
11
2
9
4
5
8
4
7
5
6
5
8
8
8
12
7
8
6
5
10
4
4
13
7
5
5
4
8
3
7
4
10
6
11
9
7
11
10
12
3
4
12
9
6
7
6
8
7
12
2
3
8
5
4
11
4
8
12
7
4
7
11
5
9
4
4
7
5
7
4
11
8
8
3
8
5
5
6
6
14
7
4
10
4
5
8
12
7
7
6
7
6
7
7
4
9
8
2
7
9
6
16
4
12
7
2
12
9
10
6
8
8
9
10
10
5
7
5
6
1
8
6
12
14
5
9
8
6
6
4
5
5
4
4
11
6
9
10
5
7
7
8
12
9
4
5
6
9
13
7
6
6
8
9
7
2
7
12
5
7
7
9
5
7
12
7
4
5
12
6
9
3
13
7
5
11
10
4
8
2
7
10
7
6
11
7
9
14
7
6
10
10
10
10
7
5
7
9
2
9
4
3
4
8
10
5
12
6
9
9
5
10
8
8
5
8
7
8
9
9
5
3
10
5
13
8
9
9
7
7
5
10
5
8
8
3
9
9
6
9
8
5
7
5
8
7
7
6
8
4
8
6
12
7
4
8
8
1
5
7
8
8
11
6
4
8
8
7
8
9
7
8
8
6
4
9
6
8
4
12
14
5
9
4
8
5
5
11
9
6
5
10
9
7
3
11
10
13
5
6
8
12
7
11
7
7
4
13
5
4
10
4
12
10
5
9
5
6
7
4
5
11
6
8
10
4
7
7
7
7
10
6
6
5
9
10
4
8
12
9
10
4
7
8
10
4
6
8
8
10
6
6
5
7
5
7
3
10
8
3
8
10
7
6
3
7
9
4
11
6
7
9
3
3
7
8
7
11
3
9
5
8
7
6
4
9
7
7
6
5
6
6
5
6
6
6
3
12
6
6
4
5
8
8
3
6
4
8
2
8
5
6
11
8
10
8
9
11
1
7
8
8
11
9
7
8
5
7
5
6
8
4
5
4
7
7
8
7
3
11
10
4
8
7
7
7
2
7
8
5
8
9
11
12
7
9
9
3
9
6
7
13
2
6
7
5
7
3
9
7
6
7
9
7
7
3
9
7
10
3
4
10
4
14
6
10
9
2
8
7
5
9
9
10
9
4
6
8
3
8
9
7
5
9
11
6
9
4
7
5
8
6
12
13
9
6
10
7
8
2
8
6
5
1
7
9
6
6
6
6
2
8
4
8
10
10
6
9
11
13
3
10
5
6
5
7
7
7
9
3
6
7
8
5
7
9
8
6
8
13
12
11
5
9
9
9
9
5
8
9
11
4
9
8
7
7
8
8
8
8
4
7
6
7
9
8
7
7
8
5
14
8
5
9
7
8
12
7
8
11
13
4
3
10
10
8
6
7
7
8
4
3
12
6
7
5
9
11
5
4
12
9
2
11
6
5
9
7
4
8
7
6
9
7
7
7
7
6
6
11
4
4
10
8
3
4
5
12
7
8
6
14
8
8
7
4
3
4
10
14
10
7
5
7
8
9
10
11
9
8
10
7
5
5
5
4
6
9
5
8
5
5
5
11
6
10
13
3
5
5
11
11
8
8
5
3
9
10
7
7
11
6
10
8
5
4
4
5
7
8
8
6
7
1
7
4
4
5
4
8
6
7
3
9
7
8
10
5
8
6
10
5
10
3
5
4
7
6
5
7
3
9
8
10
9
7
7
8
4
8
4
9
9
10
4
11
11
10
7
6
9
6
6
5
12
7
7
5
11
11
5
10
7
8
7
8
8
4
5
5
7
6
7
8
10
9
5
7
10
10
7
9
8
5
5
2
9
3
12
11
6
12
2
6
8
5
8
7
9
12
6
7
4
10
8
8
6
8
12
10
8
5
9
11
10
5
5
0
12
2
5
9
8
8
11
5
10
14
11
7
6
4
10
9
6
6
5
7
6
11
4
8
9
11
8
5
9
4
6
5
8
8
3
7
7
12
8
3
9
6
7
6
7
8
9
10
6
6
11
5
3
3
5
5
10
6
9
7
5
5
6
3
7
3
7
4
7
7
9
13
6
6
10
7
5
7
8
9
5
7
9
10
11
6
8
10
4
12
5
10
6
9
5
5
7
11
7
10
8
8
3
8
8
12
4
7
6
12
3
5
8
8
8
9
2
13
7
8
11
3
7
0
6
9
7
8
8
11
6
15
7
8
11
6
6
6
5
2
10
8
7
6
9
5
11
5
10
8
6
10
10
4
5
14
4
9
9
5
11
4
7
10
8
8
7
9
12
11
5
6
8
5
4
7
6
12
11
6
3
8
8
5
6
7
10
9
8
3
12
3
5
10
10
6
6
12
4
6
8
9
4
10
9
12
6
8
11
6
12
8
11
5
12
9
4
10
9
11
7
5
6
9
7
10
6
7
12
8
6
11
8
6
8
7
3
9
5
5
6
4
7
7
7
9
5
6
10
9
7
9
12
11
7
5
6
10
8
8
8
4
12
7
12
4
7
9
9
12
8
5
8
6
4
8
3
8
5
6
9
5
1
3
5
7
9
11
4
9
8
6
7
7
5
6
7
9
5
8
10
7
4
12
5
8
11
5
8
5
9
8
3
7
7
13
9
5
6
8
9
9
6
12
3
6
6
6
1
5
3
9
6
4
5
6
10
5
8
5
10
13
7
11
4
11
7
11
5
7
5
7
4
7
11
5
5
13
6
3
8
7
11
6
6
8
6
8
6
3
6
7
6
3
6
3
9
5
7
8
7
6
9
8
7
6
5
8
7
6
6
5
6
5
3
0
12
7
8
4
8
15
3
10
2
8
16
6
8
5
6
5
6
11
10
6
6
10
9
7
7
12
4
8
10
7
3
11
5
5
10
10
3
6
5
8
3
7
7
5
6
9
7
6
13
12
9
6
5
12
7
4
9
9
10
8
7
9
10
5
9
4
11
6
3
6
2
12
6
1
6
12
5
12
8
7
10
8
5
9
11
11
5
8
2
9
11
13
11
5
9
12
8
7
11
6
7
5
6
7
11
2
7
6
7
5
6
5
8
7
4
5
2
6
6
7
3
10
4
8
5
6
2
5
8
7
6
6
9
6
5
9
8
3
6
9
7
6
6
3
6
2
8
9
3
7
5
8
10
4
8
4
10
9
5
6
6
13
8
4
6
6
8
5
5
5
14
10
5
5
8
5
4
9
9
12
7
6
3
9
9
10
7
11
7
7
4
3
5
8
5
8
9
4
3
9
9
8
9
11
6
11
14
7
12
5
11
7
9
7
11
7
3
9
7
4
8
4
5
4
7
4
10
7
5
5
4
8
6
7
6
5
7
8
10
9
4
8
5
13
8
7
5
8
7
11
9
8
1
6
7
5
10
4
7
8
2
9
7
12
10
7
4
5
6
5
11
6
3
5
6
7
5
12
7
10
7
5
3
6
6
5
5
8
13
7
2
5
7
9
7
6
6
5
5
3
3
8
6
14
17
6
4
8
4
4
5
6
3
4
10
7
6
8
11
2
10
6
4
3
6
7
3
3
2
2
7
6
9
6
9
3
5
6
3
4
7
9
6
7
7
6
11
4
12
10
3
3
8
8
9
4
7
10
8
8
9
1
8
5
5
6
12
6
1
7
4
7
6
4
4
9
7
4
9
3
9
4
7
6
6
8
4
3
8
8
8
5
5
10
7
2
5
4
3
7
7
8
6
7
7
2
3
8
5
3
8
5
4
7
9
7
8
7
11
4
11
4
6
1
8
6
7
5
6
7
4
10
7
11
4
3
6
5
7
3
11
7
5
7
4
7
4
6
3
6
5
0
8
12
7
7
5
5
6
3
5
7
9
7
3
7
1
3
7
6
6
7
6
3
7
6
4
6
4
5
1
10
4
3
4
4
6
6
10
7
9
7
4
5
8
10
5
2
4
5
6
6
4
7
7
2
9
7
8
2
5
7
6
8
3
3
5
3
8
4
4
6
6
4
4
3
3
5
11
3
6
12
3
7
9
5
6
4
1
3
6
10
6
2
5
3
2
2
8
5
4
11
1
6
9
7
2
9
5
5
3
9
5
5
6
4
3
10
6
7
12
4
10
6
3
7
3
7
8
6
8
2
3
7
5
7
5
5
4
4
4
3
4
3
7
5
6
8
12
4
5
5
5
5
4
7
1
5
4
3
6
6
1
5
6
4
7
4
6
6
9
7
10
3
7
2
1
3
8
4
5
5
1
4
4
5
4
5
5
4
5
2
8
8
1
3
8
1
9
4
5
8
4
5
6
4
3
3
6
7
3
1
2
5
5
3
6
2
8
5
5
4
4
2
2
4
2
10
4
4
6
2
4
4
4
2
6
4
2
4
7
2
6
6
6
4
4
6
5
8
2
2
3
2
4
4
5
2
2
5
6
5
6
5
4
0
6
5
2
8
8
7
7
5
6
3
7
2
1
5
3
7
5
3
4
2
5
4
4
4
3
5
6
4
7
6
2
2
8
7
5
4
5
3
4
4
5
4
2
3
6