0
0
0
0
0
0
0
0
0
0
0
0
0
0
0
0
0
0
0
0
0
0
0
0
0
0
0
0
0
0
0
0
0
0
0
0
0
0
0
0
0
0
0
0
0
0
0
0
0
0
0
0
0
0
0
0
0
0
0
0
0
0
0
0
0
0
0
0
0
0
0
0
0
0
0
0
0
0
0
0
0
0
0
0
0
0
0
0
0
0
0
0
0
0
0
0
0
0
0
0
0
0
0
0
0
0
0
0
0
0
0
0
0
0
0
0
0
0
0
0
0
0
0
0
0
0
0
0
0
0
0
0
0
0
0
0
0
0
0
0
0
0
0
0
0
0
0
0
0
0
0
0
0
0
0
0
0
0
0
0
0
0
0
0
0
0
0
0
0
0
0
0
0
0
0
0
0
0
0
0
0
0
0
0
0
0
0
0
0
0
0
0
0
0
0
0
0
0
0
0
0
0
0
0
0
0
0
0
0
0
0
0
0
0
0
0
0
0
0
0
0
0
0
0
0
0
0
0
0
0
0
0
0
0
0
0
0
0
0
0
0
0
0
0
0
0
0
0
0
0
0
0
0
0
0
0
0
0
0
0
0
0
0
0
0
0
0
0
0
0
0
0
0
0
0
0
0
0
0
0
0
0
0
0
0
0
0
0
0
0
0
0
0
0
0
0
0
0
0
0
0
0
0
0
0
0
0
0
0
0
0
0
0
0
0
0
0
0
0
0
0
0
0
0
0
0
0
0
0
0
0
0
0
0
0
0
0
0
0
0
0
0
0
0
0
0
0
0
0
0
0
0
0
0
0
0
0
0
0
0
0
0
0
0
0
0
0
0
0
0
0
0
0
0
0
0
0
0
0
0
0
0
0
0
0
0
0
0
0
0
0
0
0
0
0
0
0
0
0
0
0
0
0
0
0
0
0
0
0
0
0
0
0
0
0
0
0
0
0
0
0
0
0
0
0
0
0
0
0
0
0
0
0
0
0
0
0
0
0
0
0
0
0
0
0
0
0
0
0
0
0
0
0
0
0
0
0
0
0
0
0
0
0
0
0
0
0
0
0
0
0
0
0
0
0
0
0
0
0
0
0
0
0
0
0
0
0
0
0
0
0
0
0
0
0
0
0
0
0
0
0
0
0
0
0
0
0
0
0
0
0
0
0
0
0
0
0
0
0
0
0
0
0
0
0
0
0
0
0
0
0
0
0
0
0
0
0
0
0
0
0
0
0
0
0
0
0
0
0
0
0
0
0
0
0
0
0
0
0
0
0
0
0
0
0
0
0
0
0
0
0
0
0
0
0
0
0
0
0
0
0
0
0
0
0
0
0
0
0
0
0
0
0
0
0
0
0
0
0
0
0
0
0
0
0
0
0
0
0
0
0
0
0
0
0
0
0
0
0
0
0
0
0
0
0
0
0
0
0
0
0
0
0
0
0
0
0
0
0
0
0
0
0
0
0
0
0
0
0
0
0
0
0
0
0
0
0
0
0
0
0
0
0
0
0
0
0
0
0
0
0
0
0
0
0
0
0
0
0
0
0
0
0
0
0
0
0
0
0
0
0
0
0
0
0
0
0
0
0
0
0
0
0
0
0
0
0
0
0
0
0
0
0
0
0
0
0
0
0
0
0
0
0
0
0
0
0
0
0
0
0
0
0
0
0
0
0
0
0
0
0
0
0
0
0
0
0
0
0
0
0
0
0
0
0
0
0
0
0
0
0
0
0
0
0
0
0
0
0
0
0
0
0
0
0
0
0
0
0
0
0
0
0
0
0
0
0
0
0
0
0
0
0
0
0
0
0
0
0
0
0
0
0
0
0
0
0
0
0
0
0
0
0
0
0
0
0
0
0
0
0
0
0
0
0
0
0
0
0
0
0
0
0
0
0
0
0
0
0
0
0
0
0
0
0
0
0
0
0
0
0
0
0
0
0
0
0
0
0
0
0
0
0
0
0
0
0
0
0
0
0
0
0
0
0
0
0
0
0
0
0
0
0
0
0
0
0
0
0
0
0
0
0
0
0
0
0
0
0
0
0
0
0
0
0
0
0
0
0
0
0
0
0
0
0
0
0
0
0
0
0
0
0
0
0
0
0
0
0
0
0
0
0
0
0
0
0
0
0
0
0
0
0
0
0
0
0
0
0
0
0
0
0
0
0
0
0
0
0
0
0
0
0
0
0
0
0
0
0
0
0
0
0
0
0
0
0
0
0
0
0
0
0
0
0
0
0
0
0
0
0
0
0
0
0
0
0
0
0
0
0
0
0
0
0
0
0
0
0
0
0
0
0
0
0
0
0
0
0
0
0
0
0
0
0
0
0
0
0
0
0
0
0
0
0
0
0
0
0
0
0
0
0
0
0
0
0
0
0
0
0
0
0
0
0
0
0
0
0
0
0
0
0
0
0
0
0
0
0
0
0
0
0
0
0
0
0
0
0
0
0
0
0
0
0
0
0
0
0
0
0
0
0
0
0
0
0
0
0
0
0
0
0
0
0
0
0
0
0
0
0
0
0
0
0
0
0
0
0
0
0
0
0
0
0
0
0
0
0
0
0
0
0
0
0
0
0
0
0
0
0
0
0
0
0
0
0
0
0
0
0
0
0
0
0
0
0
0
0
0
0
0
0
0
0
0
0
0
0
0
0
0
0
0
0
0
0
0
0
0
0
0
0
0
0
0
0
0
0
0
0
0
0
0
0
0
0
0
0
0
0
0
0
0
0
0
0
0
0
0
0
0
0
0
0
0
0
0
0
0
0
0
0
0
0
0
0
0
0
0
0
0
0
0
0
0
0
0
0
0
0
0
0
0
0
0
0
0
0
0
0
0
0
0
0
0
0
0
0
0
0
0
0
0
0
0
0
0
0
0
0
0
0
0
0
0
0
0
0
0
0
0
0
0
0
0
0
0
0
0
0
0
0
0
0
0
0
0
0
0
0
0
0
0
0
0
0
0
0
0
0
0
0
0
0
0
0
0
0
0
0
0
0
0
0
0
0
0
0
0
0
0
0
0
0
0
0
0
0
0
0
0
0
0
0
0
0
0
0
0
0
0
0
0
0
0
0
0
0
0
0
0
0
0
0
0
0
0
0
0
0
0
0
0
0
0
0
0
0
0
0
0
0
0
0
0
0
0
0
0
0
0
0
0
0
0
0
0
0
0
0
0
0
0
0
0
0
0
0
0
0
0
0
0
0
0
0
0
0
0
0
0
0
0
0
0
0
0
0
0
0
0
0
0
0
0
0
0
0
0
0
0
0
0
0
0
0
0
0
0
0
0
0
0
0
0
0
0
0
0
0
0
0
0
0
0
0
0
0
0
0
0
0
0
0
0
0
0
0
0
0
0
0
0
0
0
0
0
0
0
0
0
0
0
0
0
0
0
0
0
0
0
0
0
0
0
0
0
0
0
0
0
0
0
0
0
0
0
0
0
0
0
0
0
0
0
0
0
0
0
0
0
0
0
0
0
0
0
0
0
0
0
0
0
0
0
0
0
0
0
0
0
0
0
0
0
0
0
0
0
0
0
0
0
0
0
0
0
0
0
0
0
0
0
0
0
0
0
0
0
0
0
0
0
0
0
0
0
0
0
0
0
0
0
0
0
0
0
0
0
0
0
0
0
0
0
0
0
0
0
0
0
0
0
0
0
0
0
0
0
0
0
0
0
0
0
0
0
0
0
0
0
0
0
0
0
0
0
0
0
0
0
0
0
0
0
0
0
0
0
0
0
0
0
0
0
0
0
0
0
0
0
0
0
0
0
0
0
0
0
0
0
0
0
0
0
0
0
0
0
0
0
0
0
0
0
0
0
0
0
0
0
0
0
0
0
0
0
0
0
0
0
0
0
0
0
0
0
0
0
0
0
0
0
0
0
0
0
0
0
0
0
0
0
0
0
0
0
0
0
0
0
0
0
0
0
0
0
0
0
0
0
0
0
0
0
0
0
0
0
0
0
0
0
0
0
0
0
0
0
0
0
0
0
0
0
0
0
0
0
0
0
0
0
0
0
0
0
0
0
0
0
0
0
0
0
0
0
0
0
0
0
0
0
0
0
0
0
0
0
0
0
0
0
0
0
0
0
0
0
0
0
0
0
0
0
0
0
0
0
0
0
0
0
0
0
0
0
0
0
0
0
0
0
0
0
0
0
0
0
0
0
0
0
0
0
0
0
0
0
0
0
0
0
0
0
0
0
0
0
0
0
0
0
0
0
0
0
0
0
0
0
0
740
933
917
923
968
986
955
985
968
1025
952
1003
1034
1014
954
993
1014
1034
1071
1032
1018
930
1006
1011
1068
1079
995
1063
1032
1097
1039
1064
1052
1085
1091
1104
1068
1043
1192
1123
1077
1013
1045
1080
1089
1118
1100
1088
1112
1093
1115
1143
1117
1046
1160
1141
1125
1147
1142
1134
1178
1194
1138
1146
1166
1206
1108
1177
1220
1206
1193
1215
1123
1241
1177
1203
1261
1194
1191
1153
1171
1250
1219
1186
1230
1228
1195
1239
1176
1224
1251
1179
1215
1230
1270
1181
1233
1224
1273
1153
1259
1214
1226
1248
1290
1221
1237
1223
1240
1298
1301
1282
1265
1227
1273
1220
1211
1250
1235
1204
1251
1233
1231
1246
1246
1291
1279
1265
1263
1246
1218
1247
1250
1265
1279
1259
1247
1304
1191
1230
1205
1298
1221
1226
1286
1248
1170
1187
1232
1237
1271
1251
1244
1221
1207
1224
1276
1235
1232
1248
1288
1237
1172
1222
1196
1175
1191
1109
1153
1273
1190
1136
1162
1183
1215
1184
1207
1211
1186
1163
1187
1182
1182
1102
1165
1214
1231
1199
1204
1156
1201
1118
1225
1225
1156
1119
1214
1199
1215
1152
1151
1186
1143
1125
1088
1115
1170
1112
1052
1135
1155
1147
1109
1093
1019
1086
1065
1017
1075
1051
1099
1083
1084
1031
1076
1052
1121
1065
1040
1053
1065
998
1018
1027
1065
1013
1026
1040
1024
1080
1056
1000
1032
1016
944
971
947
974
976
1017
1038
932
980
997
928
925
911
945
950
942
955
965
960
899
956
894
952
941
890
907
904
934
952
888
876
865
895
806
857
852
893
906
810
912
785
868
866
798
824
822
787
753
816
789
759
830
781
759
763
735
717
761
772
731
777
748
731
817
704
692
724
743
727
723
730
700
692
729
697
746
710
699
679
677
702
690
659
683
656
646
682
671
615
643
685
664
672
620
609
638
593
632
567
598
620
568
557
594
577
602
575
591
559
593
612
533
502
554
552
519
517
571
513
528
538
499
501
498
511
484
503
507
538
506
467
471
528
450
471
448
447
449
476
467
463
495
442
469
453
474
453
447
463
425
439
397
424
452
412
428
404
424
407
352
381
377
366
382
389
365
357
398
357
383
370
352
355
343
337
313
346
360
351
347
319
345
304
337
323
324
338
305
317
293
306
326
323
318
303
293
279
320
292
280
296
281
268
300
289
276
268
278
286
247
271
284
259
271
247
241
233
246
237
281
227
243
230
220
241
218
212
233
221
224
241
236
217
209
190
225
209
228
208
201
187
200
209
202
205
192
198
227
207
190
205
205
181
183
171
160
189
167
168
178
169
173
194
155
154
159
153
148
174
173
162
156
168
145
141
165
163
170
148
141
164
134
133
137
139
133
151
122
104
128
135
140
127
135
132
111
107
133
129
108
118
129
118
124
104
126
108
124
118
83
106
94
118
98
113
113
106
105
97
86
93
120
106
113
68
111
83
90
92
104
78
87
89
93
105
93
90
76
78
79
83
86
94
81
57
83
100
76
95
65
71
92
85
71
73
77
64
60
55
84
74
81
70
60
66
70
83
69
73
63
66
60
54
72
70
67
63
57
57
61
60
64
62
52
53
53
65
58
61
67
53
69
50
47
45
52
57
44
50
65
44
55
46
54
47
59
47
53
38
46
50
52
46
55
46
38
51
44
36
42
47
40
38
44
26
44
48
38
38
43
37
39
43
41
36
33
38
36
39
40
35
30
43
27
46
32
33
40
28
36
30
29
41
37
28
37
32
27
36
39
27
36
26
29
42
36
37
34
35
39
28
23
25
29
36
24
35
29
30
40
25
24
34
31
31
24
26
32
21
31
34
31
23
30
27
24
26
27
35
39
24
25
27
25
39
23
28
25
22
24
21
33
20
22
21
28
25
27
19
32
21
25
26
31
29
21
35
19
31
23
19
17
20
23
26
27
25
22
19
18
23
28
31
16
20
18
22
28
19
20
18
24
15
20
17
24
19
20
17
20
20
32
28
12
20
18
33
13
29
20
10
27
14
25
21
20
15
14
24
27
19
16
22
19
27
20
29
26
19
21
21
21
19
20
23
18
18
23
11
20
18
19
26
13
20
16
16
11
27
18
15
20
30
25
23
13
14
18
24
17
23
18
20
14
21
16
16
25
19
15
18
22
15
19
28
13
21
19
19
25
24
12
24
19
26
24
18
16
17
18
26
23
25
28
13
14
19
26
22
23
18
20
21
21
23
24
11
12
31
17
19
15
22
20
16
17
22
27
13
16
21
18
13
20
16
18
23
23
20
16
25
17
14
17
21
30
17
19
15
18
13
14
19
19
16
22
30
11
19
18
14
20
19
16
24
14
21
21
19
12
17
9
9
22
14
16
17
20
14
12
17
8
22
15
17
22
15
15
13
25
12
12
20
20
19
15
15
16
19
22
25
15
22
20
15
20
23
21
14
15
17
15
20
11
13
16
18
16
15
20
18
18
18
14
13
15
20
22
19
19
23
14
21
16
19
14
18
7
15
9
20
8
22
18
12
19
19
10
16
11
20
20
15
27
13
17
12
18
19
9
18
12
15
17
16
10
21
15
16
16
20
19
19
17
10
14
18
24
19
19
16
12
21
18
14
18
23
7
13
14
25
16
18
20
13
22
14
20
12
22
21
16
11
24
18
20
14
19
14
13
16
25
17
21
16
12
16
13
17
20
15
16
17
13
10
15
14
20
9
15
22
13
18
15
9
20
6
17
22
19
11
15
12
15
22
17
20
8
22
19
19
12
12
11
12
20
18
14
16
9
12
14
20
12
14
14
14
19
10
17
14
10
11
13
12
21
15
17
14
14
15
21
22
17
22
19
9
16
15
15
16
18
16
13
8
7
18
4
15
11
11
11
15
9
16
11
24
11
26
16
16
21
15
19
14
7
14
12
11
17
23
18
14
9
17
13
15
19
17
14
16
15
15
12
7
15
20
9
16
14
15
11
16
9
10
9
10
15
13
15
15
15
16
13
15
15
18
9
23
8
19
13
17
8
14
7
11
15
15
11
18
11
17
12
9
21
13
17
15
10
10
13
20
9
13
18
19
13
15
13
14
20
11
20
21
14
12
16
15
18
8
7
10
16
9
14
9
9
17
16
8
14
10
11
14
16
9
16
13
15
15
13
23
17
14
13
11
14
14
17
10
17
14
18
17
14
13
18
17
15
18
19
14
11
15
5
16
26
8
10
12
10
22
14
16
19
13
8
15
11
7
17
15
11
10
12
10
11
14
10
17
12
17
14
9
12
12
14
13
13
13
13
17
9
17
12
9
12
12
13
16
13
21
14
14
12
15
13
12
13
9
5
10
16
11
19
19
13
11
12
10
11
7
12
11
10
17
11
15
13
15
19
18
19
8
11
16
15
15
7
18
14
12
12
15
11
11
11
13
9
7
19
13
13
11
16
15
10
20
17
11
7
8
12
10
17
11
15
12
6
15
12
12
17
14
12
21
9
15
14
9
11
16
12
11
15
12
15
17
9
15
15
11
14
11
11
9
6
11
14
6
16
7
7
8
11
11
9
10
19
18
16
16
13
12
9
14
13
12
13
16
11
9
12
11
13
12
14
11
15
11
13
14
14
15
12
14
10
11
11
12
18
12
17
10
7
8
18
12
9
10
21
15
8
17
12
12
12
10
15
19
20
12
6
6
12
16
8
14
9
15
13
9
11
10
7
10
6
17
14
12
7
10
12
7
15
11
13
9
8
17
11
9
13
16
16
11
9
17
11
14
12
18
16
18
11
13
12
13
14
13
10
13
12
15
13
15
10
14
12
10
14
10
20
15
8
8
17
20
17
13
16
19
10
14
10
11
12
11
11
10
20
14
15
9
8
8
6
9
9
9
11
12
8
7
17
8
15
13
15
11
12
10
15
8
16
12
14
11
13
15
6
12
17
11
13
10
15
15
15
12
8
18
10
12
10
10
18
12
14
12
15
13
16
16
16
13
13
21
11
16
5
8
18
16
19
22
10
14
14
18
19
16
17
10
13
10
13
13
16
14
18
15
19
13
16
20
12
8
19
20
18
12
12
9
13
9
11
19
16
4
11
12
9
15
18
17
7
17
9
16
12
18
11
14
14
14
12
6
13
15
17
16
9
7
9
13
10
12
14
14
13
15
15
14
12
7
10
15
19
11
10
20
20
11
12
12
7
9
14
8
11
8
17
12
7
20
15
8
22
12
13
12
18
11
16
15
8
9
8
12
7
16
15
20
13
13
12
12
14
12
20
21
15
12
16
18
16
17
14
9
16
14
19
16
11
19
16
14
12
12
11
14
12
7
18
20
13
14
17
9
19
10
16
14
12
12
11
8
16
11
10
14
18
17
15
15
18
13
12
12
16
14
11
16
9
24
12
24
15
18
10
9
14
13
11
16
11
14
11
15
10
24
14
15
9
11
8
16
13
13
8
5
7
13
13
14
13
10
15
14
14
12
19
8
10
21
12
15
17
9
9
19
13
19
10
13
14
10
11
14
15
12
7
15
18
14
8
18
9
21
15
16
12
6
18
11
15
14
7
8
13
12
12
9
6
20
20
12
18
8
9
8
10
10
16
13
12
17
14
14
7
11
15
12
16
12
11
10
12
16
19
13
8
9
18
11
14
10
16
11
12
12
13
14
22
7
14
11
14
6
10
5
13
19
12
9
10
20
18
10
10
13
11
10
15
13
17
12
7
12
15
16
10
7
8
10
8
11
13
13
8
12
10
14
12
9
14
14
13
11
17
9
13
11
11
14
13
16
13
7
17
16
10
10
13
6
16
10
12
10
14
11
9
13
10
12
12
12
9
12
14
6
7
11
11
12
13
9
9
10
4
6
8
13
12
15
17
11
11
15
2
13
13
22
16
6
5
15
11
11
12
21
7
17
13
3
9
18
17
16
9
9
8
9
6
17
10
8
14
9
11
7
13
9
16
4
12
16
6
12
11
13
8
4
16
12
11
8
5
11
13
13
8
10
8
9
9
7
13
8
4
15
11
5
8
11
7
10
9
7
5
10
2
7
10
12
5
8
9
4
12
7
10
8
9
7
6
7
3
7
8
10
10
12
11
8
13
6
4
5
8
11
9
7
6
6
8
6
8
7
12
6
6
9
7
9
9
6
11
6
4
7
10
4
11
2
7
6
7
9
4
9
7
8
6
7
7
11
8
7
11
5
6
6
8
6
7
9
8
7
3
5
6
5
3
1
6
7
7
8
6
5
3
9
10
4
12
6
10
4
8
9
5
10
3
6
4
6
5
4
6
9
6
6
7
7
0
14
5
7
6
6
8
4
8
9
7
5
5
6
7
1
8
5
4
3
8
4
6
5
2
8
1
11
4
4
6
6
11
5
8
3
5
7
11
7
8
7
7
4
6
6
6
5
4
3
6
1
10
4
7
4
7
5
3
3
3
5
3
6
5
5
2
5
4
3
7
3
10
1
6
4
3
3
7
4
6
3
7
3
5
5
7
4
3
5
2
3
0
2
4
5
3
4
5
0
1
5
2
1
4
1
7
3
7
6
8
5
6
7
2
2
1
2
4
6
1
5
2
3
3
5
1
4
2
3
3
5
4
4
4
2
4
4
6
3
2
3
5
1
3
1
1
2
6
4
2
3
3
3
1
0
2
3
1
2
3
3
1
4
0
2
4
2
3
4
2
0
1
0
1
5
3
1
3
1
2
1
1
8
5
2
1
3
1
6
0
6
0
2
2
5
1
3
4
1
4
0
4
2
4
2
0
3
1
2
3
2
3
1
1
1
5
2
3
3
3
1
1
6
2
3
0
3
2
0
2
0
2
2
3
3
0
2
3
6
3
5
2
0
1
3
1
2
2
1
2
2
3
0
2
4
3
0
0
2
1
0
4
1
0
1
3
0
2
0
2
0
0
0
1
0
1
4
1
4
1
0
3
1
3
1
1
2
2
3
2
0
2
1
2
2
0
3
0
1
2
0
1
1
1
2
0
0
1
1
2
1
0
2
0
1
1
3
0
3
3
1
1
0
1
1
3
0
0
1
3
1
3
1
0
2
1
2
1
2
0
0
1
0
2
0
0
2
0
1
1
2
1
0
0
0
1
0
1
0
0
0
0
2
1
0
1
2
1
3
3
1
1
1
0
0
1
0
1
0
0
1
1
1
1
0
0
0
2
2
1
1
0
1
1
2
1
2
1
0
0
0
0
0
1
0
1
1
1
2
0
1
0
1
1
1
0
1
0
1
1
1
0
0
4
0
0
1
0
1
0
1
0
0
0
1
0
0
3
1
0
1
0
1
0
1
0
0
2
0
1
0
1
1
0
0
2
0
1
2
1
1
1
0
0
1
1
0
0
0
0
0
0
0
1
0
0
0
0
1
0
1
0
0
0
3
0
0
0
0
1
2
1
2
0
2
0
1
0
0
0
1
1
0
1
0
0
0
0
1
0
0
0
0
0
1
0
0
0
1
0
2
0
0
1
0
1
0
0
0
0
0
1
1
1
0
0
2
5
0
1
0
0
0
0
0
0
0
0
0
2
0
1
0
0
2
0
0
0
0
1
0
0
0
0
0
1
0
0
0
0
1
0
1
0
3
0
1
0
0
0
1
0
1
0
0
1
0
0
0
0
0
1
1
0
0
2
1
0
0
1
0
0
0
0
0
2
1
0
1
2
1
1
1
0
0
2
0
0
0
0
0
0
1
0
2
0
0
0
0
1
0
0
0
1
0
0
0
0
0
0
0
1
2
0
0
0
0
2
0
1
0
1
0
0
0
1
0
1
0
0
0
1
0
0
1
0
1
0
1
0
0
0
1
0
0
0
0
0
2
0
0
0
0
2
1
0
1
0
0
1
0
0
1
0
0
0
0
1
1
1
0
0
0
0
0
0
0
0
0
0
1
0
0
0
0
0
0
0
0
1
1
0
0
1
0
0
0
0
0
1
0
0
0
0
0
0
0
0
0
0
0
0
1
1
0
0
1
0
0
0
0
0
1
1
0
0
0
0
0
1
1
1
0
1
0
1
1
1
0
0
1
0
0
0
0
2
0
0
0
0
0
0
0
1
1
0
3
0
0
1
1
0
1
1
1
0
1
0
0
0
0
1
0
0
0
0
0
0
0
0
1
1
0
0
0
1
0
0
0
0
0
0
2
0
0
0
0
0
0
0
0
0
0
1
0
0
0
2
0
0
1
0
0
0
0
0
1
0
0
0
0
0
0
1
0
0
0
0
0
0
0
0
0
0
0
0
0
0
0
0
1
0
0
2
0
0
0
0
1
0
0
0
0
0
1
1
0
1
0
1
0
1
0
1
0
0
0
0
0
0
0
0
0
0
0
0
0
1
0
0
0
0
0
0
0
1
0
0
0
0
1
1
0
0
0
0
0
0
0
1
0
0
0
0
0
0
0
1
1
1
0
0
0
0
0
1
1
1
0
0
0
0
0
0
0
0
0
0
0
1
0
0
0
0
0
0
0
4
0
0
0
0
0
0
1
0
0
0
1
0
1
0
0
2
1
0
0
1
0
0
0
0
0
0
0
0
0
0
0
0
0
0
1
0
0
0
0
0
0
0
0
0
1
0
0
0
0
0
0
0
0
0
0
0
0
0
1
1
0
0
0
0
0
1
0
1
1
0
0
1
0
0
1
0
2
0
0
0
0
0
0
0
1
0
0
0
1
0
0
0
1
0
0
0
2
0
0
1
0
1
0
0
0
0
0
0
0
0
0
0
0
1
0
0
0
0
0
1
0
0
0
0
0
0
0
0
0
0
0
1
0
1
0
0
0
0
0
0
0
1
0
1
1
1
0
0
0
0
0
1
0
0
0
0
0
1
0
0
0
0
0
0
0
0
0
1
0
0
0
0
0
1
0
0
1
0
0
0
0
0
0
0
0
1
0
0
0
0
0
1
0
0
1
0
2
0
0
1
0
2
0
0
0
0
0
2
0
0
0
0
0
2
0
0
0
0
0
0
0
0
0
0
0
0
0
0
0
0
0
0
0
0
0
0
0
1
0
0
0
0
0
0
0
0
0
0
1
0
0
0
0
0
0
0
0
0
2
0
0
0
0
1
0
0
0
0
0
2
0
0
0
1
0
0
0
0
0
1
0
0
1
0
0
0
0
0
0
0
0
0
0
0
0
0
0
0
0
1
0
1
0
0
0
1
0
0
0
0
1
1
0
1
1
0
0
0
0
0
0
1
0
0
0
0
0
0
0
0
0
0
0
0
0
0
0
0
0
0
0
0
0
0
0
0
0
0
0
0
1
0
0
0
0
0
1
0
0
0
0
0
1
0
0
0
0
0
0
0
0
0
0
0
1
1
0
0
0
0
0
0
0
0
1
0
0
0
0
1
0
0
0
0
0
0
0
0
0
0
0
1
0
0
0
0
0
0
0
0
0
0
1
0
0
0
0
0
0
0
0
0
0
1
1
0
0
0
0
0
0
0
0
0
0
0
0
1
0
1
0
0
0
0
0
0
0
1
0
0
0
0
0
0
1
0
0
0
2
0
0
0
0
0
0
0
0
0
0
0
0
1
0
0
0
0
1
0
0
1
0
0
0
0
0
0
0
0
0
0
0
0
0
0
0
0
0
0
0
0
0
0
0
0
0
2
0
1
0
0
0
1
0
0
0
0
1
0
0
0
0
0
0
0
1
0
0
0
0
0
0
0
0
0
0
0
0
0
0
2
0
0
1
0
0
0
1
0
0
0
0
0
0
0
1
0
0
0
0
0
0
0
0
0
0
0
0
0
0
0
0
0
1
1
0
0
0
0
0
0
1
0
0
0
0
0
0
0
0
1
0
0
0
0
0
0
0
0
1
0
0
0
0
0
0
0
0
0
0
0
0
0
0
0
0
0
0
0
0
0
0
0
0
1
0
0
0
0
0
0
1
1
0
0
0
0
0
0
0
0
0
0
0
0
0
1
0
0
0
0
0
0
0
0
0
0
0
0
0
0
0
0
0
0
0
0
0
0
0
0
0
0
0
0
0
1
0
0
0
0
0
0
1
0
1
0
0
0
0
0
0
0
1
0
0
0
0
0
0
0
1
0
0
0
0
0
0
0
1
0
0
0
0
0
1
1
0
0
0
0
0
0
0
0
0
0
0
0
0
0
0
0
0
0
1
0
0
0
0
0
0
0
0
0
0
0
0
0
0
0
1
0
1
0
0
0
0
0
0
0
0
0
0
0
0
0
0
0
1
0
0
0
0
0
0
0
0
0
0
0
0
0
0
0
0
1
0
0
0
0
0
0
0
0
0
0
1
0
0
0
0
0
0
0
0
0
0
0
1
0
0
1
0
0
0
0
0
0
0
0
0
0
0
0
0
0
0
0
0
0
0
0
0
0
0
0
0
0
0
0
0
0
0
0
0
0
0
1
0
0
0
0
0
0
0
0
0
0
0
0
0
0
0
0
0
1
0
0
0
0
0
0
0
0
0
0
0
0
0
0
0
0
0
1
0
0
0
0
0
0
0
0
0
0
0
0
0
0
0
0
0
0
0
1
0
0
0
0
0
0
0
0
0
0
0
0
0
1
0
0
0
0
0
0
0
0
1
0
0
0
0
0
0
0
0
0
0
0
0
0
0
0
0
0
0
0
0
0
0
0
0
0
0
0
0
0
0
0
0
0
0
0
1
0
0
0
0
1
0
0
0
1
0
0
0
1
0
0
0
0
0
0
0
1
0
0
0
0
0
0
0
0
0
0
0
0
0
0
0
0
0
0
0
0
0
0
0
0
0
0
0
0
0
0
1
0
0
0
0
0
0
0
0
0
0
0
0
0
0
0
0
0
0
0
0
0
0
0
0
0
0
0
0
0
0
0
0
0
0
0
0
0
0
0
0
0
0
0
0
0
0
0
0
0
0
0
0
0
0
0
0
0
0
0
0
0
0
0
0
0
1
0
0
0
0
0
0
0
0
1
0
0
0
0
0
0
0
0
0
0
0
0
0
0
0
0
0
0
1
1
0
1
0
0
0
0
0
0
0
0
0
0
0
0
0
0
0
0
0
0
0
0
0
0
0
0
0
0
0
0
0
0
0
0
0
0
0
0
0
0
0
0
0
0
0
0
0
0
0
1
0
0
0
0
1
0
1
0
1
0
0
0
0
0
0
0
0
0
0
0
1
0
0
0
0
0
0
0
0
0
0
0
0
0
0
0
0
0
0
0
0
0
0
0
0
0
0
1
0
0
0
0
0
0
0
0
0
0
0
0
0
0
0
0
0
0
0
0
0
0
0
0
0
0
0
0
0
0
0
0
0
0
0
0
0
0
0
0
0
0
0
0
0
0
0
0
0
0
0
0
0
0
0
1
0
0
0
0
0
0
0
0
0
0
0
0
0
0
0
0
0
0
0
0
0
0
0
0
0
0
0
0
0
1
0
0
0
0
0
0
0
0
0
0
0
0
0
0
0
0
0
0
0
0
0
0
2
0
0
0
0
0
0
0
0
0
0
0
0
0
0
0
0
0
0
0
0
0
0
0
0
0
0
0
0
0
0
0
0
0
0
0
0
0
0
0
0
0
0
0
0
0
0
0
0
0
0
0
0
0
0
0
0
0
0
0
0
0
0
0
0
0
0
0
0
0
0
0
0
0
1
0
0
0
0
0
0
0
0
1
0
0
0
0
0
0
0
0
0
0
0
0
0
0
0
0
0
0
0
0
0
0
0
0
0
0
0
0
0
0
0
0
0
0
0
0
0
0
0
0
0
0
0
0
0
0
0
0
0
0
0
0
0
0
0
0
0
0
0
0
0
0
0
0
0
0
0
0
0
0
0
0
0
0
0
0
0
0
0
0
0
0
0
0
0
0
0
0
0
0
0
0
0
0
0
0
0
0
0
0
0
0
0
0
0
0
0
0
0
0
0
0
0
0
0
0
0
0
0
0
0
0
0
0
0
0
0
0
0
0
0
0
0
0
0
0
0
0
0
0
0
0
0
0
0
0
0
0
0
0
0
0
0
0
0
0
0
0
0
0
0
0
0
0
0
0
0
0
0
0
0
0
0
0
0
0
0
0
0
0
0
0
0
0
0
0
0
0
0
0
0
0
0
0
0
0
0
0
0
0
0
0
0
0
0
0
1
0
0
0
0
0
0
0
0
0
0
0
0
0
0
0
0
0
0
0
0
0
0
0
0
0
0
0
0
0
0
0
0
0
0
0
0
0
0
0
0
0
0
0
0
0
0
0
0
0
0
0
0
0
0
0
0
0
0
0
0
0
0
0
0
0
1
0
0
0
0
1
0
0
0
0
0
0
0
0
0
0
0
0
0
0
0
0
0
0
0
0
0
0
0
0
0
0
0
0
0
0
0
0
0
0
0
0
0
0
0
0
0
0
0
0
0
0
0
0
0
0
0
0
0
0
0
0
0
0
0
0
0
0
0
0
0
0
0
0
0
0
0
0
0
0
0
0
0
0
0
0
0
0
0
0
0
0
0
0
0
0
0
0
0
0
0
0
0
0
0
0
0
0
0
0
0
0
0
0
0
0
0
0
0
0
0
0
0
0
0
0
0
0
0
0
0
0
0
0
0
0
0
0
0
0
0
0
0
0
0
0
0
0
0
0
0
0
0
0
0
0
0
0
0
0
0
0
0
0
0
0
0
0
0
0
0
0
0
0
0
0
0
0
0
0
0
0
0
0
0
0
0
0
0
0
0
0
0
0
0
0
0
0
0
0
0
0
0
0
0
0
0
0
0
0
0
0
0
0
0
0
0
0
0
0
0
0
0
0
0
0
0
0
0
0
0
0
0
0
0
0
0
0
0
0
0
0
0
0
0
0
0
0
0
0
0
0
0
0
0
0
0
0
0
0
0
0
0
0
0
0
0
0
0
0
0
0
0
0
0
0
0
0
0
0
0
0
0
0
0
0
0
0
0
0
0
0
0
0
0
0
0
0
0
0
0
0
0
0
0
0
0
0
0
0
0
0
0
0
0
0
0
0
0
0
0
0
0
0
0
0
0
0
0
0
0
0
0
0
0
0
0
0
0
0
0
0
0
0
0
0
0
0
0
0
0
0
0
0
0
0
0
0
0
0
0
0
0
0
0
0
0
0
0
0
0
0
0
0
0
0
0
0
0
0
0
0
0
0
0
0
0
0
0
0
0
0
0
0
0
0
0
0
0
0
0
0
0
0
0
0
0
0
0
0
0
0
0
0
0
0
0
0
0
0
0
0
0
0
0
0
0
0
0
0
0
0
0
0
0
0
0
0
0
0
0
0
0
0
0
0
0
0
0
0
0
0
0
0
0
0
0
0
0
0
0
0
0
0
0
0
0
0
0
0
0
0
0
0
0
0
0
0
0
0
0
0
0
0
0
0
0
0
0
0
0
0
0
0
0
0
0
0
0
0
0
0
0
0
0
0
0
0
0
0
0
0
0
0
0
0
0
0
0
0
0
0
0
0
0
0
0
0
0
0
0
0
0
0
0
0
0
0
0
0
0
0
0
0
0
0
0
0
0
0
0
0
0
0
0
0
0
0
0
0
0
0
0
0
0
0
0
0
0
0
0
0
0
0
0
0
0
0
0
0
0
0
0
0
0
0
0
0
0
0
0
0
1
0
0
0
0
0
0
0
0
0
0
0
0
0
0
0
0
0
0
0
0
0
0
0
0
0
0
0
0
0
0
0
0
0
0
0
0
0
0
0
0
0
0
0
0
0
0
0
0
0
0
0
0
0
1
0
0
0
0
0
0
0
0
0
0
0
0
0
0
0
0
0
0
0
0
0
0
0
0
0
0
0
0
0
0
0
0
0
0
0
0
0
0
0
0
0
0
0
0
0
0
0
0
0
0
0
0
0
0
0
0
0
0
0
1
0
0
0
0
0
0
0
0
0
0
0
0
0
0
0
0
0
0
0
0
0
0
0
0
0
0
0
0
0
0
0
0
0
0
0
0
0
0
0
0
0
0
0
0
0
0
0
0
0
0
0
0
0
0
0
0
0
0
0
0
0
0
0
0
0
0
0
0
0
0
0
0
0
0
0
0
0
0
0
0
0
0
0
0
0
0
0
0
0
0
0
0
0
0
0
0
0
0
0
0
0
0
0
0
0
0
0
0
0
0
0
0
0
0
0
0
0
0
0
0
0
0
0
0
0
0
0
0
0
0
0
1
0
0
0
0
0
0
0
0
0
0
0
0
0
0
0
0
0
0
0
0
0
0
0
0
0
0
0
0
0
0
0
0
0
0
0
0
0
0
0
0
0
0
0
0
0
0
0
0
0
0
0
0
0
0
0
0
0
0
0
0
0
0
0
0
0
0
0
0
0
0
0
0
0
0
0
0
0
0
0
0
0
0
0
0
0
0
0
0
0
0
0
0
0
0
0
0
0
0
0
0
0
0
0
0
0
0
0
0
0
0
0
0
0
0
0
0
0
0
0
0
0
0
0
0
0
0
0
0
0
0
0
0
0
0
0
0
0
0
0
0
0
0
0
0
0
0
0
0
1
0
0
0
0
0
0
0
0
0
0
0
0
0
0
0
0
0
0
0
0
0
0
0
0
0
0
0
0
0
0
0
0
0
0
0
0
0
0
0
0
0
0
0
0
0
0
0
0
0
0
0
0
0
0
0
0
0
0
0
0
0
0
0
0
0
0
0
0
0
0
0
0
0
0
0
0
0
0
0
0
0
0
0
0
0
0
0
0
0
0
0
0
0
0
0
0
0
0
0
0
0
0
0
0
0
0
0
0
0
0
0
0
0
0
0
0
0
0
0
0
0
0
0
0
1
0
0
0
0
0
0
0
0
0
0
0
0
0
0
0
0
0
0
0
0
0
0
0
0
0
0
0
0
0
0
0
0
0
0
0
0
0
0
0
0
0
0
0
0
0
0
0
0
0
0
0
0
0
0
0
0
0
0
0
0
0
0
0
0
0
0
0
0
0
0
0
0
0
0
0
0
0
0
0
0
0
0
0
0
0
0
0
0
0
0
0
0
0
0
0
0
0
0
0
0
0
0
0
0
0
0
0
0
0
0
0
0
0
0
0
0
0
0
0
0
0
0
0
0
0
0
0
0
0
0
0
0
0
0
0
0
0
0
0
0
0
0
0
0
0
0
0
0
0
0
0
0
0
0
0
0
0
0
0
0
0
0
0
0
0
0
0
0
0
0
0
0
0
0
0
1
0
0
0
0
0
0
0
0
0
0
0
0
0
0
0
0
0
0
0
0
0
0
0
0
0
0
0
0
0
0
0
0
0
0
0
0
0
0
0
0
0
0
0
0
0
0
0
0
0
0
0
0
0
0
0
0
0
0
0
0
0
0
0
0
0
0
0
0
0
0
0
0
0
0
0
0
0
0
0
0
0
0
0
0
0
0
0
0
0
0
0
0
0
0
0
0
0
0
0
0
0
0
0
0
0
0
0
0
0
0
0
0
0
0
0
0
0
0
0
0
0
0
0
0
0
0
0
0