0
0
0
0
0
0
0
0
0
0
0
0
0
0
0
0
0
0
0
0
0
0
0
0
0
0
0
0
0
0
0
0
0
0
0
0
0
0
0
0
0
0
0
0
0
0
0
0
0
0
0
0
0
0
0
0
0
0
0
0
0
0
0
0
0
0
0
0
0
0
0
0
0
0
0
0
0
0
0
0
0
0
0
0
0
0
0
0
0
0
0
0
0
0
0
0
0
0
0
0
0
0
0
0
0
0
0
0
0
0
0
0
0
0
0
0
0
0
0
0
0
0
0
0
0
0
0
0
0
0
0
0
0
0
0
0
0
0
0
0
0
0
0
0
0
0
0
0
0
0
0
0
0
0
0
0
0
0
0
0
0
0
0
0
0
0
0
0
0
0
0
0
0
0
0
0
0
0
0
0
0
0
0
0
0
0
0
0
0
0
0
0
0
0
0
0
0
0
0
0
0
0
0
0
0
0
0
0
0
0
0
0
0
0
0
0
0
0
0
0
0
0
0
0
0
0
0
0
0
0
0
0
0
0
0
0
0
0
0
0
0
0
0
0
0
0
0
0
0
0
0
0
0
0
0
0
0
0
0
0
0
0
0
0
0
0
0
0
0
0
0
0
0
0
0
0
0
0
0
0
0
0
0
0
0
0
0
0
0
0
0
0
0
0
0
0
0
0
0
0
0
0
0
0
0
0
0
0
0
0
0
0
0
0
0
0
0
0
0
0
0
0
0
0
0
0
0
0
0
0
0
0
0
0
0
0
0
0
0
0
0
0
0
0
0
0
0
0
0
0
0
0
0
0
0
0
0
0
0
0
0
0
0
0
0
0
0
0
0
0
0
0
0
0
0
0
0
0
0
0
0
0
0
0
0
0
0
0
0
0
0
0
0
0
0
0
0
0
0
0
0
0
0
0
0
0
0
0
0
0
0
0
0
0
0
0
0
0
0
0
0
0
0
0
0
0
0
0
0
0
0
0
0
0
0
0
0
0
0
0
0
0
0
0
0
0
0
0
0
0
0
1130
1579
1899
2126
2361
2463
2518
2504
2609
2563
2437
2590
2496
2494
2493
2531
2606
2401
2522
2540
2408
2325
2368
2290
2361
2361
2328
2305
2246
2262
2318
2319
2299
2265
2250
2187
2174
2230
2182
2141
2153
2140
2074
2041
1921
2023
1968
1936
1987
2056
2011
2149
2038
2006
2042
1958
1918
1888
1911
1902
1896
1878
1994
1871
1840
1871
1809
1848
1780
1915
1833
1802
1888
1812
1804
1830
1885
1765
1730
1776
1784
1694
1701
1710
1743
1767
1750
1729
1708
1775
1751
1692
1712
1710
1783
1691
1704
1711
1646
1661
1676
1598
1628
1614
1608
1617
1657
1671
1726
1574
1613
1686
1654
1576
1632
1653
1595
1603
1683
1594
1602
1636
1583
1555
1616
1595
1583
1598
1556
1622
1610
1614
1573
1553
1501
1570
1547
1522
1576
1557
1549
1587
1540
1564
1511
1536
1451
1523
1545
1543
1523
1476
1519
1571
1555
1551
1464
1529
1568
1474
1507
1565
1556
1543
1534
1487
1492
1481
1391
1485
1434
1474
1490
1495
1431
1431
1467
1443
1453
1513
1468
1429
1463
1414
1470
1467
1479
1399
1482
1444
1441
1444
1444
1493
1389
1373
1406
1415
1352
1417
1384
1479
1413
1414
1453
1410
1431
1426
1379
1410
1395
1396
1452
1369
1380
1448
1387
1344
1442
1402
1470
1392
1396
1366
1310
1442
1349
1364
1306
1368
1364
1386
1420
1414
1396
1429
1325
1374
1385
1378
1356
1468
1346
1366
1382
1337
1373
1426
1356
1366
1339
1415
1377
1428
1354
1397
1406
1320
1271
1414
1311
1349
1363
1324
1335
1324
1378
1352
1339
1348
1365
1368
1328
1350
1301
1323
1454
1388
1393
1418
1343
1361
1352
1339
1333
1346
1345
1385
1368
1375
1377
1424
1390
1372
1311
1365
1453
1376
1368
1432
1407
1344
1447
1390
1402
1377
1378
1394
1386
1379
1430
1315
1392
1397
1396
1370
1421
1312
1325
1403
1369
1343
1471
1409
1418
1411
1422
1395
1484
1398
1345
1354
1387
1431
1391
1399
1426
1437
1445
1409
1512
1394
1393
1444
1422
1467
1435
1496
1477
1478
1502
1454
1453
1531
1515
1448
1480
1561
1530
1470
1511
1458
1524
1541
1500
1504
1550
1485
1560
1578
1533
1557
1605
1552
1548
1577
1556
1520
1512
1636
1543
1583
1666
1465
1574
1660
1602
1572
1519
1635
1612
1613
1611
1614
1655
1625
1683
1624
1730
1681
1678
1633
1688
1692
1697
1724
1708
1707
1699
1728
1673
1672
1638
1735
1660
1704
1673
1730
1722
1770
1751
1765
1727
1677
1822
1814
1788
1786
1796
1844
1830
1740
1729
1829
1805
1677
1742
1724
1791
1797
1804
1874
1849
1809
1759
1860
1797
1833
1816
1867
1813
1800
1864
1841
1879
1889
1845
1855
1856
1830
1903
1955
1912
1963
1940
1839
1892
1904
1837
1968
1895
1853
1922
1940
1938
1952
1972
1958
1969
1968
1959
1945
2006
1912
1961
1932
1960
1954
1951
1996
1991
2023
2023
2080
2033
2018
1990
1923
2092
2068
1977
2137
2065
2038
2117
2065
2081
2138
2117
2150
2130
2095
2044
1990
1976
2105
2068
2211
2078
2065
2061
2049
2134
2078
2080
2091
2075
2094
2067
2087
2056
2064
2139
2029
2056
2141
2066
2073
2096
2059
2109
2062
2094
2032
2095
2048
2140
1950
2063
2131
2072
2011
2135
2050
2027
2055
1972
2064
2085
1997
1979
1986
2005
2017
2035
2057
1941
2043
1988
1937
1952
1979
1924
2033
1964
1990
2007
1970
1911
1845
1909
1921
1882
1875
1958
1943
1904
1932
1961
1939
1958
1950
1953
1889
1932
1973
1903
1918
1855
1877
1951
1939
1857
1748
1822
1836
1848
1852
1811
1875
1869
1838
1816
1911
1748
1741
1809
1759
1758
1720
1813
1798
1661
1692
1738
1748
1661
1752
1667
1714
1681
1607
1676
1711
1612
1601
1660
1648
1649
1592
1586
1628
1572
1609
1537
1590
1529
1487
1547
1526
1594
1494
1505
1457
1526
1451
1521
1521
1543
1539
1453
1489
1465
1489
1504
1492
1444
1450
1433
1376
1380
1440
1448
1373
1400
1434
1385
1359
1360
1443
1408
1377
1309
1307
1388
1373
1297
1282
1345
1227
1334
1314
1215
1345
1250
1308
1240
1209
1164
1246
1238
1163
1235
1217
1194
1234
1225
1176
1163
1175
1173
1155
1195
1145
1169
1075
1124
1089
1056
1100
1149
1026
1093
1049
1067
989
1043
1074
972
954
966
1009
1025
986
1023
1000
1036
932
964
1024
1009
1046
970
979
962
1003
998
949
919
907
923
980
970
957
889
939
935
933
912
894
959
980
932
897
861
930
854
907
839
904
838
863
853
870
841
843
848
793
804
798
820
832
793
797
771
791
733
732
784
713
764
739
726
801
728
737
806
773
752
709
753
711
774
739
763
721
735
773
715
716
772
690
707
716
731
693
795
751
787
674
698
706
708
672
666
674
678
668
669
679
670
641
673
669
679
697
615
610
702
687
629
681
628
660
661
651
642
618
658
615
603
640
628
633
647
594
646
620
635
592
605
604
606
661
592
595
633
635
622
605
616
635
615
665
577
645
669
654
666
639
601
593
572
553
605
583
586
568
580
585
621
588
571
573
636
612
660
562
578
640
609
626
564
570
576
633
554
584
588
601
609
590
587
611
571
592
597
553
610
620
550
562
639
569
594
615
628
567
551
575
609
573
589
583
623
590
654
616
580
599
630
626
590
604
585
586
585
644
585
591
612
621
607
592
598
636
589
581
570
545
553
557
584
588
564
615
575
589
592
584
538
639
642
604
536
611
593
620
537
557
560
545
585
609
591
620
604
617
589
587
605
630
603
630
575
626
550
662
590
592
573
593
579
614
601
614
599
614
570
619
653
548
629
606
643
600
655
674
629
627
634
606
554
655
620
614
596
604
640
678
638
625
667
656
638
703
649
650
632
618
647
670
626
665
617
583
665
608
671
673
665
707
702
695
667
717
681
662
687
660
667
700
656
704
699
672
704
714
694
696
717
690
654
724
736
754
691
734
697
714
736
696
719
761
724
708
758
715
744
773
761
764
712
797
760
730
769
739
761
732
696
768
763
770
733
684
767
738
812
775
745
816
798
772
748
754
748
753
823
817
817
787
810
821
756
801
774
808
784
829
832
801
867
800
785
808
761
813
788
778
845
826
817
851
827
849
815
839
835
845
793
902
887
866
875
824
854
811
854
907
863
904
854
867
891
902
908
855
911
860
900
858
833
862
849
939
918
888
965
897
869
910
910
925
939
960
914
922
939
876
945
924
929
896
944
920
952
901
972
961
950
931
942
987
979
950
987
968
958
974
925
909
993
976
1001
1041
1037
1002
1053
1069
1057
1028
1062
1080
1045
1106
986
1104
1062
1129
1032
1015
1113
1122
1041
1094
1113
1029
1076
1113
1128
1079
1089
1173
1081
1110
1142
1205
1165
1133
1171
1125
1256
1144
1165
1182
1144
1198
1208
1258
1215
1157
1181
1201
1178
1165
1211
1199
1217
1174
1238
1197
1184
1243
1201
1281
1319
1225
1282
1291
1324
1238
1289
1250
1254
1338
1271
1377
1328
1256
1203
1363
1372
1359
1307
1263
1285
1316
1318
1381
1343
1430
1351
1454
1416
1436
1435
1430
1432
1404
1458
1406
1475
1470
1430
1501
1483
1528
1510
1486
1559
1624
1575
1484
1484
1552
1553
1577
1613
1609
1622
1537
1630
1560
1531
1651
1628
1651
1643
1647
1559
1644
1656
1619
1598
1724
1663
1675
1720
1648
1658
1680
1701
1695
1711
1704
1787
1764
1834
1742
1814
1877
1770
1836
1864
1904
1866
1850
1975
1850
1843
1796
1949
1952
1850
1935
1777
1906
1876
1859
1997
1962
1886
1928
1876
1941
1857
1929
1943
1835
1970
1990
1986
1988
1932
2004
2021
2065
2012
2036
2001
2043
2082
2045
2110
2065
2208
2121
2138
2127
2124
2113
2119
2076
2087
2139
2208
2199
2225
2101
2118
2214
2230
2038
2153
2176
2152
2102
2162
2177
2242
2230
2178
2168
2108
2231
2207
2187
2259
2231
2228
2282
2288
2278
2262
2350
2282
2255
2384
2253
2334
2299
2314
2330
2281
2303
2417
2335
2320
2219
2363
2301
2338
2446
2334
2330
2314
2358
2307
2348
2363
2336
2366
2438
2382
2438
2340
2338
2325
2394
2366
2314
2378
2456
2326
2284
2353
2445
2382
2338
2416
2442
2410
2385
2429
2453
2368
2375
2363
2331
2432
2383
2304
2304
2354
2314
2333
2351
2318
2344
2382
2346
2389
2332
2325
2352
2387
2429
2381
2392
2510
2413
2367
2428
2355
2355
2365
2435
2409
2372
2455
2445
2384
2418
2404
2427
2395
2396
2368
2372
2381
2306
2352
2317
2333
2371
2350
2337
2372
2353
2372
2397
2365
2296
2391
2357
2359
2281
2299
2342
2257
2278
2238
2342
2344
2323
2239
2352
2205
2282
2238
2332
2309
2273
2271
2249
2206
2225
2145
2251
2293
2285
2296
2265
2259
2248
2165
2103
2143
2220
2218
2193
2248
2240
2074
2150
2155
2185
2083
2194
2063
2127
2100
2099
2062
2203
2119
2018
2147
1992
2012
2016
2079
2012
2089
1995
2037
1948
2153
2137
2078
1975
2026
1944
2031
2040
1989
1941
2011
1910
1951
1883
1892
1917
1889
1885
1871
1859
1827
1850
1851
1887
1870
1790
1827
1812
1806
1732
1770
1725
1711
1699
1755
1731
1783
1679
1780
1736
1627
1711
1717
1660
1702
1664
1661
1591
1628
1521
1574
1587
1544
1533
1575
1508
1566
1538
1520
1492
1566
1578
1487
1524
1531
1493
1499
1507
1452
1466
1448
1436
1426
1479
1425
1420
1488
1400
1328
1391
1406
1311
1351
1391
1366
1373
1284
1359
1381
1290
1289
1305
1244
1263
1248
1245
1273
1274
1222
1183
1263
1231
1216
1172
1136
1202
1144
1119
1167
1126
1192
1102
1094
1102
1133
1072
1079
1071
1071
1060
1032
1024
1048
1064
1079
993
1038
1011
1100
1058
1045
998
950
944
960
979
984
1017
934
903
892
900
904
925
883
913
935
875
858
842
876
871
887
873
784
771
856
834
842
829
835
849
814
725
776
762
743
797
780
725
752
793
756
751
770
764
734
746
706
656
690
690
692
689
654
653
654
639
675
600
595
653
641
595
628
563
594
622
628
571
555
530
579
522
547
547
526
504
492
507
539
530
539
513
526
540
505
477
483
499
504
495
479
489
468
480
517
455
428
474
435
460
457
435
424
411
413
432
426
446
429
383
433
385
433
354
389
389
360
387
397
393
379
385
361
352
336
352
386
346
360
323
327
342
332
334
338
339
333
290
295
303
325
316
325
283
304
284
291
300
283
302
243
277
268
260
280
246
292
257
276
241
258
230
241
251
259
256
238
267
261
255
239
235
220
234
249
241
228
237
180
214
208
217
229
231
234
225
200
196
183
197
197
191
175
193
192
196
180
162
174
179
188
164
178
176
185
184
166
144
182
153
156
170
152
170
153
161
155
149
143
147
134
157
144
136
143
135
142
125
137
130
130
125
141
143
116
122
128
106
118
138
132
122
119
125
93
111
114
107
119
118
108
121
99
121
103
132
117
91
108
107
98
90
98
91
91
99
99
75
97
109
93
70
90
91
95
113
90
82
75
69
85
88
82
95
75
106
77
59
81
55
75
78
78
78
77
62
79
61
78
59
80
74
71
63
64
53
64
58
81
68
62
74
62
57
64
66
72
61
64
61
65
63
53
55
70
60
56
63
44
68
46
71
54
54
51
57
49
47
52
47
50
58
46
49
44
39
42
47
52
48
55
58
43
47
43
42
46
41
47
42
57
46
50
45
40
46
40
31
31
48
37
33
35
40
30
33
37
33
28
32
36
40
37
36
29
38
35
35
46
25
36
33
42
39
43
42
30
34
29
37
33
38
33
36
27
29
24
38
28
31
37
37
32
39
29
32
31
26
37
35
26
23
33
32
36
42
25
34
18
32
26
28
30
27
29
36
30
31
22
25
30
18
23
31
37
23
22
28
23
37
21
25
21
31
28
25
39
28
21
44
25
28
25
23
31
20
18
31
22
23
14
20
21
22
23
22
24
24
39
34
22
20
23
22
19
17
21
20
24
21
25
21
26
18
27
36
29
39
33
20
21
21
31
23
22
24
26
20
23
25
31
24
23
27
22
22
23
19
20
23
32
20
21
23
24
22
19
18
20
22
25
23
26
27
26
35
19
19
16
16
16
17
22
17
18
30
30
17
18
21
19
16
23
15
21
17
17
15
15
19
18
21
17
20
20
18
20
14
16
23
19
17
23
21
19
23
20
14
18
13
20
16
12
14
15
25
27
24
24
18
13
17
27
28
24
22
25
18
16
21
20
15
15
11
25
20
12
16
13
22
18
14
23
15
20
20
27
15
16
16
21
21
17
16
18
9
14
14
21
23
24
9
22
13
19
29
26
14
18
21
24
19
17
10
13
23
25
12
23
13
19
23
25
18
19
18
22
28
24
13
19
20
15
16
21
18
16
25
20
12
27
15
18
16
14
19
11
15
19
15
7
25
11
15
13
17
24
13
19
10
14
18
17
15
12
15
25
20
21
19
14
18
15
18
15
10
19
15
14
25
15
24
12
16
20
19
17
22
20
9
18
19
19
15
17
22
19
10
18
15
15
12
15
10
14
20
16
20
18
12
12
16
21
14
6
18
16
19
19
17
18
19
20
19
19
23
14
14
14
19
16
10
14
16
32
15
14
18
16
12
15
9
12
16
22
14
14
25
8
20
17
20
14
14
14
15
15
17
20
15
13
21
12
19
14
17
19
12
17
17
12
14
16
13
15
15
18
15
14
20
20
10
12
16
17
12
14
14
16
19
12
12
13
20
19
20
19
16
11
17
17
18
13
21
16
17
11
19
12
14
21
15
16
14
15
18
15
13
16
20
14
13
12
11
19
22
17
21
13
19
21
17
14
20
14
12
16
15
11
16
10
17
13
12
13
16
9
21
14
12
19
16
21
19
16
16
21
16
13
14
12
16
13
12
20
17
24
13
11
23
19
10
12
12
12
16
14
16
14
15
18
16
21
9
10
9
11
20
10
10
15
19
12
18
8
14
7
13
15
13
11
12
17
10
19
10
18
16
8
15
10
13
20
13
15
15
15
12
21
17
14
12
13
13
17
11
14
12
15
7
13
13
9
16
20
9
18
12
12
13
15
12
13
14
8
17
11
15
18
12
12
10
18
13
9
15
10
19
13
10
13
12
13
17
14
9
14
12
16
15
17
9
14
10
12
13
15
19
14
14
13
19
13
9
14
13
15
19
17
7
16
16
16
10
14
12
10
20
18
15
17
15
13
11
14
13
23
13
4
15
10
12
12
8
9
8
13
14
10
11
14
6
12
14
15
12
7
14
7
18
13
12
18
13
12
20
11
9
14
10
21
10
17
14
14
15
15
16
11
20
15
16
8
11
16
11
16
16
12
21
21
13
13
15
19
17
13
23
17
17
13
10
12
12
10
17
17
11
17
10
11
13
10
10
10
18
9
10
6
13
17
12
13
13
10
6
14
14
6
12
17
8
16
13
17
12
13
16
11
11
16
11
7
12
11
12
16
10
13
19
17
19
8
14
14
13
16
12
16
18
16
10
10
20
11
19
16
9
17
9
17
9
15
12
14
11
14
13
8
14
7
14
14
18
12
12
14
11
8
12
18
12
11
16
13
12
13
13
13
9
13
12
11
10
12
11
13
10
11
20
14
11
10
22
17
21
12
18
13
21
16
20
9
12
16
9
10
14
16
9
8
11
14
22
20
14
8
11
13
11
12
8
15
13
16
16
9
11
10
9
8
12
11
9
16
13
17
15
15
17
9
19
15
17
14
12
16
14
15
22
12
18
10
10
21
12
7
15
13
18
13
17
6
15
14
11
13
11
18
8
13
17
11
11
13
17
15
11
13
11
5
9
15
16
18
11
15
15
11
12
14
8
15
10
13
10
18
16
12
14
6
16
17
21
18
21
21
10
11
14
12
10
17
18
13
13
19
14
16
10
13
11
13
19
8
19
11
13
13
17
10
17
16
17
12
10
5
16
14
13
10
19
10
17
11
24
17
11
15
10
12
17
16
20
15
17
13
8
9
11
14
16
17
12
15
13
8
13
12
15
14
13
16
14
15
11
13
17
15
10
9
17
7
14
15
12
18
14
18
10
10
14
8
12
15
11
17
14
16
20
13
11
15
10
17
17
10
9
12
10
19
17
13
16
16
9
18
6
15
10
14
10
7
13
16
17
11
12
17
10
12
10
13
22
15
12
12
15
15
7
14
13
12
19
11
19
19
10
12
25
14
16
18
11
13
13
8
10
10
14
10
18
9
18
9
19
19
20
9
10
13
16
12
15
13
9
12
16
9
23
13
8
18
12
19
15
9
12
10
19
11
7
11
8
12
17
14
17
9
11
11
7
9
7
14
16
10
10
20
13
12
17
14
8
18
16
17
12
21
13
7
17
10
13
22
19
12
10
11
7
13
15
15
14
15
16
9
17
14
11
9
9
13
14
13
8
16
10
8
12
17
14
15
13
15
14
12
9
15
15
13
15
14
13
10
14
11
9
11
10
10
15
23
15
12
8
15
11
14
10
14
14
16
10
20
12
18
7
16
11
15
13
9
12
16
15
9
18
9
15
17
13
11
16
8
15
10
12
16
21
16
11
19
13
12
16
16
17
10
9
12
8
12
12
15
10
7
11
10
7
11
14
10
9
6
15
13
13
14
11
11
21
15
13
11
14
11
7
13
13
20
17
14
20
21
20
10
12
11
14
11
13
10
18
15
13
13
10
14
12
7
14
13
14
15
11
10
14
11
11
7
8
15
11
8
13
17
14
16
16
14
12
8
18
6
12
13
13
20
17
12
11
13
8
8
8
13
13
8
8
13
12
15
6
11
12
9
13
14
7
9
7
6
14
9
7
18
10
7
11
4
11
10
13
16
12
11
9
11
16
7
10
13
14
14
8
12
18
12
10
9
12
8
9
15
10
8
14
12
6
13
14
9
6
17
3
15
12
10
13
20
8
10
11
10
7
10
15
8
16
10
12
7
6
6
18
8
10
10
10
10
12
14
10
11
6
6
12
10
8
11
6
5
8
9
6
11
7
8
8
10
3
9
12
8
11
11
8
4
6
9
11
8
13
11
9
5
8
9
13
6
9
10
7
10
8
10
7
5
7
2
5
8
7
4
8
10
17
10
11
4
5
9
11
5
10
7
2
10
9
10
7
4
5
5
9
8
6
11
12
5
8
6
9
9
6
11
5
9
6
9
12
5
9
6
9
5
7
5
9
9
4
5
7
6
7
9
3
4
9
8
8
7
4
5
3
9
4
7
6
4
7
8
8
8
3
9
8
9
7
7
7
8
3
9
11
4
5
8
6
7
3
6
5
9
3
2
5
5
6
6
6
4
7
5
5
3
6
5
4
6
5
8
11
5
7
6
7
4
6
9
6
4
5
5
2
5
5
2
5
3
5
2
5
8
8
7
5
4
8
5
8
3
1
5
9
3
5
2
6
9
7
6
6
4
9
4
2
8
6
2
1
3
4
9
2
2
2
7
2
4
3
3
4
4
4
5
3
5
5
4
4
6
7
2
2
4
3
2
5
5
6
3
2
1
3
5
2
3
0
4
4
4
2
3
3
2
2
5
2
6
4
4
3
2
4
3
1
4
5
0
6
2
2
5
2
3
3
5
2
2
2
2
3
6
3
2
3
3
2
3
5
0
2
5
5
2
4
2
3
5
2
3
1
3
3
5
3
1
2
0
3
3
1
2
2
4
5
3
0
2
4
2
4
4
3
1
4
2
0
4
4
2
1
3
2
2
1
1
3
3
0
4
3
4
0
0
3
1
0
3
5
2
2
0
3
2
3
3
1
0
2
0
2
2
1
1
2
3
0
1
1
3
2
2
2
2
1
2
1
0
2
0
1
0
1
4
3
1
4
3
2
1
2
2
1
1
3
4
2
0
1
3
0
1
3
0
0
2
3
0
3
1
2
0
3
0
4
2
0
0
0
1
1
2
1
2
1
2
1
1
0
0
1
1
1
1
0
0
2
0
2
0
1
1
1
1
1
1
0
1
1
0
1
2
1
1
2
2
1
1
0
1
1
0
0
1
1
1
0
0
0
1
3
1
1
0
0
1
0
0
0
1
0
0
1
3
1
0
0
2
1
1
0
1
1
0
1
2
1
0
0
1
2
1
0
2
0
2
0
0
0
1
1
2
0
1
2
0
1
0
2
0
2
2
0
0
2
1
0
1
0
1
0
1
0
0
1
1
1
0
0
0
0
0
0
1
0
0
1
0
0
1
1
1
0
0
1
0
0
0
1
0
1
2
2
0
0
0
0
0
1
1
2
0
1
1
1
1
2
1
0
1
0
0
1
0
0
2
0
0
0
0
0
1
0
1
0
2
0
1
0
0
0
1
2
0
1
2
0
1
1
0
0
0
0
0
0
0
0
0
1
0
0
0
0
0
1
1
1
2
0
1
0
0
1
1
1
0
1
0
2
0
1
0
0
1
0
1
1
0
1
2
1
0
1
0
1
1
2
0
1
0
0
0
1
1
2
0
0
0
1
0
1
0
0
0
1
0
0
1
0
0
1
1
1
0
0
2
0
2
0
0
0
0
1
2
0
0
1
0
0
0
2
1
2
0
1
1
0
0
1
1
1
0
0
2
0
0
1
0
2
0
0
0
1
0
0
0
1
1
2
1
1
0
0
0
0
0
0
0
2
2
1
1
2
2
0
0
0
0
1
1
0
0
1
1
0
1
0
1
0
0
0
0
0
1
0
2
0
0
1
0
0
1
0
0
0
0
0
0
1
1
3
0
1
0
0
0
0
0
0
0
1
2
0
0
1
0
0
1
0
0
0
0
1
0
1
1
1
0
0
0
1
2
0
0
0
0
0
0
1
0
0
0
0
0
1
0
2
0
0
0
0
1
0
0
0
0
0
0
1
2
0
0
0
0
0
0
1
2
0
0
0
0
1
0
0
0
2
0
0
0
0
0
0
0
1
0
1
0
1
1
1
1
0
0
0
0
0
1
0
0
2
1
1
2
1
0
0
0
0
1
0
0
2
0
0
0
0
0
1
1
0
0
0
0
0
0
0
2
0
0
0
2
0
0
0
0
0
1
0
0
0
1
0
0
0
0
0
0
0
0
0
1
0
0
0
0
0
0
0
0
2
0
0
0
1
0
0
0
0
0
0
1
0
0
0
0
0
2
0
0
0
0
0
1
0
2
0
0
0
1
0
0
0
0
0
0
0
0
0
0
0
0
0
0
0
0
1
0
1
0
0
0
1
1
0
0
0
0
0
0
0
0
1
2
0
2
0
0
0
0
0
0
1
0
0
0
0
0
0
0
0
0
0
0
0
0
0
0
0
1
0
0
2
0
1
0
0
0
0
0
0
0
0
1
0
0
0
0
0
0
0
0
0
0
0
0
1
0
0
0
0
0
2
0
0
1
0
0
0
0
0
0
0
0
1
1
0
0
0
0
1
0
0
0
3
0
0
1
0
0
0
0
0
0
0
0
0
0
0
0
0
0
0
2
0
0
0
0
0
0
0
0
0
0
1
0
0
0
0
0
0
0
1
0
0
0
0
0
1
0
0
0
1
0
0
0
0
0
0
1
0
0
1
0
1
0
0
0
0
0
0
0
0
0
0
0
0
0
0
2
0
0
0
0
0
0
0
0
1
0
0
0
1
0
0
0
0
0
0
0
0
1
0
0
0
0
0
0
1
0
0
1
0
1
1
1
0
0
0
0
0
0
0
0
1
0
1
0
0
1
1
0
0
1
0
0
1
0
0
0
0
0
0
0
0
0
0
0
0
0
0
0
0
0
0
0
0
0
1
0
0
0
0
0
1
0
0
0
1
0
1
0
1
0
0
0
1
0
0
0
0
0
0
0
0
0
1
0
0
0
1
0
0
0
0
2
0
0
0
0
0
0
1
0
0
0
0
0
0
0
0
0
1
0
0
0
0
0
0
1
0
0
0
0
0
0
0
0
0
0
0
0
0
0
1
0
0
0
0
0
0
0
0
1
0
0
0
0
1
0
1
0
0
0
0
1
0
0
0
1
0
0
0
0
0
0
0
0
0
0
0
0
0
0
0
1
0
0
0
0
0
2
0
0
0
0
0
0
0
0
0
1
0
0
0
2
0
0
0
0
0
0
0
0
2
0
0
0
0
0
0
0
0
2
0
0
0
0
0
0
1
0
0
0
0
0
2
1
0
0
0
0
0
0
0
0
0
0
1
0
0
1
0
1
1
1
0
0
0
0
0
0
0
0
0
0
0
0
0
0
0
0
0
0
0
0
0
0
0
0
0
0
0
0
0
0
2
0
0
0
0
0
0
0
0
0
0
1
0
0
0
0
0
0
0
0
0
0
0
0
0
0
0
0
0
0
0
0
0
0
0
0
3
0
0
0
0
1
0
0
0
0
0
0
0
0
0
0
1
0
0
0
0
0
0
1
0
1
0
0
1
1
0
0
1
0
0
0
0
0
0
0
0
1
0
0
0
0
1
0
1
0
0
0
0
2
0
0
0
0
0
0
0
0
0
0
1
0
0
1
1
0
0
0
0
0
0
0
0
0
0
0
1
0
0
0
0
0
0
0
0
0
0
0
0
0
0
0
0
1
0
0
0
0
0
0
0
0
0
1
0
1
0
1
0
0
0
0
0
0
0
0
0
0
0
0
0
0
1
0
0
0
0
1
1
0
0
0
0
0
0
1
0
0
0
0
0
0
1
0
0
0
0
0
0
0
3
0
0
0
0
0
0
1
0
0
0
0
1
0
0
0
0
0
0
0
1
0
0
0
0
0
0
0
0
0
0
0
0
0
0
0
0
0
0
0
0
0
0
0
0
0
0
0
0
0
0
1
0
0
0
0
0
0
0
0
0
0
0
0
1
0
0
0
0
0
0
0
0
0
0
1
0
0
0
0
0
0
0
0
0
0
0
0
0
0
0
0
0
0
0
0
0
0
0
0
0
0
0
0
1
0
0
0
0
1
1
0
0
0
1
0
0
0
0
0
1
1
1
0
0
0
0
0
0
0
2
0
0
0
0
0
1
0
0
0
0
0
1
0
0
0
0
2
1
1
0
0
0
0
0
0
0
0
0
1
0
1
0
0
0
0
0
0
0
0
0
0
0
0
0
0
0
0
0
0
0
0
0
0
0
1
1
0
0
0
0
0
0
0
0
0
0
0
0
0
0
0
0
0
0
0
0
0
0
0
0
0
0
0
0
0
0
0
0
0
0
0
0
0
0
0
0
0
0
0
2
0
1
0
0
0
0
0
1
0
0
1
0
0
0
0
0
0
0
1
0
0
0
0
0
0
0
0
0
0
0
0
0
0
0
0
0
0
0
1
0
0
0
0
0
0
0
0
0
0
0
0
0
0
0
0
0
0
0
0
0
0
0
0
0
0
0
0
0
0
0
0
0
0
0
0
0
0
0
0
0
0
0
0
0
0
0
0
0
0
0
0
0
0
0
0
0
0
0
0
0
0
0
0
0
0
0
0
0
0
0
0
0
0
0
0
0
0
0
0
0
0
0
0
0
1
0
0
0
0
0
0
0
0
0
0
0
0
0
1
0
0
0
0
0
0
0
0
0
0
0
0
0
0
0
0
0
0
0
0
0
0
0
0
0
0
0
0
0
0
0
0
0
0
0
0
0
0
0
1
0
1
0
0
0
0
0
0
0
0
0
0
0
0
0
0
0
0
0
1
0
1
0
0
0
0
0
0
0
0
0
0
0
0
0
0
0
0
0
0
0
0
0
0
0
0
0
0
0
0
0
0
0
0
1
0
0
0
0
0
0
0
0
0
0
0
0
0
0
0
0
0
0
0
0
0
0
0
0
0
0
0
0
0
0
0
0
0
0
0
0
0
0
0
0
0
0
0
0
0
0
0
0
0
0
0
0
1
0
0
0
0
0
0
0
0
0
0
0
0
0
0
0
0
0
0
0
0
0
0
0
0
0
0
0
0
0
0
0
0
0
0
0
0
0
0
0
0
0
0
0
0
0
0
0
0
0
0
0
0
0
0
0
0
0
0
0
0
0
0
0
0
0
0
0
0
0
0
0
0
0
0
0
0
0
0
0
0
0
0
0
0
0
0
0
0
0
0
0
0
0
0
0
0
0
0
0
0
0
0
0
0
0
0
0
0
0
0
0
0
0
0
0
0
0
0
0
0
0
0
0
0
0
0
0
0
0
0
0
0
0
0
0
0
0
0
0
0
0
0
0
0
0
0
0
0
0
0
0
0
0
0
0
0
0
0
0
0
0
0
0
0
0
0
0
0
0
0
0
0
0
0
0
0
0
0
0
0
0
0
0
0
0
0
0
0
0
0
0
0
0
0
0
0
0
0
0
0
0
0
0
0
0
1
0
0
0
1
0
0
0
1
0
0
0
0
0
0
0
0
0
0
0
0
0
0
0
0
0
0
0
1
1
0
0
0
1
0
0
0
0
0
0
0
0
0
0
0
0
0
0
0
0
0
0
0
0
0
0
0
0
0
0
0
0
0
0
0
1
0
0
0
0
0
0
0
0
0
0
0
0
0
0
0
0
0
0
0
0
0
0
0
0
0
0
0
0
0
0
0
0
0
0
0
0
0
0
0
0
0
0
0
0
0
0
0
0
0
0
0
0
0
0
0
0
0
0
0
0
0
0
0
0
0
0
0
0
0
0
0
0
0
0
0
0
0
0
0
0
0
0
1
0
0
0
0
0
0
0
0
0
0
0
0
0
0
1
0
0
0
0
0
0
0
0
0
0
0
0
0
0
0
0
0
0
0
0
0
0
0
0
0
0
0
0
0
0
0
0
0
0
0
0
0
0
0
0
0
0
0
0
0
0
0
0
0
0
0
0
0
0
0
0
0
0
0
0
0
0
0
0
0
0
0
0
0
0
0
0
0
0
0
0
0
0
0
0
0
0
0
0
0
0
0
0
0
0
0
0
0
0
0
0
0
0
0
0
0
0
0
0
0
0
0
0
0
0
0
0
0
0
0
0
0
0
0
0
0
0
0
0
0
0
0
0
0
0
0
0
0
0
0
0
0
0
0
0
0
0
0
0
0
0
0
0
0
0
0
0
0
0
0
0
0
0
0
0
0
0
0
0
0
0
0
0
0
0
0
0
0
0
0
0
0
0
0
0
0
0
0
0
0
0
0
0
0
0
0
0
0
0
0
0
0
0
0
0
0
0
0
0
0
0
0
0
0
0
0
0
1
0
0
0
0
0
0
0
0
0
0
0
0
0
0
0
0
0
0
0
0
0
0
0
0
0
0
0
0
0
0
0
0
0
0
0
0
0
0
0
0
0
0
0
0
0
0
0
0
0
0
0
0
0
0
0
0
0
0
0
0
0
0
0
0
0
0
0
0
0
0
0
0
0
0
0
0
0
0
0
0
0
0
0
0
0
0
0
0
0
0
0
0
0
0
0
0
0
0
0
0
0
0
0
0
0
0
0
0
0
0
0
0
0
0
0
0
0
0
0
0
0
0
0
0
0
0
0
0
0
0
0
0
0
0
0
0
0
0
0
0
0
0
0
0
0
0
0
0
0
0
0
0
0
0
0
0
0
0
0
0
0
0
0
0
0
0
0
0
0
0
0
0
0
0
0
0
0
0
0
0
0
0
0
0
0
0
0
0
0
0
0
0
0
0
0
0
0
0
0
0
0
0
0
0
0
0
0
0
0
0
0
0
1
0
0
0
0
0
0
0
0
0
0
0
0
0
0
0
0
0
0
0
0
0
0
0
0
0
0
0
0
1
0
0
0
0
0
0
0
0
0
0
0
0
0
0
0
0
0
0
0
0
0
0
0
0
0
0
0
0
0
0
0
0
0
0
0
0
0
0
0
0
0
0
0
0
0
0
0
0
0
0
1
0
1
0
0
0
0
0
0
0
0
0
0
0
0
0
0
0
0
0
0
0
0
0
0
0
0
0
0
0
0
0
0
0
0
0
0
0
0
0
0
0
0
0
0
0
0
0
0
0
0
0
0
0
0
0
0
0
0
0
0
0
0
0
0
0
0
0
0
0
0
0
0
0
0
0
0
0
0
0
0
0
0
0
0
0
0
0
0
0
0
0
0
0
0
0
0
0
0
0
0
0
0
0
0
0
0
0
0
0
0
0
0
0
0
0
0
0
0
0
0
0
0
0
0
0
0
0
0
0
0
0
0
0
0
0
0
0
0
0
1
0
0
0
0
0
0
0
0
0
0
0
0
0
0
0
0
0
0
0
0
0
0
0
0
0
0
0
0
0
0
0
0
0
0
0
0
0
0
0
1
0
0
0
0
0
0
0
0
0
0
0
0
0
0
0
0
0
0
0
0
0
0
0
0
0
0
0
0
0
0
0
0
0
0
0
0
0
0
0
0
0
0
0
0
0
0
0
0
0
0
0
0
0
0
0
0
0
0
0
0
0
0
0
0
0
0
0
0
0
0
0
0
0
0
0
0
0
0
0
0
0
0
0
0
0
0
0
0
0
0
0
0
0
0
0
0
0
0
0
0
0
0
0
0
0
0
0
1
0
0
0
0
0
0
0
0
0
0
0
0
0
0
0
0
0
0
0
0
0
0
0
0
0
0
0
0
0
0
0
0
0
0
0
0
0
0
0
0
0
0
0
0
0
0
0
0
0
0
0
0
0
0
0
0
0
0
0
0
0
0
0
0
0
0
0
0
0
0
0
0
0
0
0
0
0
0
0
0
0
0
0
0
0
0
0
0
0
0
0
0
0
0
0
0
0
0
0
0
0
0
0
0
0
0
0
0
0
0
0
0
0
0
0
0
0
0
0
0
0
0
0
0
0
0
0
0
0
0
0
0
0
0
0
0
0
0
0
0
0
0
0
0
0
0
0
0
0
0
0
0
0
0
0
0
0
0
0
0
0
0
0
0
0
0
0
0
0
0
0
0
0
0
0
0
0
0
0
0
0
0
0
0
0
0
0
0
0
0
0
0
0
0
0
0
1
0
0
0
0
1
0
0
0
0
0
0
0
0
0
0
0
0
0
0
0
0
0
0
0
0
0
0
0
0
0
0
0
0
0
0
0
0
0
0
0
0
0
0
0
0
0
0
0
0
0
0
0
0
0
0
0
0
0
0
0
0
0
0
0
0
0
0
0
0
0
0
0
0
0
0
0
0
0
0
0
0
0
0
0
0
0
0
0
0
0
0
0
0
0
0
0
0
0
0
0
0
0
0
0
0
0
0
0
0
0
0
0
0
0
0
0
0
0
0
0
0
0
0
0
0
0
0
0
0
0
0
0
0
0
0
0
0
0
0
0
0
0
0
0
0
0
0
0
0
0
0
0
0
0
0
0
0
0
0
0
0
0
0
0
0
0
0
0
0
0
0
0
0
0
0
0
0
0
0
0
0
0
0
0
0
0
0
0
0
0
0
0
0
0
0
0
0
0
0
0
0
0
0
0
0
0
0
0
0
0
0
0
0
0
0
0
0
0
0
0
0
0
0
0
0
0
0
0
0
0
0
0
0
0
0
0
0
0
0
0
0
0
0
0
0
0
0
0
0
0
0
0
0
0
0
0
0
0
0
0
0
0
0
0
0
0
0
0
0
0
0
0
0
0
0
2
0
0
0
0
0
0
0
0
0
0
0
0
0
0
0
0
0
0
0
0
0
0
0
0
0
0
0
0
0
0
0
0
0
0
0
0
0
0
0
0
0
0
0
0
0
0
0
0
0
0
0
0
0
0
0
0
0
0
0
0
0
0
0
0
0
0
0
0
0
0
0
0
0
0
0
0
0
0
0
0
0
0
0
0
0
0
0
0
0
0
0
0
0
0
0
0
0
0
0
0
0
0
0
0
0
0
0
0
0
0
0
0
0
0
0
0
0
0
0
0
0
0
0
0
0
0
0
0
0
0
0
0
0
0
0
0
0
0
0
0
0
0
0
0
0
0
0
0
0
0
0
0
0
0
0
0
0
0
0
0
0
0
0
0
0
0
0
0
0
0
0
0
0
0
0
0
0
0
0
0
0
0
0
0
0
0
0
0
0
0
0
0
0
0
0
0
0
0
0
0
0
0
0
0
0
0
0
0
0
0
0
0
0
0
0
0
0
0
0
0
0
0
0
0
0
0
0
0
0
0
0
0
0
0
0
0
0
0
0
0
0
0
0
0
0
0
0
0
0
0
0
0
0
0
0
0
0
0
0
0
0
0
0
0
0
0
0
0
0
0
0
0
0
0
0
0
0
0
0
0
0
0
0
0
0
0
0
0
0
0
0
0
0
0
0
0
0
0
0
0
0
0
0
0
0
0
0
0
0
0
0
0
0
0
0
0
0
0
0
0
0
0
0
0
0
0
0
0
0
0
0
0
0
0
0
0
0
0
0
0
0
0
0
0
0
0
0
0
0
0
0
0
0
0
0
0
0
0
0
0
0
0
0
0
0
0
0
0
0
0
0
0
0
0
0
0
0
0