0
0
0
0
0
0
0
0
0
0
0
0
0
0
0
0
0
0
0
0
0
0
0
0
0
0
0
0
0
0
0
0
0
0
0
0
0
0
0
0
0
0
0
0
0
0
0
0
0
0
0
0
0
0
0
0
0
0
0
0
0
0
0
0
0
0
0
0
0
0
0
0
0
0
0
0
0
0
0
0
0
0
0
0
0
0
0
0
0
0
0
0
0
0
0
0
0
0
0
0
0
0
0
0
0
0
0
0
0
0
0
0
0
0
0
0
0
0
0
0
0
0
0
0
0
0
0
0
0
0
0
0
0
0
0
0
0
0
0
0
0
0
0
0
0
0
0
0
0
0
0
0
0
0
0
0
0
0
0
0
0
0
0
0
0
0
0
0
0
0
0
0
0
0
0
0
0
0
0
0
0
0
0
0
0
0
0
0
0
0
0
0
0
0
0
0
0
0
0
0
0
0
0
0
0
0
0
0
0
0
0
0
0
0
0
0
0
0
0
0
0
0
0
0
0
0
0
0
0
0
0
0
0
0
0
0
0
0
0
0
0
0
0
0
0
0
0
0
0
0
0
0
0
0
0
0
0
0
0
0
0
0
0
0
0
0
0
0
0
0
0
0
0
0
0
0
0
0
0
0
0
0
0
0
0
0
0
0
0
0
0
0
0
0
0
0
0
0
0
0
0
0
0
0
0
0
0
0
0
0
0
0
0
0
0
0
0
0
0
0
0
0
0
0
0
0
0
0
0
0
0
0
0
0
0
0
0
0
0
0
0
0
0
0
0
0
0
0
0
0
0
0
0
0
0
0
0
0
0
0
0
0
0
0
0
0
0
0
0
0
0
0
0
0
0
0
0
0
0
0
0
0
0
0
0
0
0
0
0
0
0
0
0
0
0
0
0
0
0
0
0
0
0
0
0
0
0
0
0
0
0
0
0
0
0
0
0
0
0
0
0
0
0
0
0
0
0
0
0
0
0
0
0
0
0
0
0
0
0
0
0
0
0
0
0
0
0
0
0
0
0
0
0
0
0
0
0
0
0
0
0
0
0
0
0
0
0
0
0
0
0
0
0
0
0
0
0
0
0
0
0
0
0
0
0
0
0
0
0
0
0
0
0
0
0
0
0
0
0
0
0
0
0
0
0
0
0
0
0
0
0
0
0
0
0
0
0
0
0
0
0
0
0
0
0
0
0
0
0
0
0
0
0
0
0
0
0
0
0
0
0
0
0
0
0
0
0
0
0
0
0
0
0
0
0
0
0
0
0
0
0
0
0
0
0
0
0
0
0
0
0
0
0
0
0
0
0
0
0
0
0
0
0
0
0
0
0
0
0
0
0
0
0
0
0
0
0
0
0
0
0
0
0
0
0
0
0
0
0
0
0
0
0
0
0
0
0
0
0
0
0
0
0
0
0
0
0
0
0
0
0
0
0
0
0
0
0
0
0
0
0
0
0
0
0
0
0
0
0
0
0
0
0
0
0
0
0
0
0
0
0
0
0
0
0
0
0
0
0
0
0
0
0
0
0
0
0
0
0
0
0
0
0
0
0
0
0
0
0
0
0
0
0
0
0
0
0
0
0
0
0
0
0
0
0
0
0
0
0
0
0
0
0
0
0
0
0
0
0
0
0
0
0
0
0
0
0
0
0
0
0
0
0
0
0
0
0
0
0
0
0
0
0
0
0
0
0
0
0
0
0
0
0
0
0
0
0
0
0
0
0
0
0
0
0
0
0
0
0
0
0
0
0
0
0
0
0
0
0
0
0
0
0
0
0
0
0
0
0
0
0
0
0
0
0
0
0
0
0
0
0
0
0
0
0
0
0
0
0
0
0
0
0
0
0
0
0
0
0
0
0
0
0
0
0
0
0
0
0
0
0
0
0
0
0
0
0
0
0
0
0
0
0
0
0
0
0
0
0
0
0
0
0
0
0
0
0
0
0
0
0
0
0
0
0
0
0
0
0
0
0
0
0
0
0
0
0
0
0
0
0
0
0
0
0
0
0
0
0
0
0
0
0
0
0
0
0
0
0
0
0
0
0
0
0
0
0
0
0
0
0
0
0
0
0
0
0
0
0
0
0
0
0
0
0
0
0
0
0
0
0
0
0
0
0
0
0
0
0
0
0
0
0
0
0
0
0
0
0
0
0
0
0
0
0
0
0
0
0
0
0
0
0
0
0
0
0
0
0
0
0
0
0
0
0
0
0
0
0
0
0
0
0
0
0
0
0
0
0
0
0
0
0
0
0
0
0
0
0
0
0
0
0
0
0
0
0
0
0
0
0
0
0
0
0
0
0
0
0
0
0
0
0
0
0
0
0
0
0
0
0
0
0
0
0
0
0
0
0
0
0
0
0
0
0
0
0
0
0
0
0
0
0
0
0
0
0
0
0
0
0
0
0
0
0
0
0
0
0
0
0
0
0
0
0
0
0
0
0
0
0
0
0
0
0
0
0
0
0
0
0
0
0
0
0
0
0
0
0
0
0
0
0
0
0
0
0
0
0
0
0
0
0
0
0
0
0
0
0
0
0
0
0
0
0
0
0
0
0
0
0
0
0
0
0
0
0
0
0
0
0
0
0
0
0
0
0
0
0
0
0
0
0
0
0
0
0
0
0
0
0
0
0
0
0
0
0
0
0
0
0
0
0
0
0
0
0
0
0
0
0
0
0
0
0
0
0
0
0
0
0
0
0
0
0
0
0
0
0
0
0
0
0
0
0
0
0
0
0
0
0
0
0
0
0
0
0
100
141
133
150
141
162
162
137
145
164
134
140
154
184
156
167
162
152
145
170
162
159
148
188
154
150
162
156
176
163
170
184
173
188
154
161
167
176
165
174
168
196
169
169
168
182
178
170
205
182
165
169
169
186
163
194
195
175
167
188
181
190
194
193
201
211
206
196
180
172
175
180
181
176
175
192
197
206
179
198
186
189
192
211
159
198
189
172
190
186
169
198
180
169
208
191
207
175
196
197
197
165
195
180
222
197
195
217
199
185
180
183
191
152
173
190
189
185
200
194
186
160
177
201
204
205
196
197
205
186
159
203
189
175
181
196
175
198
197
178
180
206
198
204
192
209
196
175
202
211
181
197
179
185
193
189
209
197
188
175
189
207
199
183
181
210
192
198
197
174
177
188
188
189
181
200
171
195
178
184
190
206
191
169
184
193
192
176
201
191
193
219
180
182
192
173
185
168
193
184
182
181
165
183
192
166
159
176
196
145
160
168
173
190
181
189
171
186
175
157
191
166
195
210
177
181
179
178
190
146
175
173
164
160
162
185
153
152
182
152
152
186
164
168
153
157
154
169
149
148
146
151
141
162
154
155
145
160
144
162
171
154
146
179
147
162
146
135
154
166
131
158
144
145
137
155
126
146
172
155
150
132
136
133
158
135
155
156
138
143
133
143
145
151
150
143
138
151
146
143
148
136
127
138
133
150
150
137
135
149
123
121
122
148
145
124
128
126
122
125
115
155
128
116
128
126
120
97
125
151
117
119
141
131
123
125
124
106
126
114
121
129
124
128
122
108
135
125
121
104
119
120
130
127
112
103
121
131
109
110
120
116
103
127
103
114
92
109
87
118
105
125
102
115
113
110
111
104
115
112
119
103
122
99
112
111
101
113
92
104
89
103
100
119
114
100
94
114
107
88
111
114
116
86
110
104
96
98
111
90
93
114
84
98
107
101
110
109
99
97
91
98
72
105
94
97
114
89
120
82
102
103
94
111
79
81
93
92
97
106
84
87
105
86
103
105
88
91
92
106
114
92
80
89
87
74
78
107
79
105
87
84
85
86
114
96
103
81
94
104
93
99
92
103
81
72
86
84
104
90
104
71
91
104
84
83
89
92
92
98
82
87
96
81
76
72
76
93
72
79
92
87
100
81
94
75
93
97
84
78
100
68
93
95
82
109
78
87
85
97
93
73
81
91
97
103
66
106
112
88
71
96
66
89
100
84
93
81
98
86
92
93
77
93
85
96
96
87
81
95
83
79
87
110
90
92
85
79
82
92
92
109
97
70
99
101
101
84
88
101
98
89
80
95
82
88
86
87
91
97
103
103
86
92
80
114
94
111
93
94
80
80
107
89
102
88
114
109
93
78
106
91
94
99
110
87
95
91
99
120
113
95
104
95
116
97
83
99
94
77
113
110
101
100
102
107
85
97
90
97
104
95
116
107
94
125
96
106
103
100
114
117
100
115
104
91
95
85
113
101
125
123
109
122
112
107
125
99
102
104
115
114
109
108
103
101
111
131
133
90
117
119
120
101
134
111
96
96
107
106
100
137
119
124
102
115
102
106
125
107
120
122
118
121
117
114
142
89
119
115
111
128
112
126
112
126
121
127
126
103
119
105
134
120
122
113
109
122
123
111
131
136
112
122
126
163
120
128
123
122
131
140
110
115
146
138
125
133
139
140
136
135
113
138
132
151
118
140
128
114
128
149
153
125
118
134
135
122
139
144
138
124
144
131
155
149
135
147
129
163
138
135
153
148
112
143
137
165
142
148
147
139
130
122
154
137
156
148
150
143
144
146
142
157
164
138
151
152
138
145
154
145
125
168
148
144
160
176
152
135
175
141
180
164
136
146
165
158
178
165
154
142
188
195
168
148
166
161
183
158
164
141
142
152
185
168
170
153
152
190
149
157
160
183
185
164
178
166
184
187
169
169
171
173
181
178
185
185
184
171
188
175
153
162
203
189
179
169
182
213
184
164
197
183
175
197
182
215
184
171
186
185
197
168
163
203
178
205
186
223
171
193
196
184
195
204
177
195
203
194
187
200
204
233
192
199
207
192
242
191
193
198
220
224
226
238
246
212
190
199
222
192
234
195
204
213
196
222
218
220
212
206
214
205
209
231
201
241
220
206
215
210
195
249
209
233
248
230
231
228
228
261
231
240
214
224
248
257
236
229
237
243
219
235
240
250
243
265
239
234
209
210
242
232
241
241
249
208
273
241
274
271
272
271
270
263
241
250
259
262
306
241
284
259
276
264
268
272
274
273
241
280
270
248
288
268
277
298
263
263
262
289
298
289
293
290
268
310
295
302
302
284
302
303
305
302
295
322
308
305
316
308
349
299
315
307
318
317
302
308
283
320
340
292
330
302
314
337
342
313
308
323
321
336
330
324
340
344
325
325
333
326
332
318
357
345
343
374
318
342
326
344
374
347
371
367
334
374
356
378
384
355
370
378
406
371
391
371
432
409
373
389
387
385
390
382
364
373
419
410
421
435
379
383
426
440
452
400
401
405
413
390
418
435
420
440
420
458
448
436
471
452
446
432
422
469
428
476
508
458
480
458
444
475
478
477
451
457
445
467
516
451
530
499
484
502
498
531
499
515
483
527
505
526
498
527
562
493
533
501
511
533
473
541
490
508
511
530
512
580
511
554
552
538
553
579
543
546
552
553
577
555
571
583
550
534
573
583
575
548
558
607
599
607
584
593
602
639
605
580
594
571
613
616
595
588
662
626
609
670
635
572
629
557
618
653
646
627
670
674
659
660
661
647
619
678
706
688
699
656
631
670
714
694
671
664
734
669
718
727
695
718
698
689
714
716
696
711
745
722
689
763
688
702
735
724
760
724
753
734
723
781
776
753
768
742
783
784
777
799
764
816
778
754
739
783
764
805
771
778
753
815
787
825
767
791
818
757
789
810
789
835
835
770
794
825
816
832
856
807
844
826
802
860
846
791
801
846
835
872
825
873
882
858
900
837
850
812
828
871
924
898
892
902
851
803
877
880
804
875
933
901
896
874
932
864
961
878
827
874
861
903
902
914
833
887
912
910
939
890
914
938
939
953
918
990
896
938
932
894
943
913
964
924
912
999
909
930
968
921
866
915
965
911
946
924
941
950
912
949
953
960
950
999
912
1006
980
974
917
903
889
966
956
891
986
1002
973
913
932
1000
951
968
921
913
947
945
972
989
971
993
939
995
928
990
967
988
979
998
981
947
973
948
908
968
899
984
959
978
955
996
953
946
971
984
921
974
924
934
960
970
998
923
1024
903
955
970
951
910
961
979
979
938
959
918
934
929
961
920
913
991
942
935
902
962
922
908
912
982
909
906
940
945
907
1007
914
952
916
909
960
932
944
957
976
934
891
858
950
893
974
921
925
910
945
916
878
885
960
868
896
817
899
918
873
892
915
841
863
859
884
893
914
901
890
910
895
917
850
834
827
880
893
852
883
832
855
837
855
845
840
858
844
882
863
798
878
859
851
872
841
861
802
884
817
815
829
819
869
792
783
813
823
833
777
772
811
806
805
813
777
805
765
802
782
762
776
740
802
766
796
771
754
778
731
699
741
739
808
729
727
755
749
685
678
723
720
741
728
734
681
758
687
709
700
759
645
655
687
720
699
702
732
695
702
686
668
638
659
675
686
652
627
712
668
635
662
652
676
652
654
618
651
677
612
653
647
674
631
627
633
615
630
621
606
612
629
564
613
661
564
576
615
630
575
590
578
577
543
576
576
608
603
579
549
541
583
527
557
554
540
577
559
554
509
532
548
540
506
522
512
523
523
519
535
526
496
551
528
520
456
498
484
510
491
497
501
457
467
494
499
497
487
485
437
489
510
466
429
421
435
442
493
491
451
449
398
415
436
406
428
421
442
399
396
428
430
420
347
425
435
409
417
378
393
413
381
398
393
429
417
391
368
340
386
405
374
395
364
362
351
377
351
336
363
369
353
350
359
345
347
368
326
340
313
339
353
341
345
318
314
353
304
339
287
301
305
298
332
284
279
298
271
314
327
291
309
266
297
295
322
282
293
297
282
273
285
263
302
328
281
266
267
269
287
278
286
275
233
236
249
242
266
259
267
250
250
290
269
232
213
274
242
245
244
226
234
237
233
232
234
237
234
225
223
231
203
222
217
243
209
215
198
250
215
222
217
207
221
212
235
197
189
212
231
186
211
188
203
189
177
155
157
214
180
161
177
211
183
183
180
172
175
193
162
178
151
198
143
189
179
174
140
155
175
174
143
172
173
140
171
161
158
138
147
145
142
143
152
150
141
160
140
167
161
121
142
125
167
133
142
128
139
112
127
122
135
99
113
132
163
137
135
103
142
118
130
129
105
113
116
125
119
133
119
126
120
113
96
120
122
104
125
113
114
114
126
102
101
108
101
130
107
115
111
101
98
92
108
102
97
74
111
93
104
90
103
84
86
114
84
103
95
94
73
86
87
90
78
93
91
99
84
77
83
98
86
84
88
81
73
101
91
92
93
85
74
84
90
65
93
68
70
64
81
82
90
77
88
75
67
65
68
71
72
74
63
80
72
70
74
74
67
66
56
53
70
50
63
87
57
65
69
64
56
47
59
56
67
65
56
56
61
50
57
49
58
51
55
58
44
54
52
60
57
49
63
60
60
58
51
54
49
56
57
46
52
43
58
54
49
48
38
45
38
61
34
43
43
43
53
45
30
37
46
44
50
41
37
48
44
41
42
33
34
40
44
46
39
22
27
43
33
35
38
36
33
43
39
38
28
31
36
33
31
41
43
37
28
36
40
34
37
30
32
33
27
38
37
31
32
19
27
35
29
40
41
31
25
25
39
21
36
28
27
31
25
25
28
25
31
20
31
29
32
28
21
25
28
23
33
29
25
29
26
30
26
23
23
28
22
19
28
38
25
25
22
25
19
20
22
24
32
29
31
19
29
31
17
33
25
24
18
17
23
19
12
20
20
18
22
20
26
23
19
24
26
28
20
21
26
26
27
22
28
31
24
15
28
22
16
16
20
24
27
26
16
19
19
18
18
22
22
26
15
15
25
19
23
14
22
18
19
30
24
14
17
21
22
20
18
20
14
22
17
18
27
13
14
16
17
20
16
17
23
15
23
20
21
23
21
23
20
18
20
18
15
15
15
18
12
13
23
20
22
17
22
17
25
16
13
21
21
18
15
16
14
14
15
13
11
19
22
23
16
13
13
14
22
20
20
13
25
18
16
20
15
14
19
13
14
10
18
18
21
14
13
15
17
12
10
9
22
14
17
15
18
20
18
10
19
22
17
21
19
23
18
12
6
17
9
16
14
20
12
10
25
15
10
20
16
13
19
12
20
16
16
23
17
23
18
15
13
13
13
19
14
15
17
19
19
12
18
16
12
11
16
17
17
17
12
14
9
12
15
16
14
10
15
10
20
11
16
7
20
16
20
21
11
16
7
16
15
11
16
6
11
16
12
10
12
13
18
14
13
18
19
14
8
17
11
12
8
14
18
10
9
12
12
16
16
16
9
13
17
15
16
19
9
11
10
16
10
11
11
18
16
12
13
15
14
20
18
12
14
21
12
11
12
12
13
12
16
13
9
10
13
10
14
19
15
13
14
12
9
14
13
13
18
14
15
15
18
12
10
16
14
16
11
12
13
18
22
13
17
11
12
9
9
11
11
19
14
9
8
8
11
15
16
7
21
18
12
11
16
13
12
16
14
8
8
8
14
14
17
10
21
10
18
12
15
13
20
14
19
13
16
11
16
13
8
16
13
15
14
15
13
13
15
12
10
14
18
11
15
14
12
16
15
8
16
13
14
15
15
17
8
13
28
1
16
16
11
10
16
12
11
16
15
9
14
16
9
12
15
12
17
16
11
15
15
19
14
8
19
18
9
13
15
17
16
12
18
8
11
13
14
12
15
13
11
12
14
13
9
14
10
12
7
14
14
12
16
11
10
15
8
10
12
8
18
15
15
11
18
19
10
13
12
13
14
12
13
11
14
13
10
14
21
10
10
11
13
11
16
11
9
10
16
9
13
11
15
14
15
10
10
7
11
11
14
17
12
8
9
17
17
13
15
17
13
12
6
9
12
16
13
11
13
12
12
14
17
15
9
17
4
4
11
13
15
16
17
13
9
15
6
14
15
15
12
13
15
9
18
15
16
15
7
8
16
15
11
13
5
10
15
9
14
14
16
8
6
11
9
9
17
17
11
16
15
10
12
10
8
8
8
14
11
10
9
12
12
15
11
9
18
19
17
9
10
12
14
11
12
12
16
10
18
6
13
14
13
11
16
14
12
14
15
11
6
9
7
11
7
11
10
15
12
9
15
12
13
10
8
17
18
14
14
17
5
11
15
14
13
10
10
14
16
12
15
9
14
10
17
8
7
7
10
9
9
11
6
7
10
8
12
9
7
13
8
11
12
16
9
17
9
6
14
6
15
12
16
8
18
15
11
10
10
15
16
14
15
9
12
12
7
15
8
12
9
13
15
15
9
9
6
9
10
11
16
7
9
20
5
5
18
8
18
10
6
17
11
14
16
15
10
11
8
14
5
12
7
16
13
6
11
5
16
19
13
13
8
9
15
11
11
13
11
7
10
15
14
11
12
7
7
8
10
13
10
12
18
15
12
7
22
11
15
15
6
14
17
11
9
13
12
10
14
8
9
13
8
14
9
13
13
15
14
13
14
13
14
9
11
9
18
13
11
10
12
16
11
9
10
14
12
14
12
15
11
23
11
8
12
9
16
5
14
12
11
12
11
19
17
13
15
10
10
13
11
9
13
12
11
12
13
5
8
6
15
13
13
9
13
14
17
11
9
12
18
6
7
12
6
10
10
5
17
14
19
6
11
10
9
9
10
11
10
11
13
3
5
4
8
15
8
9
10
6
9
8
10
10
13
8
14
16
9
12
11
10
15
12
5
6
8
11
15
9
11
10
16
9
3
14
5
9
7
11
7
8
13
4
11
12
18
9
7
9
8
15
9
13
9
7
9
8
8
11
9
15
12
8
7
12
8
9
9
11
5
7
11
12
6
13
18
11
10
4
9
4
12
9
10
10
12
14
10
12
4
8
12
8
8
10
14
10
10
10
16
9
6
12
14
11
12
10
13
16
13
6
12
17
10
8
6
12
13
13
14
14
7
9
8
7
11
9
9
13
12
7
11
11
11
9
14
11
9
12
10
11
11
7
11
10
6
15
10
12
11
9
13
12
4
11
17
8
5
11
12
10
8
12
12
15
16
8
11
7
5
10
5
11
8
10
9
13
13
9
4
13
12
16
8
5
18
11
7
10
10
8
9
11
15
10
12
17
12
8
14
10
9
18
8
13
11
11
9
11
18
11
19
12
14
6
10
8
11
16
12
12
8
8
8
7
5
10
10
9
17
8
10
11
13
8
5
9
12
4
8
16
8
7
14
12
10
12
10
11
12
11
8
11
14
8
11
12
10
10
8
14
6
13
10
6
9
11
12
10
6
9
10
10
11
9
12
13
10
6
8
7
6
9
9
11
5
7
14
11
7
9
8
8
8
4
13
7
6
11
8
11
9
14
9
8
2
5
16
14
15
7
8
7
8
12
14
4
14
9
20
12
14
10
14
14
5
16
8
9
11
13
7
15
12
12
15
5
6
16
7
17
9
11
13
16
8
10
7
13
8
13
9
11
12
10
6
12
8
16
6
8
7
13
13
11
9
15
10
8
6
16
7
9
7
14
12
8
7
13
20
15
9
6
5
13
13
5
10
17
12
13
13
9
12
12
10
12
10
17
10
10
8
8
17
13
8
12
11
14
6
8
13
13
10
13
13
9
4
9
16
9
10
15
9
8
5
10
6
6
8
11
14
10
14
14
13
7
7
11
13
7
14
11
10
13
16
11
10
12
7
14
13
6
18
6
13
9
7
8
8
14
11
12
12
12
10
7
10
5
11
11
9
14
11
11
11
14
12
12
13
12
11
14
7
9
10
12
6
12
7
7
11
7
6
6
8
9
9
11
14
9
13
12
12
10
10
8
12
9
12
11
5
11
11
8
10
10
11
10
7
10
14
10
8
7
7
9
8
12
7
12
9
8
15
8
13
4
12
9
14
8
10
8
13
10
10
11
10
6
9
12
11
9
14
11
8
10
11
8
9
11
8
9
9
12
11
6
9
9
12
11
10
13
13
7
11
13
8
9
7
10
12
8
10
15
13
4
7
12
13
7
13
8
6
9
12
5
15
9
12
16
10
8
11
11
14
10
14
12
12
9
9
11
13
16
7
8
12
9
6
13
14
11
9
12
8
12
11
10
8
16
10
19
13
8
13
5
15
6
11
10
14
7
9
14
10
7
13
9
14
10
13
7
13
14
12
10
7
8
8
10
9
11
12
15
14
14
13
13
12
11
14
7
12
12
12
6
11
16
9
11
11
8
11
8
15
11
9
9
8
14
9
8
9
12
7
6
8
6
12
9
11
11
7
18
15
10
15
9
10
7
11
11
12
11
7
9
14
12
10
11
12
6
8
13
10
11
14
12
13
13
12
8
13
12
10
7
16
7
11
8
13
11
10
8
12
11
14
9
11
7
11
8
14
10
7
13
13
11
15
8
9
9
16
7
10
16
8
13
5
11
11
10
20
11
14
10
9
13
8
6
8
11
11
12
10
6
8
9
15
11
12
10
9
13
10
7
10
12
13
6
6
9
11
14
7
10
2
8
7
6
5
9
12
7
12
9
4
10
12
15
11
9
12
8
7
10
9
8
12
13
6
7
10
13
8
10
8
7
8
6
12
17
4
13
9
6
7
11
10
2
10
8
15
10
9
15
10
10
9
10
8
6
9
11
10
9
8
9
11
11
4
11
11
10
8
10
12
8
10
16
9
8
10
8
12
13
11
9
13
6
7
5
7
11
8
9
7
12
5
6
9
7
10
9
11
8
14
13
9
8
6
7
5
10
8
4
9
7
13
12
7
10
15
6
8
13
15
12
12
5
16
9
7
9
10
13
4
6
11
6
8
9
8
8
14
5
7
2
8
6
6
9
14
8
8
6
7
8
5
11
8
13
8
8
6
11
9
5
7
6
4
5
9
13
14
10
7
5
5
6
11
4
7
12
9
12
9
6
13
6
12
7
11
11
4
6
9
6
12
3
4
6
7
7
8
6
8
8
4
4
7
7
8
8
3
6
12
3
8
5
9
8
5
4
9
4
9
10
5
8
5
8
6
9
2
8
8
9
4
8
6
7
4
5
11
10
7
5
8
10
8
8
5
7
12
7
6
9
6
5
5
4
1
9
9
4
10
4
10
10
9
7
8
7
9
6
9
6
7
8
4
4
8
4
15
8
3
4
4
6
7
6
11
7
10
4
3
11
6
3
9
5
9
6
9
11
2
6
9
9
2
5
11
8
7
9
4
3
8
7
8
4
4
7
9
4
4
10
7
3
6
4
5
9
6
10
10
6
7
8
3
3
5
2
5
4
5
4
3
8
4
8
2
6
13
4
4
3
4
5
5
2
7
5
4
7
7
0
10
3
2
3
4
7
6
4
5
6
7
5
5
7
6
2
8
3
3
3
3
6
6
5
3
5
7
6
6
6
9
3
6
8
4
8
7
1
8
5
1
1
5
4
5
3
2
4
1
7
4
7
8
5
6
6
4
3
5
3
3
6
2
5
7
1
3
1
4
5
2
4
4
5
5
5
4
1
7
1
3
3
1
3
4
7
7
10
6
2
3
5
5
2
6
2
3
8
3
9
6
4
5
6
6
4
2
3
5
3
3
0
2
2
2
4
2
3
4
3
1
7
5
3
0
6
5
1
3
2
3
2
3
2
0
5
8
7
3
1
3
6
7
2
5
0
3
2
2
4
4
4
0
3
5
4
1
8
3
2
1
6
2
6
2
1
4
3
2
5
6
4
3
4
8
3
4
3
1
3
3
1
4
5
2
1
3
1
3
1
4
4
4
3
0
4
3
5
3
4
7
1
2
5
3
2
1
9
3
5
4
3
3
3
3
2
2
8
2
1
0
4
2
2
3
4
3
6
0
1
7
0
3
4
1
2
0
4
2
3
0
0
1
1
6
0
3
7
2
0
3
2
1
1
4
2
2
0
4
1
4
5
1
5
6
1
1
2
6
3
1
4
4
1
3
1
1
2
3
1
4
1
3
1
2
1
2
0
2
1
0
0
1
2
0
0
2
1
2
2
1
2
3
2
3
1
3
1
2
0
0
0
2
2
2
2
0
3
1
2
1
2
0
3
1
3
3
2
1
3
0
2
1
2
2
2
0
0
2
1
2
0
1
1
3
1
1
1
3
1
2
2
0
2
3
5
2
0
2
1
1
3
2
3
2
2
1
1
2
1
4
1
4
2
1
1
1
2
3
2
0
0
4
0
1
2
1
1
0
1
2
0
1
4
0
1
0
4
1
2
1
1
4
1
1
0
0
0
1
2
1
0
2
2
1
1
4
1
2
4
1
1
0
2
0
1
0
1
1
0
2
0
0
1
1
0
1
2
1
1
0
0
2
2
1
0
1
1
4
0
1
0
2
2
2
1
0
3
0
0
1
0
0
0
1
0
0
1
0
0
1
1
0
0
0
3
1
1
1
2
2
0
1
4
1
0
0
0
0
0
2
1
2
2
1
0
1
0
1
1
2
0
2
1
0
0
1
2
0
2
0
1
1
1
2
2
0
0
2
1
0
2
2
0
2
2
1
1
0
0
1
1
0
2
2
2
0
2
0
2
1
1
2
2
1
0
0
1
1
0
0
0
1
1
0
2
2
0
2
0
2
1
0
0
0
0
0
1
1
0
0
1
1
0
0
1
0
1
2
0
1
1
0
1
0
0
1
1
0
1
0
0
0
0
1
2
0
0
0
0
0
0
1
0
1
0
0
0
0
0
1
0
1
0
0
1
1
0
1
1
1
0
1
0
0
0
1
0
2
1
2
0
0
0
3
0
0
0
2
0
0
1
0
2
0
0
0
1
1
0
1
0
1
0
1
0
0
1
1
1
1
0
0
1
0
2
1
0
0
0
0
0
1
0
0
0
1
1
1
0
1
1
0
0
0
0
0
0
0
0
0
0
1
0
1
1
0
1
0
0
1
0
1
0
1
0
1
0
0
1
0
0
0
0
0
0
0
1
1
1
1
0
0
1
1
1
0
1
0
3
1
0
1
1
1
0
1
1
1
0
0
1
0
0
1
0
0
1
0
0
1
0
0
0
0
0
0
1
0
0
0
0
0
1
3
0
0
0
0
0
0
0
0
0
0
0
0
2
0
0
1
1
0
0
0
1
0
0
0
0
0
1
0
0
0
0
0
1
1
0
1
0
1
0
2
0
0
1
2
1
0
0
0
0
0
0
0
0
0
2
1
0
0
0
0
1
0
1
0
1
0
0
0
0
0
0
0
1
0
2
0
0
0
0
0
0
1
0
1
0
0
1
0
0
0
0
0
0
0
0
0
0
1
0
1
1
4
0
0
0
0
0
0
0
0
1
0
1
0
0
0
1
0
0
0
0
1
1
0
0
0
0
0
1
0
1
0
0
1
0
0
3
0
0
0
0
0
0
0
1
2
1
0
1
0
0
0
0
0
0
0
1
0
1
0
0
0
1
0
0
0
0
0
0
0
1
0
0
0
0
1
1
0
1
0
0
0
0
0
0
0
0
1
0
1
0
1
0
0
0
0
0
0
0
0
0
0
1
0
0
1
0
0
1
1
0
1
0
1
1
0
0
1
0
0
0
0
0
0
0
0
0
0
0
0
0
0
2
0
0
0
0
0
0
0
1
0
1
0
1
0
0
0
0
0
1
0
0
0
0
0
1
0
0
0
0
1
0
0
1
0
0
0
0
1
0
0
0
1
1
0
0
0
1
0
0
0
1
1
0
0
1
0
0
0
1
0
0
0
0
0
0
0
0
1
0
1
0
1
0
0
1
0
0
0
0
0
1
0
0
0
1
1
1
0
0
0
1
0
0
0
0
0
0
0
0
0
1
2
0
0
0
0
0
0
0
0
0
0
1
0
0
1
0
0
0
1
0
0
1
0
0
0
0
1
2
0
0
1
1
1
0
0
0
0
0
0
0
0
1
1
0
1
1
0
0
1
0
1
0
0
2
0
0
0
0
0
0
0
0
0
0
0
0
1
0
0
0
0
0
0
1
0
0
0
0
0
1
0
0
0
0
0
1
0
0
0
0
0
0
1
0
0
0
0
0
0
0
0
0
0
0
1
0
0
0
0
0
0
1
1
0
0
0
0
1
0
0
0
1
1
0
0
0
0
0
0
1
1
0
0
0
0
0
2
1
0
0
0
0
1
0
0
1
0
0
0
0
0
1
0
0
0
0
0
0
0
0
0
1
0
0
0
0
0
0
0
0
1
0
0
2
0
0
1
0
0
0
0
0
1
0
0
0
0
0
0
0
0
1
0
0
0
1
0
0
0
0
0
0
0
0
0
0
0
0
0
0
0
0
1
0
0
0
0
0
0
0
0
0
0
0
0
0
0
0
0
0
0
0
0
0
0
0
0
0
0
0
0
0
0
0
0
0
0
0
0
0
0
0
0
1
0
0
2
0
0
0
1
0
0
0
0
0
0
0
0
0
0
0
0
0
0
0
0
0
0
0
0
0
0
0
0
0
0
0
0
1
0
0
0
0
0
0
0
0
0
0
0
2
1
0
0
1
0
0
0
1
1
0
0
1
0
0
0
1
0
1
0
0
0
0
0
0
0
0
0
0
0
0
0
0
0
0
0
0
1
1
0
0
0
1
0
0
0
0
0
0
0
0
0
0
0
0
0
0
0
0
0
0
0
0
0
1
0
0
0
0
0
0
0
1
0
0
0
0
0
1
0
0
0
1
0
1
0
0
0
0
0
1
0
1
0
0
1
1
0
0
0
0
0
0
1
0
0
0
1
0
0
0
0
0
0
0
0
0
0
0
0
0
0
0
0
0
0
0
0
0
0
0
0
0
1
0
0
0
0
0
0
0
0
0
0
0
0
0
0
0
0
0
0
0
0
0
0
0
0
1
0
0
0
0
0
0
0
0
0
0
0
0
0
0
0
0
0
0
0
0
0
0
0
0
1
0
0
0
0
0
0
0
0
0
0
0
0
0
0
1
0
0
0
0
0
0
1
0
0
0
0
0
0
0
0
1
0
0
0
0
0
0
0
0
0
0
0
0
1
0
1
0
0
0
0
0
0
0
1
0
0
0
0
1
0
1
0
1
0
0
0
0
0
0
0
0
0
0
1
0
1
1
0
0
0
0
1
0
0
0
0
0
1
0
0
1
0
0
0
0
1
0
0
0
1
1
0
0
0
0
0
0
0
0
1
0
0
0
0
0
0
0
0
0
0
0
1
0
1
1
0
0
0
0
0
0
1
1
0
1
0
0
2
0
0
0
1
1
0
0
0
0
0
0
1
0
0
0
0
0
0
0
0
1
0
0
0
0
0
1
0
0
0
0
0
0
0
0
1
2
0
0
0
0
0
0
0
0
0
0
0
0
0
0
0
0
0
0
0
0
0
0
0
0
0
0
0
0
0
1
0
0
0
0
0
0
0
0
0
0
0
0
0
0
1
0
0
0
0
0
0
2
0
0
0
0
0
1
0
0
0
0
0
0
0
0
1
0
0
0
0
0
0
0
0
0
0
0
0
0
0
0
0
0
0
0
0
0
0
0
0
0
0
0
0
0
0
0
0
0
0
0
0
1
0
0
0
0
0
1
0
0
0
0
0
0
0
0
0
0
0
0
0
0
0
0
0
0
1
0
0
0
0
0
0
0
0
1
0
0
0
0
0
1
0
0
0
0
0
0
0
0
0
0
0
0
0
0
0
0
0
0
0
0
0
1
1
1
0
0
0
0
0
0
0
1
0
0
1
0
0
0
0
0
1
0
1
0
0
0
0
0
0
0
0
0
0
0
0
0
0
0
0
0
0
0
0
0
1
0
0
1
0
1
0
0
0
0
0
0
0
0
0
0
0
0
0
0
1
0
0
0
0
0
0
0
0
0
0
1
0
0
0
0
0
0
0
0
0
1
0
1
1
0
0
0
0
0
0
0
0
0
0
0
0
0
0
0
0
0
0
0
0
0
1
0
0
0
0
0
0
0
1
0
0
0
0
0
0
0
0
0
0
0
0
0
0
0
0
0
0
0
0
0
0
0
0
0
0
0
0
0
0
0
1
0
0
0
0
0
0
0
0
0
0
0
0
0
0
0
0
1
1
0
0
0
0
1
0
0
0
0
0
0
0
0
1
0
0
0
0
1
0
0
0
0
0
1
0
1
0
0
0
0
1
0
0
0
0
0
0
1
0
0
0
0
0
0
0
0
0
0
0
0
0
0
0
0
0
0
0
0
0
0
0
0
1
0
0
0
0
0
0
0
0
0
0
0
0
0
0
0
1
0
0
0
0
0
0
0
0
0
0
1
1
0
0
2
0
0
0
0
0
0
0
0
0
0
0
0
0
0
0
1
0
0
0
0
0
0
0
0
0
0
0
0
0
0
0
0
0
0
0
0
0
0
0
0
0
0
1
0
0
0
1
0
0
0
0
0
0
0
0
0
0
0
0
0
1
0
0
0
0
0
0
0
2
0
0
0
0
0
0
1
0
0
0
0
0
0
0
0
0
0
0
0
0
0
0
0
0
0
0
0
0
0
0
0
0
0
0
0
0
0
0
0
0
0
0
0
0
0
0
0
0
0
0
0
0
0
0
0
0
0
0
0
0
0
0
0
0
1
0
0
0
0
0
0
0
0
0
0
0
0
0
0
0
0
0
0
0
0
0
0
0
0
0
0
0
0
0
0
0
0
0
2
0
0
0
0
0
0
0
0
0
1
0
0
1
0
0
0
0
0
0
0
0
0
0
0
0
0
0
0
0
0
0
0
1
0
0
1
0
0
1
0
0
0
0
0
0
0
0
0
0
0
0
0
0
0
0
0
0
0
0
0
0
0
0
0
0
0
0
0
0
0
0
1
0
0
0
0
0
0
0
0
0
0
0
1
0
0
0
0
0
0
0
0
0
0
0
0
0
0
1
0
0
0
0
0
0
0
0
0
0
0
0
0
0
0
0
0
0
0
0
0
0
0
0
0
0
0
0
1
0
0
0
0
0
0
0
0
0
0
0
0
0
0
0
0
0
0
0
0
0
0
0
0
0
0
0
0
0
0
0
0
0
0
0
0
0
0
0
0
0
0
0
0
0
0
1
0
0
0
0
0
0
0
0
0
0
0
0
0
0
0
0
0
0
0
0
0
0
0
0
0
0
0
0
0
0
0
0
0
1
0
0
0
0
0
0
0
0
0
0
0
0
0
0
0
0
0
0
0
0
0
0
0
0
0
0
0
0
0
0
0
0
1
0
0
0
0
0
0
0
0
0
0
0
0
0
0
0
1
0
0
0
0
0
0
0
0
0
0
0
0
0
0
0
0
0
0
0
0
0
1
0
0
0
0
0
0
0
0
0
0
0
0
0
0
0
0
1
0
0
0
0
1
0
0
0
0
0
0
0
0
0
0
0
0
0
0
0
0
0
0
0
0
0
0
0
0
0
0
0
0
0
0
0
0
0
0
0
0
1
0
0
0
0
0
0
0
0
0
0
0
0
0
0
0
0
0
0
0
0
0
0
0
0
0
0
0
0
0
0
0
0
0
0
0
0
0
0
1
0
0
0
0
0
0
0
0
0
0
0
0
0
1
0
0
0
0
0
0
0
0
0
0
1
0
0
0
0
0
0
0
0
0
0
0
0
0
0
0
0
0
0
0
0