0
0
0
0
0
0
0
0
0
0
0
0
0
0
0
0
0
0
0
0
0
0
0
0
0
0
0
0
0
0
0
0
0
0
0
0
0
0
0
0
0
0
0
0
0
0
0
0
0
0
0
0
0
0
0
0
0
0
0
0
0
0
0
0
0
0
0
0
0
0
0
0
0
0
0
0
0
0
0
0
0
0
0
0
0
0
0
0
0
0
0
0
0
0
0
0
0
0
0
0
0
0
0
0
0
0
0
0
0
0
0
0
0
0
0
0
0
0
0
0
0
0
0
0
0
0
0
0
0
0
0
0
0
0
0
0
0
0
0
0
0
0
0
0
0
0
0
0
0
0
0
0
0
0
0
0
0
0
0
0
0
0
0
0
0
0
0
0
0
0
0
0
0
0
0
0
0
0
0
0
0
0
0
0
0
0
0
0
0
0
0
0
0
0
0
0
0
0
0
0
0
0
0
0
0
0
0
0
0
0
0
0
0
0
0
0
0
0
0
0
0
0
0
0
0
0
0
0
0
0
0
0
0
0
0
0
0
0
0
0
0
0
0
0
0
0
0
0
0
0
0
0
0
0
0
0
0
0
0
0
0
0
0
0
0
0
0
0
0
0
0
0
0
0
0
0
0
0
0
0
0
0
0
0
0
0
0
0
0
0
0
0
0
0
0
0
0
0
0
0
0
0
0
0
0
0
0
0
0
0
0
0
0
0
0
0
0
0
0
0
0
0
0
0
0
0
0
0
0
0
0
0
0
0
0
0
0
0
0
0
0
0
0
0
0
0
0
0
0
0
0
0
0
0
0
0
0
0
0
0
0
0
0
0
0
0
0
0
0
0
0
0
0
0
0
0
0
0
0
0
0
0
0
0
0
0
0
0
0
0
0
0
0
0
0
0
0
0
0
0
0
0
0
0
0
0
0
0
0
0
0
0
0
0
0
0
0
0
0
0
0
0
0
0
0
0
0
0
0
0
0
0
0
0
0
0
0
0
0
0
0
0
0
0
0
0
0
0
0
0
0
0
0
0
0
0
0
0
0
0
0
0
0
0
0
0
0
0
0
0
0
0
0
0
0
0
0
0
0
0
0
0
0
0
0
0
0
0
0
0
0
0
0
0
0
0
0
0
0
0
0
0
0
0
0
0
0
0
0
0
0
0
0
0
0
0
0
0
0
0
0
0
0
0
0
0
0
0
0
0
0
0
0
0
0
0
0
0
0
0
0
0
0
0
0
0
0
0
0
0
0
0
0
0
0
0
0
0
0
0
0
0
0
0
0
0
0
0
0
0
0
0
0
0
0
0
0
0
0
0
0
0
0
0
0
0
0
0
0
0
0
0
0
0
0
0
0
0
0
0
0
0
0
0
0
0
0
0
0
0
0
0
0
0
0
0
0
0
0
0
0
0
0
0
0
0
0
0
0
0
0
0
0
0
0
0
0
0
0
0
0
0
0
0
0
0
0
0
0
0
0
0
0
0
0
0
0
0
0
0
0
0
0
0
0
0
0
0
0
0
0
0
0
0
0
0
0
0
0
0
0
0
0
0
0
0
0
0
0
0
0
0
0
0
0
0
0
0
0
0
0
0
0
0
0
0
0
0
0
0
0
0
0
0
0
0
0
0
0
0
0
0
0
0
0
0
0
0
0
0
0
0
0
0
0
0
0
0
0
0
0
0
0
0
0
0
0
0
0
0
0
0
0
0
0
0
0
0
0
0
0
0
0
0
0
0
0
0
0
0
0
0
0
0
0
0
0
0
0
0
0
0
0
0
0
0
0
0
0
0
0
0
0
0
0
0
0
0
0
0
0
0
0
0
0
0
0
0
0
0
0
0
0
0
0
0
0
0
0
0
0
0
0
0
0
0
0
0
0
0
0
47
36
39
44
28
38
40
40
46
37
36
37
29
46
35
37
42
37
35
39
29
32
32
39
42
31
49
37
32
32
33
42
46
29
32
38
41
33
39
45
23
39
30
31
34
44
24
36
34
30
24
35
30
25
27
36
37
38
32
29
33
23
36
34
39
26
23
36
25
35
34
37
32
28
42
34
32
25
34
39
30
26
28
37
38
34
38
34
33
27
29
36
28
29
21
35
32
30
30
32
46
23
31
33
25
30
30
20
27
28
30
26
36
35
28
27
22
24
33
27
27
28
27
25
30
35
23
35
31
29
33
31
24
29
14
37
32
42
29
24
27
26
25
24
34
28
25
30
27
23
32
32
27
23
21
32
29
34
30
38
32
24
30
37
28
30
22
20
19
31
27
28
34
28
31
21
33
24
39
19
25
24
24
24
25
33
24
34
25
28
27
29
22
27
29
24
37
24
26
28
34
28
33
27
41
27
28
27
20
32
25
28
28
32
21
25
27
33
43
36
23
16
23
26
26
30
32
21
27
16
26
32
34
32
22
26
22
14
24
25
29
28
22
19
19
31
23
31
36
31
22
34
25
26
31
26
25
24
22
23
24
35
28
34
28
33
30
24
17
31
23
29
33
22
33
25
31
22
26
18
23
19
22
29
31
31
27
32
21
22
26
31
36
21
31
22
35
27
20
32
16
25
19
23
15
25
29
27
21
22
21
29
36
27
17
29
27
31
28
28
23
33
18
26
28
27
22
31
26
24
20
23
25
18
31
30
33
26
31
26
24
34
30
28
37
28
25
26
31
23
29
36
27
26
28
34
23
34
31
30
30
29
26
32
25
29
22
31
21
39
19
28
26
20
29
21
31
26
26
21
27
30
27
23
21
19
32
21
26
29
31
35
35
24
27
25
28
22
24
22
25
25
27
37
29
25
26
26
23
23
24
24
25
28
26
42
33
23
28
31
25
28
27
32
20
24
25
32
28
24
33
24
27
27
24
37
28
37
24
30
36
35
31
28
18
33
28
34
37
19
27
26
23
24
25
15
29
31
29
28
32
33
31
27
30
22
25
24
30
36
34
20
38
27
31
33
32
24
29
19
28
34
23
36
28
24
27
27
37
23
30
23
31
25
28
29
33
30
35
27
21
27
31
23
24
32
30
25
30
30
19
28
27
28
34
28
22
31
29
35
27
27
27
38
33
29
23
23
36
27
26
30
25
30
15
28
29
23
25
24
24
27
33
35
21
44
30
30
35
35
33
27
23
26
26
24
27
31
20
23
28
28
22
24
22
37
31
30
29
26
22
31
27
26
34
20
29
17
33
28
34
41
31
25
27
31
29
34
26
38
23
23
28
37
35
29
34
30
26
32
25
24
33
38
38
25
30
24
37
28
29
22
22
36
29
28
32
21
28
27
27
34
25
21
21
31
35
23
36
33
36
30
33
32
31
26
26
29
22
29
31
30
29
32
28
26
28
18
29
38
24
35
36
33
42
34
38
32
41
40
28
22
27
21
26
23
40
28
25
31
36
35
31
30
22
33
33
31
32
35
28
27
27
37
27
35
38
19
20
33
31
28
28
32
32
36
23
23
28
38
31
31
12
28
27
40
34
26
22
37
34
27
33
22
27
28
37
27
31
30
30
30
39
29
27
29
30
36
25
29
35
26
36
46
37
22
34
27
33
31
29
35
29
31
26
29
29
32
37
21
34
30
36
25
31
44
36
40
39
38
35
25
32
21
26
28
46
38
28
31
25
33
37
40
33
24
32
41
25
27
26
25
32
28
31
32
27
24
33
30
32
48
34
25
32
35
24
29
22
29
26
41
34
24
31
39
27
32
31
37
25
32
43
39
32
34
34
33
44
27
37
23
32
30
28
45
38
22
27
26
31
30
25
34
32
32
35
35
29
25
30
34
24
30
31
32
32
37
24
25
26
26
29
22
29
37
33
39
29
29
39
38
34
26
35
42
33
38
38
35
32
32
33
26
37
27
29
36
29
44
40
39
29
30
23
29
27
31
32
33
37
29
32
36
42
30
38
24
40
44
35
35
33
35
42
33
31
33
25
33
40
35
37
45
25
25
46
33
26
34
45
36
30
53
30
35
37
32
41
28
39
27
34
40
34
30
24
30
32
33
27
34
33
41
27
29
41
35
36
23
28
28
31
27
39
40
22
47
37
39
31
28
33
39
31
28
44
28
34
41
37
35
37
34
37
29
33
28
32
29
38
34
33
30
37
32
31
28
33
25
37
35
40
42
34
33
34
44
41
39
27
27
26
29
24
28
32
36
28
39
32
43
40
24
40
37
25
32
51
39
27
38
35
31
36
38
24
24
27
42
34
35
34
25
26
35
34
40
34
35
34
37
25
38
34
31
24
38
29
26
27
36
29
34
28
31
45
37
32
25
49
37
30
33
25
31
36
39
38
37
43
30
32
31
26
21
44
41
41
29
39
35
34
27
41
42
28
23
32
40
31
45
34
41
34
48
31
41
28
37
40
27
31
55
35
46
37
34
40
32
46
34
38
36
30
42
39
41
33
31
39
38
41
44
33
27
52
34
30
47
38
39
35
27
26
40
29
36
39
46
29
38
33
37
34
33
29
39
43
41
45
34
36
41
38
47
37
26
46
31
34
42
36
31
44
44
33
35
37
42
33
40
31
33
42
33
31
28
49
44
40
37
42
41
33
39
30
40
47
41
40
56
46
41
36
41
37
43
31
38
31
34
38
42
46
39
48
37
45
34
28
30
43
37
35
46
32
38
38
38
51
38
38
45
41
24
43
45
41
46
29
28
38
43
52
53
53
47
46
38
58
37
37
46
34
39
42
46
39
43
38
44
41
40
43
40
36
32
48
47
37
49
42
36
42
35
41
35
32
38
32
50
32
56
44
51
44
42
51
50
43
48
34
46
55
47
38
48
48
41
37
53
46
35
30
36
37
54
41
49
50
57
48
51
57
42
58
50
52
45
46
44
44
49
48
34
42
52
40
41
49
46
52
61
43
55
36
57
33
57
33
47
46
35
55
40
56
50
40
41
47
44
62
34
48
52
46
53
50
55
53
48
45
46
47
37
49
36
50
41
43
54
45
60
57
54
38
50
60
40
55
54
42
43
62
40
55
43
52
49
48
41
56
56
47
55
69
62
81
68
57
56
47
53
65
60
47
56
56
55
50
59
46
61
55
55
63
56
62
61
49
49
44
57
56
53
64
42
50
44
46
62
55
44
62
53
60
61
63
50
62
65
63
61
67
73
84
58
62
70
61
52
54
48
57
56
57
76
68
49
65
72
49
49
70
76
65
67
68
63
51
58
50
61
56
73
66
67
58
66
60
68
62
66
59
59
53
60
67
45
66
64
64
49
64
66
64
61
71
64
66
51
86
68
47
68
62
61
65
62
83
62
75
80
68
82
65
69
71
68
70
53
77
62
70
53
59
78
71
59
75
65
75
77
66
83
60
69
63
67
71
79
76
94
63
75
69
61
74
62
68
68
72
64
71
76
69
75
65
74
54
76
78
76
65
78
69
80
73
69
91
71
80
83
77
73
88
80
61
82
86
75
80
88
68
83
77
67
68
73
83
93
76
85
71
67
62
65
57
87
88
88
78
67
88
62
88
81
82
87
75
79
79
82
73
68
63
75
80
66
73
87
70
84
83
96
89
90
100
88
81
85
80
93
95
111
79
70
71
80
73
84
87
80
86
73
96
88
80
73
76
81
102
81
94
91
79
86
86
82
87
87
84
79
87
90
76
90
91
93
88
87
90
80
95
79
90
87
75
76
78
89
106
84
91
86
81
90
85
75
101
81
104
88
85
102
99
79
92
72
89
89
90
90
89
92
95
102
83
107
83
100
96
80
81
90
101
93
108
93
94
95
82
97
98
98
95
89
99
97
103
70
106
86
105
87
105
82
93
110
102
97
109
105
103
89
90
113
92
85
105
91
74
93
89
105
100
101
87
114
111
100
90
92
105
99
106
92
114
96
91
106
76
80
101
99
108
100
90
111
73
86
90
102
93
105
92
92
93
97
102
112
138
98
103
113
112
94
91
109
104
89
99
93
101
100
112
117
98
109
95
87
100
101
91
102
121
101
101
105
121
108
92
101
121
98
113
106
101
91
105
79
97
101
101
90
97
98
108
106
105
109
102
113
99
119
92
110
85
119
118
93
108
106
107
93
99
113
105
88
107
97
95
94
90
119
95
98
90
99
96
115
99
88
96
93
88
113
112
99
83
92
105
95
109
113
88
92
107
92
108
95
111
104
105
101
107
96
97
95
95
104
116
97
112
104
100
106
110
98
98
105
96
91
94
105
94
105
100
108
82
106
111
95
100
77
95
103
109
112
93
112
96
92
101
97
104
103
124
104
107
115
93
106
100
98
94
100
91
94
86
108
93
86
100
96
102
85
109
105
83
116
85
82
87
125
87
90
107
96
80
107
81
109
115
89
99
95
96
79
100
96
110
89
95
95
92
102
97
123
103
85
99
104
97
101
78
107
90
95
100
90
90
97
84
94
92
87
99
101
101
110
96
94
89
85
114
93
98
109
93
72
99
114
109
108
97
82
94
88
85
88
86
99
96
94
93
87
94
93
100
105
100
106
98
88
104
94
94
90
90
96
86
103
87
106
96
85
83
78
107
78
100
77
83
92
81
86
90
94
73
90
91
74
98
77
71
98
90
79
78
70
79
97
90
86
84
85
92
69
97
88
88
82
86
82
84
78
83
92
70
95
73
95
90
89
90
70
73
91
84
65
94
79
86
87
89
86
81
75
99
86
69
93
84
71
85
95
63
96
76
81
78
68
76
76
74
74
73
94
82
81
76
86
71
82
80
69
82
93
89
86
70
88
80
73
74
78
81
73
76
73
78
73
68
74
78
99
58
77
73
80
74
66
90
71
64
84
67
73
81
62
66
65
61
84
68
76
72
78
69
72
66
64
68
74
63
80
62
75
81
85
79
89
63
79
82
82
69
67
71
72
86
73
60
79
83
100
60
73
75
77
58
56
52
58
69
85
81
77
69
73
69
68
70
79
77
63
66
78
79
79
63
76
58
78
78
71
63
55
72
71
59
65
66
89
60
59
72
52
51
70
59
71
75
65
58
63
65
81
70
65
68
66
93
47
79
64
82
68
67
81
65
58
73
67
79
62
62
72
81
76
75
68
67
67
48
58
64
57
68
60
68
58
62
62
57
52
72
52
54
57
65
44
61
66
86
55
57
45
52
67
69
60
60
69
46
64
57
52
54
40
65
53
51
65
59
59
68
39
59
63
55
53
60
52
62
61
58
56
63
54
62
61
70
57
53
68
48
43
60
64
49
52
54
75
46
57
53
56
64
61
60
53
61
67
46
58
52
59
61
62
63
57
48
45
61
76
56
65
62
46
56
72
59
62
61
60
63
70
61
52
55
69
63
61
52
60
61
60
67
53
53
56
55
64
50
52
45
65
59
48
60
51
65
59
54
60
61
54
59
45
51
58
53
58
48
54
46
51
52
63
46
48
35
46
52
54
40
65
46
52
59
53
62
58
63
54
64
51
69
54
59
66
59
52
63
54
39
59
55
50
64
57
56
52
62
44
43
53
56
49
42
48
59
53
58
58
57
42
63
50
47
42
44
63
51
70
50
43
53
49
52
65
59
51
50
42
64
54
55
67
45
63
50
67
58
63
57
53
55
58
51
51
46
40
48
50
43
62
47
51
68
59
59
58
44
45
52
46
48
60
49
53
47
35
42
30
50
42
30
47
54
61
50
51
53
41
51
53
59
42
44
67
51
62
49
63
50
48
54
61
53
56
54
54
45
46
34
57
48
52
48
49
50
62
49
49
49
52
38
72
53
52
42
50
50
51
53
49
46
48
52
60
57
48
38
50
54
59
39
45
56
58
53
39
50
57
53
49
49
56
55
50
67
56
52
39
50
65
46
59
56
52
60
51
46
44
52
50
43
49
51
64
40
51
53
55
50
65
45
54
55
51
53
36
55
55
50
64
61
53
68
60
51
58
63
61
40
39
57
55
52
53
56
57
47
61
62
58
61
53
61
52
55
53
57
45
53
52
62
59
58
58
58
57
51
57
59
59
50
55
49
55
47
73
54
64
52
47
65
58
44
65
70
53
64
43
40
63
61
65
57
49
61
65
46
54
53
48
61
45
53
54
57
51
51
64
42
59
51
42
57
62
60
54
48
69
62
50
67
52
53
59
63
57
53
61
49
50
57
53
49
56
53
55
59
52
63
56
60
63
60
59
57
62
64
67
61
54
58
50
51
57
62
46
52
58
63
62
62
49
47
68
63
42
50
52
65
48
58
65
64
51
56
60
55
51
57
59
59
57
65
66
60
73
59
75
61
49
61
59
61
60
41
63
62
64
59
60
61
60
61
65
69
55
66
76
64
60
71
62
61
53
47
63
55
50
47
46
37
58
65
70
57
60
68
47
67
54
51
53
51
52
59
52
49
52
51
64
63
59
77
54
58
67
61
49
65
66
64
71
55
50
64
67
50
54
67
55
69
60
65
53
60
65
64
61
62
59
63
77
54
56
63
56
50
58
54
68
64
66
66
70
70
65
68
59
53
85
57
71
69
57
61
54
65
65
70
65
74
62
58
56
57
68
69
57
58
44
76
75
66
59
64
75
67
63
62
77
64
58
58
66
69
55
59
56
64
67
67
73
65
62
78
73
68
71
75
71
73
73
60
81
71
62
62
78
81
68
64
77
66
73
62
65
74
52
68
79
71
63
84
67
82
68
80
63
81
77
74
65
70
68
71
76
56
76
76
76
68
60
61
63
65
66
67
69
73
63
66
61
70
72
64
59
63
61
81
61
74
86
51
56
69
75
80
86
76
71
82
76
55
79
79
69
60
76
85
59
81
80
70
59
59
89
94
63
62
80
69
81
81
69
73
79
71
51
68
84
53
81
61
90
67
68
91
85
79
76
76
72
74
65
79
67
90
68
62
62
64
78
86
71
74
61
98
66
68
69
72
92
76
67
70
78
72
69
90
75
83
75
93
64
86
84
83
77
74
90
84
75
87
79
83
75
77
83
93
74
94
75
88
92
72
81
82
101
86
74
80
74
79
83
80
67
86
96
77
79
67
88
87
89
74
82
79
76
83
89
96
90
93
81
86
70
84
82
74
100
79
80
77
84
83
85
83
84
81
77
86
81
76
89
73
86
89
90
86
92
77
95
60
71
83
78
95
90
87
86
92
90
82
66
86
73
70
95
90
103
88
83
80
90
68
101
99
102
88
89
90
92
87
86
84
118
89
88
98
92
90
89
82
90
101
94
98
98
100
111
81
86
72
96
93
103
105
80
86
78
82
83
89
96
87
85
80
100
93
86
84
93
77
85
95
86
80
88
92
95
81
82
96
75
88
104
83
94
95
100
78
104
96
100
91
81
93
95
84
80
85
112
73
93
91
84
97
91
95
83
88
94
101
94
81
85
96
79
114
112
99
102
93
96
97
98
85
103
96
89
94
107
84
84
98
83
95
125
98
79
79
117
83
77
98
74
94
95
107
101
89
103
88
98
94
99
94
118
89
98
88
121
91
83
86
105
102
94
121
90
103
89
110
93
96
110
103
94
103
87
86
110
106
111
102
107
89
95
114
97
100
91
111
104
89
103
125
112
107
84
92
92
111
98
97
109
106
101
109
100
94
100
102
113
130
98
93
106
105
110
127
105
112
104
91
99
102
91
123
113
117
100
102
108
89
96
91
113
114
116
106
95
100
120
112
113
106
106
128
124
112
114
89
107
120
99
105
97
112
124
112
119
94
102
111
121
116
106
121
104
101
107
115
144
105
113
105
115
112
112
99
129
109
131
123
112
110
110
106
97
110
110
125
112
126
119
110
129
107
126
129
107
121
113
100
121
116
128
130
112
116
119
93
130
129
116
117
121
104
135
123
120
134
111
138
117
109
104
141
109
118
104
113
152
100
117
124
130
122
112
101
117
105
125
122
113
122
127
119
109
110
138
116
135
129
127
126
105
128
104
142
126
131
121
120
125
122
118
132
119
121
124
125
118
111
113
126
110
117
142
126
130
152
122
135
124
121
137
117
110
135
131
111
138
132
147
132
119
110
132
122
138
139
143
155
148
143
123
135
143
134
129
140
148
117
158
112
144
147
134
113
125
125
119
133
110
133
149
137
121
137
154
150
134
137
149
122
124
118
144
136
132
139
133
140
144
142
151
157
142
145
152
161
144
141
165
141
144
130
121
151
148
162
144
146
142
157
137
125
145
160
144
166
157
148
158
138
136
173
135
162
151
155
159
145
139
149
146
151
153
152
136
153
150
147
149
143
166
153
149
164
163
162
165
150
155
130
156
169
156
160
193
164
155
160
143
167
134
167
141
161
149
163
160
150
171
157
167
166
164
177
151
157
156
160
165
145
140
165
155
159
166
168
161
170
175
181
193
182
166
173
169
174
158
175
153
140
194
197
191
151
169
172
171
182
193
182
143
176
188
161
181
204
171
172
169
172
177
203
167
157
169
187
182
177
171
181
207
198
188
182
177
199
182
202
190
175
183
196
179
194
196
189
207
184
211
199
167
193
201
193
195
194
202
189
192
220
201
204
180
208
212
194
187
197
217
202
186
187
195
256
207
217
190
206
200
178
225
203
210
197
192
223
216
214
188
196
232
219
206
208
191
198
193
212
208
232
221
208
216
215
205
225
215
213
209
219
193
201
243
208
199
195
222
213
208
200
206
220
213
226
193
223
207
240
235
212
213
208
245
245
212
212
209
213
235
232
235
212
229
218
228
244
219
217
250
236
221
224
233
252
226
227
213
235
284
243
231
230
228
265
241
249
262
238
223
227
209
246
269
233
237
245
231
236
255
234
276
258
236
242
273
237
242
278
260
248
253
257
249
262
262
255
263
255
261
273
254
263
265
259
260
253
267
239
251
232
283
266
237
253
291
276
272
289
261
298
214
283
250
264
276
249
285
269
271
284
278
289
248
279
260
286
281
252
262
276
304
277
273
302
281
274
296
295
281
288
254
286
316
267
303
300
310
308
304
319
288
271
302
282
297
305
268
288
296
279
282
274
318
307
271
286
323
283
312
320
302
280
288
319
302
315
310
281
343
316
311
306
315
312
315
313
302
294
335
298
329
334
321
339
325
315
308
321
335
321
324
340
335
330
356
303
371
348
304
287
332
321
331
327
327
295
301
347
322
303
345
324
335
343
331
301
343
318
333
314
356
330
318
336
347
353
340
304
328
334
311
340
344
358
359
374
357
363
316
341
331
345
379
369
342
361
313
338
361
374
321
380
352
349
357
351
370
328
359
372
355
348
350
343
368
389
369
358
347
346
335
357
349
365
387
363
373
368
355
405
370
383
360
339
364
365
348
363
329
375
386
397
383
365
347
373
369
412
387
387
387
380
348
409
361
411
356
372
404
377
380
386
416
370
391
430
378
388
382
401
388
393
375
382
392
339
375
394
446
399
415
384
397
414
404
418
428
390
396
430
401
416
424
406
439
391
389
404
427
413
377
420
421
397
396
405
431
384
396
408
457
387
419
459
380
396
423
423
411
404
422
442
411
433
434
418
397
456
451
422
413
421
426
381
439
398
409
422
426
410
424
401
411
472
417
454
416
433
405
454
413
441
424
409
430
424
427
454
404
426
450
428
438
447
478
471
427
419
413
428
430
420
427
447
440
475
419
442
475
468
425
417
484
478
470
403
415
437
449
438
438
455
435
432
436
469
476
445
452
420
437
462
477
439
466
456
473
482
477
493
435
430
430
485
450
461
443
467
456
442
431
456
428
427
439
462
446
459
453
482
420
457
442
487
442
425
494
535
458
464
428
440
459
470
441
433
462
459
483
464
457
440
463
456
476
454
439
452
431
422
463
470
476
453
468
478
503
466
484
474
507
472
467
459
470
492
525
490
494
483
488
476
404
446
471
456
507
489
495
424
490
471
474
457
529
448
511
473
459
485
487
479
475
491
484
489
467
506
496
474
474
490
498
444
478
488
499
546
483
479
455
460
477
490
469
474
483
465
462
465
471
473
450
486
478
459
433
518
448
443
498
509
468
481
474
473
473
500
464
461
460
458
480
490
487
449
469
439
430
491
484
492
495
494
459
467
513
441
477
512
472
443
477
527
469
478
488
484
489
480
473
432
507
478
463
493
484
460
507
480
517
485
470
520
478
474
504
483
501
469
450
477
474
422
474
509
503
461
458
484
495
485
478
465
473
493
479
466
467
466
461
509
496
416
462
498
492
475
467
458
507
454
452
439
477
445
460
469
482
471
425
452
443
439
424
434
464
504
446
486
467
476
485
463
462
432
474
503
504
452
478
484
451
480
498
444
491
481
486
466
487
521
415
481
435
478
457
477
426
471
444
466
490
454
430
489
487
490
432
470
465
415
465
450
443
444
462
449
442
429
469
468
456
449
445
461
453
441
461
465
434
435
479
402
472
479
457
463
490
430
437
460
468
429
476
434
428
482
432
429
460
413
464
469
437
432
448
457
454
445
471
449
445
464
426
481
422
436
426
423
443
443
435
392
426
438
416
417
424
458
482
411
421
424
431
413
410
421
433
434
428
435
423
435
408
409
397
433
427
406
433
436
435
426
448
425
442
385
392
393
432
401
438
449
433
442
394
426
423
368
389
395
395
434
373
418
398
415
431
419
453
414
385
408
420
438
402
437
392
382
351
426
376
408
426
435
399
367
400
391
424
408
379
406
435
402
373
394
368
400
389
358
366
363
384
387
403
363
375
366
358
368
393
376
385
367
396
359
368
403
347
363
343
389
389
389
405
377
367
371
383
360
373
355
349
327
352
347
363
364
354
406
361
386
397
337
381
390
327
374
311
368
345
353
368
372
327
355
363
345
335
383
318
375
317
330
319
346
372
388
360
323
342
343
363
303
343
334
338
329
335
330
310
361
329
357
358
306
334
338
312
335
343
344
338
345
352
320
329
348
326
286
303
327
327
325
317
341
295
353
276
299
309
282
297
319
319
311
316
347
316
326
294
293
300
326
329
327
307
310
321
335
343
275
379
295
316
308
284
296
279
296
338
287
299
315
318
279
308
293
286
313
284
259
302
315
297
301
295
293
280
315
280
294
284
280
301
301
267
291
302
276
285
308
285
268
278
278
278
296
283
277
275
270
263
285
261
283
265
294
269
272
304
253
291
290
275
299
258
246
252
269
265
283
268
273
262
287
252
274
270
269
225
248
274
247
261
261
248
244
241
272
237
216
258
267
250
222
247
264
248
233
251
238
229
263
245
219
232
233
288
260
260
240
264
230
279
242
254
236
243
263
248
255
266
240
227
233
227
238
248
243
237
247
240
226
228
233
207
230
240
222
224
236
235
216
245
222
238
208
219
232
232
222
197
223
244
203
213
182
229
221
208
221
215
205
226
223
219
203
171
217
223
197
220
210
231
202
226
185
202
213
212
223
208
225
183
198
187
182
208
198
222
195
185
177
203
207
189
183
194
222
177
179
212
225
201
175
170
192
211
184
169
179
165
162
159
192
190
187
183
159
145
193
163
159
174
191
157
186
161
178
167
192
181
200
164
176
168
174
189
163
179
174
162
171
190
158
173
183
163
182
171
180
177
151
169
189
164
182
144
163
158
160
189
166
178
166
153
169
150
149
161
182
148
154
171
155
181
152
154
150
136
152
145
124
149
145
151
145
139
133
152
135
153
147
145
170
150
138
156
157
150
164
129
138
148
153
143
152
159
160
138
155
159
153
145
156
152
150
142
135
131
128
131
137
137
141
139
121
135
124
121
129
132
122
116
116
115
125
134
144
133
131
120
140
135
105
116
108
117
129
128
124
127
128
141
117
130
136
132
124
125
128
116
126
112
116
144
111
116
120
119
131
116
107
133
117
117
108
114
96
110
112
112
108
103
118
113
106
101
125
113
105
97
99
105
117
104
131
105
129
116
95
109
107
94
110
86
91
114
81
122
104
89
90
119
101
94
108
103
111
112
91
89
91
94
92
101
112
92
93
103
108
96
94
91
81
93
94
97
87
88
95
76
99
96
80
92
98
103
100
95
96
89
72
83
99
95
92
89
96
91
82
99
94
101
76
119
78
90
98
89
90
93
94
86
90
86
101
70
79
102
87
89
96
78
97
91
83
77
90
83
79
80
73
86
67
87
78
72
78
73
71
87
86
85
75
81
90
75
80
68
80
59
77
74
44
81
69
87
77
65
72
67
75
76
71
84
74
73
64
62
64
67
76
96
59
73
75
64
57
67
68
59
76
69
79
66
69
69
62
62
73
75
82
86
60
59
58
56
45
70
58
61
69
71
75
62
58
66
73
63
66
60
62
67
65
64
72
57
65
43
71
64
51
54
50
51
71
58
64
56
58
70
50
57
60
54
60
63
56
45
51
48
55
67
65
61
70
58
57
49
64
62
51
45
55
51
48
45
49
55
71
48
53
54
40
46
62
56
49
43
49
50
36
57
43
59
61
55
42
51
49
53
53
61
57
46
47
50
43
34
58
47
42
41
52
32
53
43
52
54
50
49
53
51
64
41
39
49
40
39
51
42
36
53
48
35
46
49
41
41
47
59
39
50
43
46
31
44
46
39
52
50
47
32
42
42
49
41
32
44
39
48
46
36
38
41
47
35
26
46
44
47
48
42
40
45
37
41
30
39
29
41
38
27
39
44
49
46
41
33
35
27
38
47
35
37
29
36
46
38
37
32
42
36
43
39
30
36
32
25
35
26
28
38
24
30
34
29
33
31
34
29
28
42
35
27
30
35
28
29
26
30
35
26
34
29
37
40
33
31
36
43
31
18
32
27
39
33
33
35
34
22
30
28
35
29
20
27
26
32
37
31
27
32
27
27
35
39
29
38
25
21
30
17
26
21
27
32
30
32
29
25
36
28
28
31
22
28
31
27
24
24
27
27
26
19
27
31
26
21
26
29
33
28
30
25
17
20
26
31
22
26
25
26
23
24
27
21
27
30
13
23
20
22
28
28
28
23
25
29
21
27
20
11
25
22
24
26
19
19
15
24
23
24
26
21
33
14
24
22
20
22
16
22
21
17
17
20
20
25
26
19
27
21
12
19
20
19
13
14
22
21
24
15
14
23
29
20
17
7
21
18
19
30
18
12
25
13
22
24
17
21
17
17
19
21
27
25
27
21
28
20
18
20
18
27
20
14
15
24
24
16
19
19
20
17
15
14
21
13
18
19
30
16
21
19
13
17
22
10
18
18
16
16
11
13
19
15
20
20
21
13
11
14
20
23
9
18
21
13
17
16
17
17
16
11
13
23
19
15
11
13
14
14
20
12
14
15
16
15
18
16
11
18
17
11
17
15
14
24
15
12
7
12
16
11
19
15
7
18
17
13
14
17
17
10
16
16
13
13
22
8
13
16
7
19
9
19
15
15
7
15
14
11
13
18
14
19
21
16
14
14
17
6
24
16
12
10
16
22
18
16
14
12
12
12
16
12
12
17
8
12
14
20
18
13
14
8
15
18
19
19
17
14
20
10
12
9
10
10
13
12
13
8
9
18
10
20
12
11
14
16
7
17
18
15
15
17
4
7
12
9
8
12
10
13
10
16
13
10
9
10
10
9
11
8
13
5
11
11
17
10
13
5
9
14
17
9
10
10
12
16
12
13
16
12
11
12
13
11
12
6
16
12
10
15
9
22
9
9
7
10
15
14
10
12
9
8
15
21
6
11
14
8
12
16
13
13
5
11
3
12
15
9
7
11
12
11
8
14
12
14
10
8
17
9
10
7
10
11
7
7
7
12
10
9
13
12
17
7
10
7
9
7
8
9
12
10
15
9
9
7
7
11
8
10
8
8
8
5
6
7
12
7
11
8
14
9
7
7
11
10
6
5
7
6
13
6
13
5
8
14
13
12
8
17
9
9
12
15
10
8
8
9
15
12
11
6
8
15
13
6
6
10
3
9
9
9
14
12
10
9
4
6
12
8
1
13
9
11
6
7
7
13
9
13
10
2
10
7
8
6
13
4
10
12
12
8
12
9
7
10
9
5
6
13
4
9
8
10
6
6
4
7
5
9
8
11
6
8
4
7
7
4
8
7
8
4
4
8
8
9
6
8
11
11
11
12
14
9
9
6
11
13
13
11
3
6
6
6
7
9
12
8
8
12
12
9
4
9
4
8
8
11
7
5
8
12
12
11
6
3
3
12
9
4
6
6
7
8
8
12
6
7
9
4
14
5
8
6
15
6
7
12
6
8
8
7
7
6
6
11
11
4
5
5
7
6
7
10
8
16
9
4
15
7
5
11
10
4
1
6
5
10
5
14
11
8
16
9
6
3
7
9
10
5
10
11
10
9
6
10
9
6
8
7
5
6
6
9
9
9
6
9
8
6
12
5
11
10
6
7
6
9
12
12
7
7
13
7
9
6
6
6
10
3
5
3
8
9
7
8
7
14
5
11
7
10
4
7
5
7
11
10
5
6
13
7
4
4
5
11
5
5
12
10
6
6
6
10
14
8
8
8
12
5
6
6
5
12
10
7
11
9
5
3
6
3
10
6
11
5
10
5
2
7
10
7
11
5
6
4
7
4
6
5
5
7
14
7
8
8
4
7
9
5
10
5
7
10
5
7
6
8
6
13
8
7
3
10
8
8
9
11
13
12
6
8
6
3
9
7
12
4
7
6
4
9
3
13
8
5
9
4
9
10
12
7
8
8
7
7
11
6
8
6
13
4
5
8
8
7
9
6
3
10
7
11
10
7
5
7
8
8
8
3
10
6
5
6
7
10
8
10
8
4
7
8
6
4
12
5
12
5
10
8
9
7
2
7
3
9
7
9
10
7
6
8
5
5
7
7
10
7
6
6
7
6
6
10
6
3
8
13
9
9
11
12
7
9
9
8
2
2
12
5
6
5
4
7
12
6
4
7
5
4
1
10
4
4
2
12
6
6
7
5
7
5
7
8
11
4
8
4
6
6
3
11
10
8
2
7
12
7
2
4
7
10
11
6
3
8
3
6
12
6
3
8
5
5
5
3
14
5
3
5
7
9
6
8
6
7
7
8
6
10
9
6
15
6
7
8
6
13
7
1
2
8
7
6
12
8
6
8
8
5
10
9
6
11
7
7
8
8
11
6
5
6
6
9
9
5
4
4
8
6
11
5
4
4
5
8
6
4
3
4
7
1
10
4
5
9
6
4
11
4
8
7
5
5
7
7
8
8
4
5
7
5
7
4
6
12
8
5
7
7
7
7
5
4
5
4
3
7
4
10
6
5
6
6
4
12
12
6
8
4
5
7
2
7
14
7
8
5
7
13
4
12
3
9
4
2
3
12
4
9
10
7
4
7
5
12
4
9
8
6
11
7
4
6
3
7
4
6
8
3
8
6
11
9
8
2
5
4
7
7
5
4
6
4
6
2
6
9
3
6
5
9
7
8
6
7
9
7
12
6
4
8
9
14
6
2
7
4
5
6
6
6
6
10
11
6
13
7
3
8
4
5
8
4
13
3
5
7
5
10
7
4
11
8
5
7
7
7
3
3
6
8
7
8
5
8
9
5
5
8
8
8
4
5
5
10
5
5
7
8
5
5
8
3
6
9
4
3
9
4
8
3
1
5
6
8
7
4
13
3
6
3
3
3
8
3
8
6
5
2
4
13
10
9
13
5
3
5
6
6
9
4
2
8
9
11
3
2
4
7
6
5
4
6
6
6
4
6
5
6
9
1
4
15
3
7
7
8
11
9
5
6
10
8
9
6
5
2
7
7
3
5
12
6
4
5
3
4
3
4
5
10
4
2
2
8
3
6
8
6
11
4
3
5
9
1
2
9
7
4
5
13
10
9
5
4
4
6
16
4
6
7
6
6
3
5
11
7
5
11
9
13
8
11
9
7
5
5
6
7
4
9
5
4
5
5
3
9
10
6
1
2
5
7
5
7
5
6
8
8
3
10
7
4
5
7
6
7
7
13
8
7
9
3
9
8
5
6
7
10
4
6
8
7
2
5
3
2
3
2
8
7
2
2
14
4
7
10
9
13
6
5
7
10
6
3
6
7
4
10
3
5
4
5
6
5
2
7
7
5
5
3
3
6
5
6
6
3
6
9
6
4
5
7
6
6
8
3
5
8
3
7
4
4
2
13
5
6
3
9
6
8
7
5
13
4
2
3
3
10
8
6
7
9
5
7
6
6
5
5
4
5
1
6
4
8
4
6
11
5
3
4
4
4
8
3
5
7
6
8
5
7
9
5
3
9
11
3
5
5
4
7
2
3
6
4
6
9
3
5
5
7
7
5
6
3
9
5
3
2
8
6
5
8
7
5
1
3
7
7
5
6
1
7
8
9
5
6
2
6
5
7
5
5
5
6
6
6
3
8
5
8
11
6
5
6
5
5
7
11
5
11
3
6
4
7
6
8
8
4
3
7
2
5
7
12
5
4
2
6
9
7
5
2
7
10
4
2
9
9
5
6
5
3
5
4
9
7
8
6
5
4
4
11
8
7
5
4
7
12
6
6
3
5
7
5
3
3
3
3
5
4
2
5
5
5
8
3
4
5
5
10
5
16
4
6
9
7
11
4
3
1
5
8
5
5
5
2
0
8
3
9
4
5
7
3
8
7
5
6
7
7
2
6
6
4
6
6
2
5
7
5
5
6
6