0
0
0
0
0
0
0
0
0
0
0
0
0
0
0
0
0
0
0
0
0
0
0
0
0
0
0
0
0
0
0
0
0
0
0
0
0
0
0
0
0
0
0
0
0
0
0
0
0
0
0
0
0
0
0
0
0
0
0
0
0
0
0
0
0
0
0
0
0
0
0
0
0
0
0
0
0
0
0
0
0
0
0
0
0
0
0
0
0
0
0
0
0
0
0
0
0
0
0
0
0
0
0
0
0
0
0
0
0
0
0
0
0
0
0
0
0
0
0
0
0
0
0
0
0
0
0
0
0
0
0
0
0
0
0
0
0
0
0
0
0
0
0
0
0
0
0
0
0
0
0
0
0
0
0
0
0
0
0
0
0
0
0
0
0
0
0
0
0
0
0
0
0
0
0
0
0
0
0
0
0
0
0
0
0
0
0
0
0
0
0
0
0
0
0
0
0
0
0
0
0
0
0
0
0
0
0
0
0
0
0
0
0
0
0
0
0
0
0
0
0
0
0
0
0
0
0
0
0
0
0
0
0
0
0
0
0
0
0
0
0
0
0
0
0
0
0
0
0
0
0
0
0
0
0
0
0
0
0
0
0
0
0
0
0
0
0
0
0
0
0
0
0
0
0
0
0
0
0
0
0
0
0
0
0
0
0
0
0
0
0
0
0
0
0
0
0
0
0
0
0
0
0
0
0
0
0
0
0
0
0
0
0
0
0
0
0
0
0
0
0
0
0
0
0
0
0
0
0
0
0
0
0
0
0
0
0
0
0
0
0
0
0
0
0
0
0
0
0
0
0
0
0
0
0
0
0
0
0
0
0
0
0
0
0
0
0
0
0
0
0
0
0
0
0
0
0
0
0
0
0
0
0
0
0
0
0
0
0
0
0
0
0
0
0
0
0
0
0
0
0
0
0
0
0
0
0
0
0
0
0
0
0
0
0
0
0
0
0
0
0
0
0
0
0
0
0
0
0
0
0
0
0
0
0
0
0
0
0
0
0
0
0
0
0
0
0
0
0
0
0
634
822
1082
1254
1312
1476
1450
1506
1480
1498
1456
1493
1440
1355
1390
1450
1389
1344
1399
1377
1437
1376
1398
1361
1396
1380
1406
1321
1333
1383
1310
1320
1307
1321
1303
1348
1277
1301
1339
1261
1286
1265
1327
1289
1268
1261
1293
1274
1233
1172
1206
1216
1162
1244
1151
1229
1187
1246
1204
1182
1240
1190
1188
1164
1167
1135
1217
1162
1152
1166
1157
1061
1149
1100
1186
1151
1154
1134
1041
1112
1080
1088
1068
1117
1123
1080
1057
1017
1029
1058
1029
1015
1047
1048
1039
1078
1019
1012
1057
1058
1010
1033
1047
1074
1001
1026
974
1032
974
1024
1001
992
1026
938
960
947
945
948
998
918
929
909
997
923
928
975
1009
980
1019
963
946
946
990
929
943
936
959
919
901
907
944
912
922
882
904
906
913
889
887
884
927
891
865
916
864
888
901
890
876
858
875
882
843
824
885
872
860
831
814
851
861
801
865
889
801
814
820
866
878
828
822
822
830
807
818
825
817
826
824
837
815
796
837
786
818
778
796
784
845
829
816
741
797
755
759
793
712
800
809
775
769
819
799
760
831
734
776
805
844
799
756
740
746
842
750
752
755
757
764
819
805
768
741
760
778
767
805
762
783
754
808
768
776
772
736
736
779
739
744
765
753
756
711
746
758
729
791
727
737
798
732
740
783
725
715
767
704
774
759
773
698
697
643
680
686
685
725
726
732
738
753
732
743
729
765
743
759
709
773
695
718
704
677
723
749
737
730
714
694
754
692
720
717
671
756
707
707
699
666
680
691
717
677
708
688
674
683
657
670
680
643
682
661
691
650
655
667
697
695
649
712
687
670
708
710
702
643
708
756
705
673
684
726
680
667
699
722
691
646
666
649
629
624
695
735
652
681
639
692
656
654
666
658
687
655
662
663
621
658
702
661
664
630
709
638
666
701
686
681
641
683
641
710
670
639
685
611
645
653
624
675
663
684
643
627
620
637
609
654
666
581
702
676
617
613
636
633
606
646
615
635
645
674
643
637
598
653
665
676
626
663
669
678
631
653
601
603
652
623
623
646
611
626
648
596
642
604
620
666
625
628
610
659
580
660
642
588
628
562
649
611
634
614
652
626
645
658
609
649
600
624
617
646
599
634
593
590
623
622
601
626
650
677
614
634
667
637
602
657
640
640
570
623
637
640
608
653
637
645
642
587
669
668
611
610
636
645
637
629
584
670
629
638
680
602
666
634
673
658
655
645
657
613
649
676
676
633
689
628
654
653
652
667
588
621
629
628
595
641
596
656
616
622
651
612
580
609
664
660
715
669
603
621
610
651
648
594
653
630
616
651
612
654
594
600
620
596
701
640
622
612
644
683
651
649
611
600
654
622
634
642
643
650
665
648
661
670
620
637
620
598
636
660
622
611
629
660
605
626
594
612
631
601
658
673
676
616
653
679
635
630
657
694
654
703
645
723
694
700
674
699
710
669
719
737
685
719
720
694
727
694
716
725
758
725
710
717
692
689
678
705
735
733
739
711
722
764
712
769
763
701
703
701
713
738
747
708
703
707
729
723
774
719
717
757
720
722
721
746
710
725
721
708
733
797
813
805
754
760
790
747
810
753
787
775
759
752
756
740
832
777
782
776
748
784
791
696
816
818
809
778
805
783
742
785
817
763
803
799
791
770
805
785
831
809
792
791
816
828
739
836
806
838
848
829
797
834
808
857
884
803
857
834
864
839
786
905
856
799
831
911
897
868
906
861
903
863
862
861
842
949
920
907
901
903
870
839
952
890
927
857
932
859
921
903
849
929
908
879
895
924
1001
926
931
924
914
985
987
1004
984
945
918
922
944
887
927
884
955
950
947
931
971
928
940
910
908
979
965
945
971
922
883
928
988
906
954
951
1001
925
989
904
955
1028
973
1005
928
1006
989
997
971
922
997
930
921
1009
985
1002
983
1005
983
954
1010
1024
1001
960
969
924
980
1002
988
998
942
972
976
981
956
984
975
994
981
989
955
1029
967
958
996
979
981
977
1036
995
1005
966
1008
924
1012
992
966
977
970
944
972
995
989
932
974
1011
978
907
982
926
910
984
984
982
980
964
945
933
923
972
932
1017
959
982
965
920
950
992
986
954
1011
944
1013
944
928
928
913
949
981
860
887
869
895
930
883
926
879
874
910
863
942
860
828
875
890
871
860
884
858
841
843
870
973
874
870
861
896
893
805
856
891
890
803
883
839
782
868
823
874
758
798
845
828
814
786
780
792
801
743
781
758
783
744
832
813
769
763
736
849
775
763
779
750
763
806
731
783
750
746
712
718
687
742
716
719
710
758
733
723
714
701
659
686
694
645
701
653
695
704
701
720
717
694
680
662
663
737
682
725
666
680
661
702
660
632
672
671
670
662
681
643
663
694
638
627
642
622
629
617
656
633
597
618
613
616
606
626
627
649
672
592
578
581
613
590
599
564
563
578
560
586
594
532
571
572
546
573
554
535
566
529
518
513
513
550
505
533
538
554
565
526
534
507
527
505
498
512
526
475
468
506
449
486
482
522
483
490
464
443
455
474
469
440
452
441
434
488
458
444
432
425
451
469
453
472
431
442
432
413
474
457
443
461
416
469
439
437
398
416
388
377
414
360
413
390
381
397
394
404
372
405
370
400
362
406
382
364
382
367
355
385
392
369
388
399
372
370
418
395
402
413
380
418
355
374
368
386
325
399
345
362
334
335
370
388
376
354
350
346
308
330
343
323
359
363
345
325
332
340
328
311
339
289
332
345
327
319
332
296
302
290
282
279
310
275
298
332
307
289
302
297
314
324
302
293
297
298
282
281
318
307
300
302
307
272
253
281
288
295
332
279
294
280
253
267
273
272
265
274
285
251
293
263
280
272
266
255
264
245
294
262
283
279
290
268
283
259
276
272
276
268
284
272
244
267
279
254
289
255
230
248
250
266
250
253
233
276
253
252
262
281
270
246
279
240
250
261
274
275
259
274
257
242
272
269
238
267
259
276
261
251
268
235
250
268
240
259
247
230
296
250
267
244
264
265
277
249
279
287
248
259
250
217
217
243
225
255
239
219
262
219
238
264
239
242
231
233
221
221
229
253
242
240
229
229
263
259
253
238
256
215
220
236
264
243
234
263
247
267
234
261
234
238
241
255
267
201
214
243
249
233
267
252
255
242
254
225
219
241
289
246
226
250
248
226
257
269
235
232
239
255
238
255
235
250
270
237
244
236
239
228
259
242
230
242
264
235
224
229
250
273
265
264
238
270
239
233
217
240
205
251
254
227
256
252
233
248
220
244
244
243
245
233
275
255
251
246
295
232
249
241
297
252
267
267
281
258
241
279
253
237
280
241
255
241
251
258
248
238
233
253
250
278
272
249
251
272
252
257
261
287
239
261
252
270
263
232
256
229
259
247
239
248
248
273
256
269
246
260
262
256
261
247
270
242
245
263
260
250
253
251
248
270
249
243
245
242
250
261
268
271
281
263
288
257
266
264
240
319
246
282
280
289
253
273
276
272
264
244
274
289
286
300
271
277
262
271
250
274
229
287
272
297
271
288
282
273
326
298
271
262
255
257
287
256
272
268
280
263
266
265
288
283
294
261
300
271
261
294
321
307
267
304
283
261
294
287
300
314
297
310
270
288
280
258
271
266
303
258
287
269
276
312
256
305
273
260
280
270
246
285
289
313
292
311
305
316
319
292
282
298
274
303
322
310
298
303
327
319
338
307
312
269
333
304
316
320
299
310
323
300
284
307
300
290
309
275
325
336
336
305
333
337
335
311
298
322
283
344
343
310
316
308
316
331
344
320
344
305
337
324
310
315
313
282
315
319
354
324
347
322
302
302
350
354
346
344
332
369
322
313
318
357
341
336
350
374
353
357
364
374
350
326
326
366
341
357
356
363
333
334
359
342
325
351
358
354
364
333
345
355
364
364
353
337
362
321
357
371
371
339
386
381
355
355
331
338
333
383
306
355
358
373
330
340
357
381
388
343
360
360
349
357
388
367
345
332
358
379
360
370
388
346
368
365
369
385
363
379
435
413
352
409
398
394
393
419
387
362
379
335
368
377
392
380
420
365
411
409
388
431
381
399
413
376
424
426
441
444
441
414
433
403
392
435
409
441
421
392
405
411
415
438
437
423
409
436
458
430
403
450
465
423
443
450
418
479
454
438
448
433
424
489
447
455
459
450
473
472
479
476
462
492
459
474
498
496
456
466
496
448
490
480
479
474
478
469
485
495
528
491
478
481
516
490
511
481
515
486
504
515
544
526
480
473
493
495
512
509
522
514
485
521
492
508
511
498
537
511
524
493
548
568
523
574
539
553
511
513
579
606
616
560
611
555
561
552
537
539
591
567
571
595
543
609
621
566
626
575
574
603
606
618
627
623
589
586
639
622
609
626
622
608
634
578
640
624
607
606
617
672
687
645
649
648
621
662
666
713
671
685
707
657
682
694
579
658
709
733
670
691
712
664
666
692
683
747
697
676
719
693
653
654
738
761
701
716
765
762
728
686
723
702
732
706
815
790
684
744
737
769
752
756
730
751
731
735
765
770
775
785
775
727
760
787
773
751
780
813
779
825
766
824
836
803
849
789
847
803
762
761
819
803
802
814
834
816
828
820
845
833
834
832
888
830
840
872
865
912
838
861
894
851
852
863
881
865
888
876
830
832
868
909
864
862
897
851
951
935
920
920
897
914
857
963
907
894
938
906
918
932
906
873
950
919
934
986
947
936
949
934
998
953
873
875
980
919
1018
939
939
934
976
966
1003
1001
965
953
973
1017
960
953
925
981
1004
968
965
983
949
999
955
1030
1029
965
1039
1015
1026
1011
1036
1027
1020
1010
960
1029
1008
976
995
1023
1038
1007
988
979
1048
1018
1024
1040
994
1003
1028
1066
1083
1043
1069
1002
1059
1026
1017
1066
1075
1045
1009
1012
1066
1054
1021
1035
1084
1077
1059
1032
1145
1058
1047
1018
1032
1032
1071
1073
1102
1062
1100
1070
1022
1086
1010
1037
1074
1095
1071
1064
1064
1032
1098
1048
1073
1079
1118
1063
1032
1099
1011
1078
1063
1089
1000
1024
1019
1021
1074
1026
1023
1102
1058
1108
1089
1042
1069
1104
1042
1058
1055
1021
1078
1087
1030
1116
982
1088
1111
1085
1014
1043
1113
1027
1010
1054
1098
1105
1075
1074
1095
1016
1030
1038
1055
1055
1094
1000
996
1001
1080
1040
1025
1100
981
1022
1037
1006
1015
1024
960
984
1009
988
1024
1054
1055
965
973
1017
1040
1094
1046
1012
1029
1013
1021
1029
996
1034
1002
1017
946
953
1013
967
1002
988
1042
942
994
1023
951
972
980
989
1011
1013
960
976
998
951
967
917
984
954
976
959
943
893
1029
967
964
915
1010
933
878
984
899
960
902
944
920
919
888
978
917
944
891
909
904
886
950
851
892
910
911
952
856
897
944
875
796
847
849
915
836
901
856
833
898
917
874
838
894
855
850
799
810
875
823
845
854
831
826
875
792
824
793
804
799
874
839
822
794
765
752
814
816
808
792
767
770
719
728
737
785
773
803
799
783
804
757
725
740
766
819
705
765
741
698
706
667
729
703
662
773
742
677
700
705
694
709
715
648
686
715
658
703
634
656
718
648
628
685
672
696
658
681
671
628
646
634
660
625
630
640
637
638
647
635
630
586
593
597
620
597
627
640
604
582
627
625
605
595
597
602
573
584
600
581
565
640
596
554
581
556
563
550
571
490
579
541
544
559
536
546
554
511
532
510
522
509
513
499
499
554
468
524
508
501
449
476
477
490
488
493
436
472
473
459
470
465
470
486
473
444
460
444
463
445
461
431
453
423
438
431
453
434
425
411
454
442
401
407
421
411
404
419
387
406
406
409
411
375
407
411
402
331
364
357
387
359
399
376
385
362
372
374
394
370
364
347
380
322
325
368
388
354
354
367
330
351
329
333
325
336
351
318
315
302
339
340
360
307
310
314
334
301
302
284
297
283
336
258
307
298
265
272
278
274
304
292
281
286
283
253
289
299
277
263
258
266
300
255
268
232
257
272
251
250
234
248
249
257
267
258
246
238
219
266
264
237
230
234
259
231
217
223
226
221
210
205
206
208
213
203
219
204
208
209
212
214
215
195
243
210
205
182
202
185
208
219
195
197
206
200
167
192
211
177
191
179
166
185
160
179
176
205
196
175
192
158
162
181
179
159
159
179
176
160
168
174
135
148
150
162
157
166
157
150
152
127
146
169
153
160
120
134
131
130
144
102
115
149
148
151
134
137
120
129
142
129
119
99
137
118
136
118
118
93
111
124
151
103
139
101
118
107
109
99
128
115
114
120
116
114
128
108
131
104
103
106
117
116
107
107
108
114
124
83
95
108
102
87
112
83
105
99
103
92
101
106
103
84
70
102
108
77
92
85
93
96
80
90
90
76
81
71
81
86
81
79
72
85
79
90
69
83
88
78
71
83
89
82
89
74
73
71
72
73
68
92
77
73
67
58
69
67
64
72
81
68
63
74
64
65
75
72
50
65
70
58
63
72
56
66
57
64
64
58
57
59
60
67
57
54
70
55
55
51
56
65
63
49
68
45
64
44
62
60
68
45
41
56
54
51
46
46
50
41
49
44
48
38
50
45
48
48
36
45
38
63
29
47
42
46
42
45
45
38
46
42
38
41
34
40
33
38
44
40
31
31
26
43
43
31
44
46
36
37
36
41
35
41
31
39
36
36
29
39
32
26
30
35
40
38
37
41
29
34
42
27
33
40
27
29
38
40
28
31
34
25
25
39
33
33
26
30
38
35
35
27
18
32
34
42
31
28
28
35
34
28
34
33
29
23
23
21
30
27
22
23
23
24
29
27
27
22
34
18
21
26
22
29
22
34
29
25
24
28
27
33
21
27
23
31
23
26
30
21
22
21
22
19
16
24
21
23
15
22
23
18
17
25
20
22
20
29
22
15
17
25
29
15
15
25
25
22
23
21
20
25
22
24
25
19
17
25
26
22
21
17
23
17
23
13
16
20
21
17
28
25
13
20
17
13
20
11
20
17
22
25
16
20
20
11
19
24
20
19
14
21
25
29
20
12
13
24
17
24
21
26
17
22
14
23
17
21
22
16
20
13
19
16
22
22
25
19
16
21
21
18
21
16
12
20
12
15
14
20
17
15
17
13
20
16
10
16
22
14
18
19
17
18
17
20
15
24
19
17
20
14
20
17
13
11
19
20
15
22
16
13
8
18
13
16
10
22
22
19
22
15
19
17
12
14
12
20
14
7
13
13
13
19
18
17
14
17
12
13
18
13
14
23
17
26
7
13
11
11
9
13
11
10
12
13
24
12
15
13
17
12
12
12
13
21
9
15
17
10
15
14
19
17
12
17
9
19
10
14
12
16
13
23
16
12
11
15
14
22
10
16
26
18
10
17
17
19
14
15
9
16
16
21
19
20
7
15
17
10
13
15
10
18
17
23
12
12
18
21
18
14
11
8
13
16
10
15
18
11
9
25
18
11
23
15
13
11
17
7
14
5
14
17
17
11
10
14
19
17
19
19
14
8
21
17
21
11
12
14
16
9
18
17
10
19
13
12
12
12
15
12
14
14
11
13
13
14
18
5
12
11
11
19
16
9
17
10
13
19
20
12
19
8
7
12
13
21
7
12
17
16
14
11
14
8
16
14
21
15
21
12
9
12
13
13
19
20
11
8
18
10
11
16
11
15
9
19
9
17
14
14
18
13
10
14
14
13
14
15
18
13
19
14
12
17
17
13
15
8
16
7
8
15
11
11
10
14
11
10
5
13
13
14
15
17
13
12
17
15
9
12
10
19
16
17
8
15
10
12
18
11
17
16
14
11
19
11
16
15
11
7
9
15
19
13
16
10
15
15
10
14
13
9
14
16
9
11
9
12
14
7
16
13
11
11
15
8
5
9
18
6
9
7
9
15
12
17
16
12
12
12
11
16
15
10
16
14
12
11
16
7
17
9
7
9
9
18
11
13
10
18
13
12
13
16
8
12
16
14
12
8
9
13
8
11
15
15
16
20
8
11
19
9
13
16
8
10
11
16
12
10
14
12
8
13
13
13
13
12
11
11
14
16
14
11
13
8
11
10
12
6
18
10
10
14
14
16
13
13
14
10
12
11
13
12
6
10
17
14
10
11
15
18
18
13
9
16
12
20
13
11
17
9
7
14
7
11
14
12
11
13
17
15
9
14
9
8
15
12
16
13
9
15
19
10
9
12
7
13
11
13
13
11
11
7
6
12
12
7
12
13
14
14
11
13
14
13
8
2
13
12
12
6
13
17
8
18
10
16
13
3
12
17
17
13
12
12
10
11
11
17
12
8
15
8
9
10
10
12
10
19
6
8
12
12
11
7
10
17
10
7
13
9
11
8
15
13
11
7
5
12
9
13
15
16
9
9
6
13
8
14
11
7
11
14
12
17
18
11
9
8
10
7
15
11
9
13
5
8
7
8
16
15
9
6
9
15
11
14
11
9
13
17
20
10
14
8
9
14
11
13
9
12
9
12
14
13
5
7
18
12
15
12
13
14
9
18
14
12
12
8
17
18
10
14
17
12
12
10
5
14
19
5
9
8
9
11
8
11
11
13
14
10
12
16
10
13
7
9
11
12
8
9
13
13
5
13
9
8
11
14
11
12
9
11
11
10
13
11
9
10
13
9
9
12
13
13
12
13
16
3
9
10
14
9
10
8
7
8
18
7
14
5
6
12
11
5
12
6
14
11
11
12
11
9
14
7
15
15
14
7
9
12
14
15
12
15
9
9
15
10
14
16
11
6
7
21
6
11
10
9
6
5
16
7
10
8
8
14
13
8
13
15
8
12
14
15
8
9
9
10
11
8
12
18
17
12
9
9
9
7
12
8
13
8
9
8
15
8
8
10
3
9
10
18
5
7
12
8
10
15
14
9
7
9
5
13
8
7
6
14
18
10
14
11
11
13
14
10
13
12
11
11
7
9
13
12
7
10
9
8
9
9
11
13
11
9
8
7
12
12
14
12
15
13
10
10
11
2
11
8
8
4
8
18
10
13
12
10
17
10
9
16
9
10
13
9
10
13
12
10
18
6
13
13
14
9
13
9
14
10
15
12
6
11
12
10
12
15
4
13
8
14
10
10
8
13
6
13
4
7
7
13
8
11
4
11
5
6
8
11
12
11
9
8
2
9
12
8
13
19
9
10
18
4
7
13
10
12
7
7
11
6
15
10
6
9
12
9
10
10
8
12
7
7
9
9
8
17
6
11
14
9
9
14
17
9
11
14
12
13
5
10
16
13
4
15
13
9
12
6
7
11
8
4
7
9
13
9
11
10
8
7
5
11
9
11
10
4
10
7
5
7
14
11
11
10
14
16
17
13
8
14
7
8
12
8
7
16
7
10
12
6
16
9
8
14
10
2
6
12
5
10
12
12
15
13
5
5
10
7
16
11
6
15
11
5
15
12
13
17
9
5
11
11
8
9
11
6
5
5
6
9
10
14
5
8
5
11
11
11
13
12
9
8
12
11
8
4
10
12
10
11
5
6
9
13
11
8
12
10
7
4
13
12
10
10
9
7
10
8
4
11
11
9
15
11
3
14
13
11
9
11
8
9
13
7
10
5
10
5
11
14
8
9
10
11
5
7
9
12
9
13
7
10
11
8
13
7
16
14
15
6
6
16
13
16
14
11
11
13
11
6
6
6
9
9
9
11
7
7
8
13
6
9
7
8
6
6
18
19
12
12
12
6
12
11
9
10
13
4
5
3
13
11
11
16
9
13
5
15
9
13
13
5
12
7
13
10
8
12
10
10
10
9
9
10
12
8
15
19
9
12
8
18
8
9
9
10
12
6
9
7
8
11
6
5
9
11
10
7
14
9
11
12
10
11
9
15
8
6
10
9
9
11
4
11
10
11
11
5
9
10
7
15
14
15
11
11
6
10
6
8
11
13
8
10
21
6
11
15
10
10
13
5
19
6
13
8
14
12
12
14
10
12
11
5
22
12
12
12
8
8
6
6
9
20
15
10
10
6
5
13
11
6
13
9
12
10
15
7
8
8
11
7
15
13
13
10
9
8
12
6
12
16
8
7
6
13
10
8
9
6
7
15
10
17
11
10
9
15
13
11
8
7
12
5
9
11
14
13
9
11
10
9
8
13
11
9
12
12
12
14
9
6
11
7
7
16
5
10
14
7
11
8
13
16
7
8
11
12
7
8
13
14
12
7
14
14
4
15
12
10
8
10
8
12
14
6
14
11
9
13
12
11
14
12
10
7
9
10
16
18
14
9
8
13
10
10
11
6
15
3
20
13
14
12
7
13
14
10
6
10
11
13
12
10
7
7
12
9
8
6
7
9
9
14
8
9
14
13
8
10
12
9
8
11
13
13
8
10
10
16
12
7
8
9
12
11
5
15
10
15
9
13
5
13
6
12
7
12
10
9
12
10
14
9
14
10
5
13
9
4
8
11
8
10
10
12
12
10
11
10
7
9
11
8
9
5
10
6
6
9
7
9
4
12
14
12
17
8
11
9
6
11
11
9
17
8
12
12
13
11
11
9
9
7
10
12
10
2
10
8
7
7
8
12
10
13
12
8
17
9
9
10
12
10
12
9
9
13
12
6
10
7
6
2
12
17
8
11
8
10
10
12
14
8
9
11
9
12
13
10
10
12
11
6
13
13
7
16
13
10
20
8
8
7
9
8
7
4
17
14
8
13
12
13
12
9
12
14
4
10
9
7
5
10
14
9
10
4
13
8
11
6
9
10
4
11
6
6
12
11
11
11
15
10
8
9
11
13
11
11
4
12
10
12
10
9
10
10
14
15
12
12
7
12
13
13
9
10
8
14
4
17
15
11
12
15
10
2
12
10
4
10
9
12
10
4
9
7
5
9
9
10
6
11
9
12
9
9
12
15
10
8
9
7
9
12
8
11
8
8
10
5
10
6
7
6
8
10
3
12
4
13
5
11
12
10
8
6
6
12
7
9
8
9
10
9
15
5
10
7
9
13
9
6
8
11
14
10
8
17
10
8
10
12
5
7
9
5
11
8
5
9
8
9
7
9
2
9
14
10
9
12
8
6
7
9
4
7
9
8
12
13
9
8
7
10
10
7
8
5
4
5
6
9
4
6
7
5
7
13
3
10
11
6
11
8
5
9
7
5
8
10
6
8
5
11
6
7
7
3
10
5
7
7
5
7
9
10
8
7
6
9
3
6
11
9
5
1
10
9
4
8
5
4
10
1
9
7
8
2
8
9
7
9
10
8
7
9
6
7
9
8
7
4
4
9
7
8
6
6
3
6
3
7
13
5
8
6
10
9
9
6
6
5
9
9
6
4
4
7
9
8
7
9
3
4
9
7
7
3
5
3
9
4
7
4
4
5
4
7
8
5
4
3
6
5
5
10
4
10
11
4
4
7
5
5
3
5
7
11
4
8
8
8
12
10
6
7
3
1
7
11
11
5
5
4
8
5
6
0
6
8
6
2
7
2
3
3
6
3
3
2
6
6
6
4
6
7
4
3
4
8
6
8
6
7
1
7
11
7
5
5
6
4
8
5
11
10
8
3
2
6
5
1
5
10
7
4
3
2
5
6
5
4
2
5
6
2
5
4
5
5
7
2
7
2
7
3
6
3
2
7
4
5
7
5
9
5
4
5
9
5
1
2
6
1
4
4
3
2
7
3
1
5
6
2
3
7
6
7
5
4
2
6
4
7
5
3
2
4
9
8
5
6
8
6
4
7
2
2
4
3
2
3
4
4
7
9
3
3
4
3
7
5
5
3
2
4
1
5
7
4
5
1
3
5
5
4
2
2
4
2
5
3
4
4
3
4
3
5
4
3
7
4
3
4
4
4
6
1
3
2
4
1
7
2
4
5
3
4
3
3
1
4
2
3
2
4
4
4
1
4
3
3
2
1
3
2
3
3
1
3
3
2
5
1
4
3
2
2
1
4
3
4
1
3
3
2
1
3
1
1
0
3
2
0
1
5
7
0
0
3
1
1
2
3
3
5
3
3
1
1
5
1
1
3
3
0
5
4
2
3
2
3
1
1
1
2
2
3
2
2
4
2
1
4
4
2
5
5
3
4
5
3
2
1
1
1
1
3
1
4
3
1
3
3
3
4
3
2
1
1
2
2
3
3
3
2
1
2
2
0
0
1
2
4
2
1
2
5
3
4
1
0
2
3
1
1
1
2
0
6
1
0
1
3
0
2
2
4
0
1
0
3
4
3
2
2
1
1
2
4
0
1
0
0
2
0
1
1
2
1
1
2
1
1
1
1
2
1
3
0
1
5
1
0
4
1
0
1
3
2
2
0
0
1
4
2
1
4
2
2
0
0
1
2
2
2
0
1
0
1
1
1
0
1
2
1
2
2
3
0
1
2
1
1
0
1
0
0
0
3
2
0
2
1
2
2
0
2
0
2
0
2
1
1
1
1
1
3
1
0
0
0
1
0
1
0
0
2
1
2
3
1
1
2
1
1
0
1
3
1
1
2
0
3
0
1
1
0
0
0
0
0
4
2
0
0
1
0
1
1
1
1
4
0
2
3
2
1
1
1
1
1
0
1
0
1
2
1
0
1
1
1
1
1
1
2
1
0
0
1
0
1
1
4
1
0
0
1
1
0
1
1
0
2
1
0
0
0
0
0
3
1
1
0
1
1
0
0
1
1
1
1
1
0
1
0
2
1
2
0
1
1
1
0
1
0
2
2
1
1
0
0
1
2
0
1
1
0
1
0
1
0
2
2
1
1
1
1
3
0
0
1
0
0
0
3
0
0
0
2
0
1
1
1
1
0
0
2
2
1
2
1
2
0
0
0
1
0
1
1
0
2
0
2
1
3
0
1
0
1
0
1
0
0
1
0
3
1
0
1
2
0
0
1
1
0
1
0
0
0
2
0
2
0
1
0
0
1
0
0
1
0
0
1
0
3
1
0
0
0
0
1
2
1
2
0
1
0
0
0
0
0
2
0
3
0
0
0
0
1
0
0
0
0
0
1
0
0
0
1
2
1
0
0
1
2
0
0
1
1
0
0
0
0
1
1
0
0
0
0
0
0
0
1
0
0
0
1
0
1
2
0
1
1
1
2
0
1
0
0
2
0
1
0
1
0
1
0
0
3
0
0
0
1
0
1
0
1
0
2
2
0
1
0
0
1
0
2
1
0
3
1
0
2
1
1
0
1
1
0
2
0
1
0
2
0
3
3
1
0
0
1
0
0
0
1
0
0
0
1
0
0
0
0
1
1
1
0
0
0
1
0
1
0
1
0
1
1
0
0
1
0
2
0
0
2
2
1
0
1
0
0
3
1
0
1
2
1
1
1
0
1
2
0
0
0
0
0
4
0
1
0
0
0
0
0
0
0
2
0
1
1
1
1
2
0
0
0
0
0
0
0
0
0
0
1
1
0
2
0
0
0
0
0
0
1
0
1
0
0
0
0
0
0
0
0
0
0
0
0
0
0
0
0
1
0
0
0
0
0
0
1
0
0
1
1
0
1
1
0
0
0
1
0
2
0
0
0
0
0
0
0
0
1
0
0
1
1
0
0
0
0
0
1
1
0
0
0
0
2
0
0
1
2
1
0
0
0
1
1
1
0
1
1
2
0
1
1
0
2
1
0
0
0
0
0
0
0
2
3
0
0
1
0
0
0
0
1
0
0
0
0
0
0
0
2
0
0
1
0
1
1
1
0
0
0
0
0
1
0
0
0
0
0
1
0
1
1
0
0
0
2
0
0
2
0
2
1
0
0
0
1
0
0
0
0
0
0
1
0
1
0
1
1
2
0
1
0
1
0
0
1
0
0
2
0
0
0
0
0
0
0
1
1
1
1
0
0
0
0
0
0
0
0
0
0
0
0
1
1
2
1
1
0
0
0
0
0
0
0
0
1
0
0
0
0
1
1
0
0
0
0
0
0
1
0
1
0
0
1
0
0
0
0
0
1
0
0
1
2
1
1
0
0
2
0
0
0
0
0
0
0
0
2
0
0
0
0
1
0
0
0
0
1
0
2
0
0
1
0
0
0
0
0
1
1
0
2
1
0
0
1
0
0
2
0
0
0
0
0
0
0
0
0
1
1
0
0
0
0
0
0
0
0
0
0
0
0
0
0
0
0
0
0
0
1
0
0
2
1
0
1
2
1
0
1
0
2
0
1
1
0
0
0
2
0
0
1
0
0
0
0
0
0
1
0
0
0
0
0
0
0
0
0
0
1
0
0
0
0
1
1
0
0
0
1
1
0
0
0
0
0
1
0
0
0
1
0
0
1
0
0
0
1
0
0
0
0
0
0
0
0
1
0
0
1
2
0
0
0
1
0
3
1
1
0
1
1
1
0
0
0
0
0
0
0
0
2
0
0
1
0
1
1
0
0
1
1
0
0
1
0
0
0
0
0
0
0
0
0
0
0
0
0
0
0
0
0
1
0
0
0
0
1
0
0
0
0
0
0
2
1
1
0
0
0
0
0
0
0
0
0
0
0
0
0
0
0
0
0
0
0
1
0
1
0
0
0
0
0
0
0
0
1
0
0
0
0
1
0
0
0
1
0
1
0
0
0
0
0
1
1
0
0
0
2
0
1
0
0
0
0
0
0
0
1
1
1
1
1
1
0
2
0
1
1
0
0
1
0
0
0
0
0
1
1
1
0
1
0
0
0
0
0
0
0
0
0
0
0
0
0
0
0
0
0
0
0
0
1
1
0
0
0
0
1
0
0
0
0
0
0
0
1
0
0
1
0
0
0
1
0
1
0
0
0
0
0
1
0
0
1
0
0
0
1
0
0
1
1
0
0
0
0
0
0
0
0
1
0
0
0
0
0
1
0
0
0
0
2
0
1
0
0
0
2
1
1
0
1
1
1
2
0
0
0
0
1
1
0
0
0
0
0
0
0
0
0
0
0
0
0
0
1
0
0
0
0
0
0
0
0
0
0
0
0
0
0
0
1
0
1
0
0
0
1
0
0
1
0
0
0
0
0
2
0
1
1
0
0
0
0
0
0
0
0
0
0
1
0
0
0
0
0
0
0
0
1
1
0
0
0
0
0
0
0
0
1
0
1
0
1
0
1
1
0
0
1
0
0
0
0
0
1
0
0
0
0
0
0
0
0
0
0
0
0
0
0
1
1
1
0
0
0
0
0
0
0
1
0
0
0
0
0
2
0
0
0
0
0
0
0
0
0
1
0
0
0
0
0
0
0
0
0
0
0
0
0
0
0
0
1
0
0
0
1
0
0
0
0
0
0
0
0
1
0
0
0
0
1
2
0
0
1
0
0
0
0
0
0
0
0
0
0
0
0
0
0
0
0
1
0
0
1
0
0
0
2
1
1
0
0
0
0
0
1
0
0
0
0
0
0
0
1
0
0
0
0
0
0
0
0
0
0
0
0
0
0
0
0
0
0
0
0
0
0
0
0
0
0
0
1
0
0
0
0
0
0
1
0
0
0
0
1
0
0
0
0
1
0
0
0
1
0
1
0
0
0
0
1
1
0
1
0
0
1
1
0
0
0
0
0
1
1
2
0
0
0
0
0
0
0
0
0
0
0
0
0
0
0
1
0
0
1
1
0
0
0
0
2
0
0
0
0
0
0
0
0
0
0
0
0
0
0
0
0
1
0
1
0
0
0
0
0
0
1
0
1
1
1
1
1
0
1
1
0
0
1
0
1
0
1
0
0
1
0
0
1
1
0
1
0
1
0
0
1
0
3
0
0
0
0
3
2
1
0
0
0
0
0
0
0
0
0
0
0
0
2
0
0
0
0
0
0
0
0
0
0
0
0
0
0
0
0
0
1
0
0
0
1
0
2
0
0
0
0
1
0
0
0
0
1
0
0
0
0
0
0
0
0
0
1
0
0
0
0
0
0
0
1
0
0
0
0
0
0
0
0
0
0
0
0
1
0
0
0
0
0
0
0
0
0
0
0
0
0
0
0
1
0
0
0
1
1
0
0
0
0
1
0
0
0
1
1
1
0
3
0
2
0
0
0
0
0
1
0
0
1
0
0
0
0
1
0
0
0
1
0
1
0
0
0
0
0
0
0
0
0
0
0
0
0
1
0
0
0
0
0
0
0
0
0
0
0
0
0
0
0
0
0
0
0
0
0
0
0
0
0
0
0
0
0
0
0
0
0
0
0
0
1
0
0
0
0
1
0
0
0
0
0
0
1
0
0
0
0
0
0
0
0
0
0
0
0
0
0
0
1
0
0
0
0
1
0
0
0
1
0
0
0
0
0
0
0
0
0
0
0
0
0
0
0
0
0
0
0
0
0
0
0
0
0
0
0
0
0
0
0
0
0
0
0
0
1
0
0
0
0
0
0
0
0
0
0
0
0
0
0
2
0
0
0
1
0
1
0
0
0
0
1
1
0
0
2
0
0
0
0
1
0
0
0
0
0
0
0
0
0
0
0
0
0
0
0
0
0
0
0
0
0
0
0
0
0
0
0
0
0
0
0
0
0
0
0
0
0
0
0
0
0
0
0
0
0
0
0
0
0
0
0
0
0
0
0
0
0
0
0
0
0
0
0
0
0
0
0
0
0
0
0
1
0
0
0
0
0
0
0
0
1
0
0
0
0
0
0
0
0
0
0
1
0
0
0
0
0
1
0
0
0
0
0
0
0
0
0
0
1
1
0
0
0
0
0
0
0
0
0
1
0
0
1
0
0
1
0
0
0
0
0
0
0
0
0
0
1
0
0
0
0
0
1
0
0
0
1
0
0
0
0
0
2
0
0
1
0
0
0
0
0
0
0
0
0
0
0
0
0
0
0
0
0
0
1
0
0
1
0
0
1
0
0
0
0
0
0
0
1
0
0
0
0
0
0
0
0
0
0
0
0
0
0
0
0
0
0
0
1
2
0
0
0
1
0
0
0
0
0
0
0
0
0
0
0
0
0
0
0
0
0
0
0
0
0
0
0
0
0
0
0
0
0
0
0
0
0
0
0
0
0
0
0
0
0
0
0
0
0
0
0
0
0
0
0
0
0
0
0
0
0
0
0
0
0
0
0
0
0
0
1
0
0
0
0
0
0
0
0
0
0
0
0
0
0
0
0
0
1
0
0
0
0
0
0
0
0
0
0
0
0
0
2
0
1
0
0
0
0
0
0
0
0
1
0
0
1
0
0
0
0
0
0
0
0
0
0
1
0
0
0
0
0
0
0
0
0
0
0
0
0
0
0
0
0
0
0
0
0
1
0
0
0
0
1
0
0
0
0
1
0
1
0
0
0
0
0
0
0
0
0
0
0
0
0
0
1
0
0
0
0
1
0
0
0
0
1
0
0
0
0
0
0
0
0
1
0
1
0
0
0
0
0
0
0
1
0
0
0
0
0
0
0
0
0
0
0
0
0
0
0
0
0
0
0
0
0
0
0
0
0
0
0
0
1
0
0
0
0
0
0
1
0
0
0
0
0
0
0
0
0
0
0
0
0
0
0
0
0
0
0
0
0
0
0
0
0
0
0
0
0
0
0
0
0
0
0
0
0
0
1
0
0
0
0
0
0
0
0
0
0
0
0
0
0
0
0
0
0
0
0
0
0
0
0
0
0
0
0
0
0
0
0
0
0
0
0
0
0
0
0
0
0
0
0
0
0
0
0
0
0
0
0
0
0
0
0
0
0
0
0
0
0
0
0
0
0
0
0
0
0
0
0
0
0
0
0
0
0
0
0
0
0
0
0
0
0
0
0
0
0
0
0
0
0