0
0
0
0
0
0
0
0
0
0
0
0
0
0
0
0
0
0
0
0
0
0
0
0
0
0
0
0
0
0
0
0
0
0
0
0
0
0
0
0
0
0
0
0
0
0
0
0
0
0
0
0
0
0
0
0
0
0
0
0
0
0
0
0
0
0
0
0
0
0
0
0
0
0
0
0
0
0
0
0
0
0
0
0
0
0
0
0
0
0
0
0
0
0
0
0
0
0
0
0
0
0
0
0
0
0
0
0
0
0
0
0
0
0
0
0
0
0
0
0
0
0
0
0
0
0
0
0
0
0
0
0
0
0
0
0
0
0
0
0
0
0
0
0
0
0
0
0
0
0
0
0
0
0
0
0
0
0
0
0
0
0
0
0
0
0
0
0
0
0
0
0
0
0
0
0
0
0
0
0
0
0
0
0
0
0
0
0
0
0
0
0
0
0
0
0
0
0
0
0
0
0
0
0
0
0
0
0
0
0
0
0
0
0
0
0
0
0
0
0
0
0
0
0
0
0
0
0
0
0
0
0
0
0
0
0
0
0
0
0
0
0
0
0
0
0
0
0
0
0
0
0
0
0
0
0
0
0
0
0
0
0
0
0
0
0
0
0
0
0
0
0
0
0
0
0
0
0
0
0
0
0
0
0
0
0
0
0
0
0
0
0
0
0
0
0
0
0
0
0
0
0
0
0
0
0
0
0
0
0
0
0
0
0
0
0
0
0
0
0
0
0
0
0
0
0
0
0
0
0
0
0
0
0
0
0
0
0
0
0
0
0
0
0
0
0
0
0
0
0
0
0
0
0
0
0
0
0
0
0
0
0
0
0
0
0
0
0
0
0
0
0
0
0
0
0
0
0
0
0
0
0
0
0
0
0
0
0
0
0
0
0
0
0
0
0
0
0
0
0
0
0
0
0
0
0
0
0
0
0
0
0
0
0
0
0
0
0
0
0
0
0
0
0
0
0
0
0
0
0
0
0
0
0
0
0
0
0
0
0
0
0
0
0
0
0
0
0
0
0
0
0
0
0
0
0
0
0
0
0
0
0
0
0
0
0
0
0
0
0
0
0
0
0
0
0
0
0
0
0
0
0
0
0
0
0
0
0
0
0
0
0
0
0
0
0
0
0
0
0
0
0
0
0
0
0
0
0
0
0
0
0
0
0
0
0
0
0
0
0
0
0
0
0
0
0
0
0
0
0
0
0
0
0
0
0
0
0
0
0
0
0
0
0
0
0
0
0
0
0
0
0
0
0
0
0
0
0
0
0
0
0
0
0
0
0
0
0
0
0
0
0
0
0
0
0
0
0
0
0
0
0
0
0
0
0
0
0
0
0
0
0
0
0
0
0
0
0
0
0
0
0
0
0
0
0
0
0
0
0
0
0
0
0
0
0
0
0
0
0
0
0
0
0
0
0
0
0
0
0
0
0
0
0
0
0
0
0
0
0
0
0
0
0
0
0
0
0
0
0
0
0
0
0
0
0
0
0
0
0
0
0
0
0
0
0
0
0
0
0
0
0
0
0
0
0
0
0
0
0
0
0
0
0
0
0
0
0
0
0
0
0
0
0
0
0
0
0
0
0
0
0
0
0
0
0
0
0
0
0
0
0
0
0
0
0
0
0
0
0
0
0
0
0
0
0
0
0
0
0
0
0
0
0
0
0
0
0
0
0
0
0
0
0
0
0
0
0
0
0
0
0
0
0
0
0
0
0
0
0
0
0
0
0
0
0
0
0
0
0
0
0
0
0
0
0
0
0
0
0
0
0
0
0
0
0
0
0
0
0
0
0
0
0
0
0
0
0
0
0
0
0
0
0
0
0
0
0
0
0
0
0
0
0
0
0
0
0
0
0
0
0
0
0
0
0
0
0
0
0
0
147
215
277
318
332
384
384
433
389
389
423
410
411
365
386
401
384
409
406
401
373
388
381
393
367
388
383
400
390
399
389
375
373
367
377
322
376
407
352
363
390
353
370
339
331
366
337
352
395
349
354
359
309
346
344
337
342
340
355
318
346
334
324
339
325
312
318
338
358
342
335
320
332
323
338
344
325
323
307
309
323
322
305
309
302
318
309
293
310
269
323
270
302
311
298
314
318
333
322
291
331
322
305
264
300
321
303
284
308
260
295
253
275
256
254
266
293
270
282
292
257
254
279
303
247
252
270
290
289
253
245
277
261
251
272
279
254
310
271
256
264
270
241
291
286
258
261
244
264
251
279
253
242
237
253
264
264
262
276
246
264
254
252
283
222
247
257
228
239
241
272
239
212
256
251
259
253
279
241
261
224
254
252
251
252
244
255
216
219
217
249
228
252
242
219
228
240
229
208
251
226
260
255
237
239
242
224
232
257
271
225
227
233
218
221
227
234
201
232
185
230
187
225
201
178
232
206
226
211
222
212
205
227
197
236
218
216
196
226
219
220
203
190
207
206
209
211
200
191
207
197
197
181
172
226
198
182
208
183
217
206
178
203
204
213
194
206
182
190
202
198
208
182
186
188
178
181
196
158
189
178
201
194
167
179
202
201
178
185
185
214
173
186
196
163
182
201
193
212
196
190
204
172
155
168
171
183
154
171
159
171
160
162
188
179
168
161
178
168
167
159
198
168
184
173
158
180
177
176
162
168
163
167
148
167
146
174
169
189
179
168
190
157
150
141
186
179
157
181
194
193
158
168
194
171
187
171
174
195
189
181
167
177
195
165
175
166
155
156
179
167
165
168
186
190
175
171
162
189
168
160
190
154
166
169
173
155
166
171
158
150
141
151
142
163
163
136
154
161
134
156
167
157
151
179
177
151
162
164
169
168
143
168
164
166
169
159
178
163
174
190
169
172
183
179
138
150
150
166
179
142
182
151
139
158
153
175
152
148
155
173
169
159
149
145
151
163
139
157
156
171
161
179
165
166
148
136
163
168
147
151
137
169
151
146
128
179
157
166
144
154
142
154
147
148
135
141
145
141
142
138
120
142
132
143
146
150
126
133
132
127
159
145
151
148
141
137
144
129
145
144
116
140
134
144
137
130
145
139
146
149
140
150
137
147
160
122
124
151
125
131
141
145
105
143
133
136
153
133
133
114
107
134
112
158
143
120
136
135
147
135
130
140
152
126
139
158
134
123
134
148
142
122
142
135
118
110
117
122
105
119
122
112
140
145
140
113
141
132
120
125
121
124
113
115
148
131
139
126
134
127
138
132
115
118
127
108
110
119
130
108
109
136
123
137
129
109
124
108
144
137
136
149
114
113
150
144
130
148
122
129
159
130
108
111
125
143
124
113
144
120
117
130
112
127
138
121
117
109
109
112
135
118
127
132
108
117
127
121
105
101
133
128
143
120
106
117
101
103
106
117
112
117
97
111
128
126
120
123
105
125
118
126
129
99
115
122
108
107
122
104
110
113
123
131
111
108
106
105
100
112
121
124
117
117
93
127
123
127
119
123
105
123
132
139
111
134
141
121
99
113
121
110
136
134
123
133
103
123
133
121
129
99
110
107
128
111
107
118
109
101
95
108
98
85
99
101
101
112
126
107
107
115
87
115
113
109
95
125
108
107
110
105
117
104
128
127
112
119
117
106
120
106
120
76
105
117
89
121
113
111
114
116
125
120
85
114
108
116
90
107
111
104
122
110
111
109
112
111
111
127
121
94
106
93
104
108
131
109
111
121
113
127
109
119
110
109
102
93
120
83
96
116
122
120
109
95
110
117
118
109
103
91
109
105
113
92
108
93
110
91
100
104
86
115
83
97
92
104
90
108
83
83
103
76
99
96
83
99
98
111
89
99
112
136
121
113
102
107
102
88
73
106
92
98
95
99
99
86
104
96
90
98
99
81
101
75
102
100
95
93
91
85
101
86
100
111
104
97
120
86
94
96
92
107
93
101
110
108
104
90
105
95
86
88
99
98
84
109
96
98
82
85
112
116
72
100
94
80
106
104
107
82
118
82
96
95
104
100
100
86
103
87
83
99
91
99
99
100
114
86
81
83
95
88
91
100
97
92
123
101
90
88
98
95
101
99
91
107
91
109
93
81
93
89
95
83
74
80
93
88
97
83
96
77
98
88
73
93
78
97
70
93
86
76
82
78
100
102
96
92
128
95
93
103
89
113
94
95
105
79
87
96
89
76
94
109
79
89
84
80
80
105
83
79
102
98
95
101
98
89
90
99
83
90
92
92
79
85
83
77
72
89
104
79
75
80
80
104
79
94
87
92
71
76
77
89
88
88
89
63
83
85
89
86
81
75
75
89
92
101
91
89
73
80
79
80
78
99
71
83
83
99
80
83
87
88
66
96
76
84
87
93
87
80
79
90
73
81
83
97
96
69
85
86
67
97
98
80
96
81
69
90
96
65
85
73
95
80
69
84
78
82
71
76
84
70
77
72
83
89
74
79
87
82
89
69
97
80
93
89
85
76
84
73
78
89
87
61
79
73
69
73
90
87
68
86
73
78
75
80
84
94
81
87
90
65
66
73
72
80
93
60
87
55
87
90
96
83
81
95
88
91
83
104
79
75
97
80
79
69
97
65
69
83
78
68
86
88
88
73
70
80
85
91
92
84
78
89
72
82
78
80
80
78
74
91
90
100
81
86
81
68
72
89
78
73
73
88
64
90
87
59
64
88
71
84
69
87
73
88
82
89
88
68
96
76
83
92
74
82
72
74
85
82
73
63
79
86
101
80
82
74
96
88
93
78
99
79
94
85
80
82
79
67
93
84
81
67
64
81
83
76
84
85
81
74
72
75
64
87
77
78
73
84
107
96
117
87
84
85
88
108
81
78
94
82
86
79
105
98
86
83
87
97
71
91
75
77
93
80
97
84
73
65
73
70
71
75
71
74
88
85
94
78
96
67
75
69
56
76
78
88
89
84
63
75
69
68
68
77
86
85
93
79
104
79
66
85
81
85
71
89
83
79
64
66
89
78
86
87
82
53
76
84
79
85
70
86
78
91
93
89
87
67
89
81
83
75
87
81
83
67
85
85
78
86
67
74
73
86
86
72
82
91
91
94
84
77
92
90
70
74
91
87
78
91
88
98
76
82
99
93
79
82
74
86
95
90
94
83
83
86
85
91
83
92
80
81
64
94
100
90
89
85
67
89
100
69
98
74
86
92
93
91
83
110
92
85
76
93
95
81
78
98
83
100
97
83
101
95
96
96
115
101
99
107
95
91
96
76
99
96
99
102
102
80
87
80
119
95
78
100
90
85
80
85
105
98
101
102
103
95
91
79
115
112
82
84
100
99
98
94
108
93
92
85
88
84
84
104
103
89
88
89
90
100
98
77
101
86
104
81
116
98
86
99
90
98
100
101
97
97
101
105
92
73
97
106
103
97
105
95
85
92
87
97
100
109
99
94
99
100
84
97
93
98
101
77
92
92
105
97
109
100
109
97
108
93
105
97
123
126
95
122
96
87
90
108
110
84
114
95
116
92
101
92
98
105
104
97
96
117
96
109
124
126
82
106
85
98
95
113
98
107
107
89
91
119
91
109
135
107
110
107
97
110
109
98
98
108
123
108
94
106
85
110
97
100
113
110
111
113
115
104
102
107
113
102
99
93
111
97
106
101
114
122
113
115
126
113
127
104
98
97
103
79
93
107
95
107
113
113
117
114
106
112
103
93
95
99
102
115
86
106
122
110
115
106
97
95
108
115
106
109
111
112
111
125
123
99
121
109
110
136
108
114
120
132
110
100
138
91
118
109
123
106
103
114
85
106
109
112
85
103
98
103
104
118
104
132
99
112
121
114
121
103
117
109
107
131
124
109
124
123
117
107
117
116
120
114
105
112
129
134
128
123
114
106
126
120
115
104
116
115
146
120
105
108
118
97
115
127
122
122
106
94
129
126
117
117
109
108
127
128
110
106
103
84
119
100
109
104
111
111
116
105
116
120
109
101
125
114
98
127
116
104
112
123
99
118
114
122
101
112
112
106
95
129
105
111
109
122
112
128
113
124
96
102
103
92
116
101
110
98
103
110
94
94
92
97
96
113
101
98
114
120
106
106
117
100
113
109
101
140
105
96
101
93
125
95
109
84
107
110
128
129
117
107
111
115
115
113
110
97
107
126
117
102
113
110
120
128
101
107
126
117
135
109
114
132
96
88
103
91
85
117
116
109
110
105
87
119
105
112
92
105
94
104
103
101
102
116
121
123
103
113
107
91
116
108
106
110
116
110
123
116
101
101
102
111
91
101
97
108
93
94
113
118
114
95
112
115
110
101
106
102
92
107
104
105
102
103
93
127
105
120
117
128
115
105
98
102
108
110
103
113
96
107
101
102
118
126
104
113
96
112
106
114
93
113
90
120
96
94
105
104
92
93
87
93
104
90
110
115
115
110
106
90
121
102
105
111
104
116
101
93
104
93
116
115
105
93
114
88
108
87
112
100
84
120
77
98
96
92
99
91
78
90
86
88
111
94
104
84
88
99
99
91
105
95
105
98
94
109
90
104
94
104
83
99
68
79
101
83
90
86
103
92
98
89
102
101
96
82
104
91
80
69
88
100
105
109
108
100
97
103
103
85
92
103
89
91
88
98
103
108
96
91
82
98
98
96
78
87
91
82
88
96
95
106
108
80
98
102
82
80
95
94
83
83
87
89
82
73
91
79
88
95
74
106
87
84
84
84
86
82
82
87
93
94
81
78
79
108
87
80
79
86
95
93
71
81
89
95
86
71
64
69
69
80
76
76
84
91
85
76
57
76
91
78
77
89
97
92
67
91
84
74
92
78
73
91
90
61
68
83
84
77
83
92
76
84
81
75
79
78
70
79
67
91
70
76
68
74
82
81
89
80
66
86
77
82
61
75
78
64
81
79
70
76
78
83
71
63
61
79
72
74
83
90
65
84
78
53
62
72
64
73
77
79
65
67
80
72
79
63
66
56
73
80
76
69
68
66
63
56
85
77
56
60
70
62
58
56
63
46
77
64
62
74
74
76
73
64
66
68
72
87
61
62
72
67
62
69
75
58
74
50
73
53
64
72
76
67
68
67
67
62
78
82
75
57
52
58
64
61
64
53
55
72
70
70
68
65
65
53
60
54
61
59
49
74
55
58
61
63
56
60
46
61
70
54
67
70
66
53
47
60
61
65
71
60
59
68
66
62
63
46
83
64
64
56
64
59
57
63
70
63
68
60
63
75
65
65
53
61
65
58
65
48
58
55
56
61
74
62
60
63
61
66
64
58
63
59
55
58
50
77
53
51
63
72
53
56
50
57
61
55
58
62
71
51
52
57
53
49
56
62
55
45
48
52
45
57
62
55
49
50
53
58
62
54
56
58
56
56
56
64
59
55
56
45
42
53
53
55
47
55
66
54
65
56
48
56
47
57
48
52
51
47
57
64
46
51
49
50
62
43
50
70
57
62
41
51
38
48
49
45
75
55
60
50
53
45
49
53
61
59
50
57
59
49
55
55
68
65
63
54
61
54
63
45
55
47
54
49
54
44
43
52
58
51
46
48
63
41
64
52
46
69
58
73
54
57
62
64
63
38
44
50
60
49
44
50
57
51
51
43
53
64
54
57
47
52
60
50
63
44
45
59
56
51
49
52
63
47
52
47
38
51
59
45
48
42
41
53
46
59
52
55
52
62
51
60
57
55
52
61
49
48
48
65
58
45
35
46
56
46
63
58
37
55
61
50
64
53
57
46
51
57
50
49
48
57
47
52
54
53
43
48
46
53
51
62
54
50
49
53
70
37
55
56
58
56
55
57
50
60
49
55
49
49
53
50
62
53
55
57
56
59
57
72
49
54
41
52
41
39
68
53
49
43
38
56
51
41
44
49
62
40
51
57
56
52
49
65
43
42
51
46
54
52
59
48
51
62
60
43
55
60
52
53
59
57
45
39
60
56
54
65
52
57
58
47
62
52
49
55
49
41
49
65
63
43
53
55
62
66
63
47
47
49
56
32
56
50
78
47
61
48
47
60
53
62
55
66
59
39
58
44
66
47
55
51
56
57
49
38
57
65
69
51
46
57
55
55
61
45
57
59
45
64
47
62
53
53
58
60
62
51
61
58
54
64
69
54
72
59
51
47
56
47
68
64
57
58
52
41
58
56
53
53
67
57
50
59
63
62
56
59
62
60
58
59
41
54
69
49
53
59
64
45
53
53
63
54
56
46
44
58
60
48
62
67
66
75
53
44
47
60
61
59
64
65
49
64
57
61
51
52
80
50
65
57
63
55
56
53
55
54
60
65
63
52
54
58
62
55
56
60
68
51
53
61
59
68
57
57
62
49
65
59
63
66
70
64
78
66
57
62
51
61
61
46
59
68
73
58
68
64
64
47
55
57
56
55
57
70
73
73
68
67
76
62
54
58
65
66
64
66
75
71
55
48
70
64
57
81
51
52
56
57
66
64
54
59
39
68
74
65
41
76
54
57
65
59
59
76
72
71
58
53
65
53
61
82
53
63
63
57
73
80
63
61
72
56
83
60
69
70
54
59
56
52
65
79
64
69
85
52
64
57
60
62
66
87
76
53
63
52
76
55
56
67
68
66
68
63
55
62
52
93
53
67
72
57
49
50
85
65
77
59
59
70
75
73
84
66
63
76
71
74
63
74
71
61
72
74
70
61
70
62
63
73
57
83
79
70
73
92
68
65
70
87
59
57
70
66
67
70
59
75
67
67
57
57
67
67
85
65
74
92
75
69
58
84
62
77
77
70
64
71
72
75
56
62
76
65
72
70
80
73
74
73
57
78
69
56
67
76
83
88
76
77
60
67
71
76
84
81
76
63
52
89
65
71
73
82
62
62
67
74
72
75
57
76
58
87
79
73
71
76
80
72
78
65
74
70
84
66
64
80
72
66
85
84
73
81
79
83
76
70
65
69
70
87
81
80
84
79
78
69
82
82
72
65
79
75
77
88
93
80
84
78
82
102
67
89
93
72
86
69
85
71
58
55
71
76
74
83
71
79
75
73
71
85
73
66
91
66
86
73
67
94
73
93
70
69
92
77
75
90
84
77
100
86
68
78
97
69
85
78
71
96
96
93
90
95
82
84
84
90
64
91
74
83
84
92
96
75
90
82
90
85
100
78
73
91
93
95
75
82
84
83
81
90
83
92
94
88
80
77
84
93
101
79
72
88
75
78
82
68
100
76
79
86
79
80
95
70
86
96
100
76
87
98
99
102
77
100
87
94
90
86
80
67
97
79
91
78
97
102
86
89
81
88
96
92
85
95
91
101
85
82
96
102
73
80
92
86
86
90
79
97
81
79
84
95
87
84
83
97
92
99
87
89
92
104
87
85
101
98
86
85
96
105
103
98
110
102
102
100
88
83
88
86
98
85
96
117
81
87
105
102
114
103
107
82
94
100
98
89
86
95
106
87
90
89
103
95
87
106
106
91
88
106
74
95
94
103
98
106
97
96
93
118
103
93
103
99
87
93
103
90
114
88
104
85
108
97
96
106
96
106
89
91
86
95
85
88
82
113
124
107
86
105
95
101
102
90
93
104
108
108
89
85
122
101
108
87
97
99
109
91
79
104
94
106
86
100
107
99
92
108
83
96
100
113
109
112
108
107
114
112
107
99
96
124
97
99
101
105
105
100
91
120
100
113
108
111
96
108
102
122
101
103
114
118
96
103
118
120
120
107
120
91
111
100
116
100
135
96
119
98
111
106
107
114
112
101
98
104
112
103
124
110
104
119
108
108
131
119
115
100
116
101
106
108
105
121
108
122
125
113
123
103
92
129
121
116
110
111
116
126
127
133
101
124
108
114
105
131
115
125
109
112
127
118
126
118
115
119
109
144
115
124
108
121
103
130
119
134
126
101
136
115
105
136
134
102
120
117
130
115
112
107
115
133
106
115
116
123
127
103
111
131
137
117
131
114
121
130
113
116
110
144
133
119
123
123
123
111
134
110
150
116
139
147
128
126
109
145
98
133
142
124
125
124
142
127
139
134
140
123
138
112
125
127
133
131
136
146
130
140
120
150
125
145
147
135
133
142
141
142
120
126
128
143
116
130
137
154
135
134
143
112
121
139
135
138
134
140
158
166
132
147
156
119
133
138
151
138
127
136
147
156
135
137
142
148
149
153
167
153
132
142
136
145
129
151
143
144
131
167
136
141
137
142
148
135
154
148
136
127
129
147
147
153
173
158
152
122
179
137
139
161
161
138
146
149
130
153
143
133
145
152
176
159
156
150
186
137
139
147
162
167
157
158
146
146
166
138
135
132
180
144
156
158
167
169
166
146
169
163
151
174
170
134
135
175
163
172
158
165
175
150
184
156
151
182
167
192
169
160
156
153
151
163
154
173
149
167
177
157
176
167
170
164
166
170
173
190
173
172
173
173
178
194
171
152
156
187
179
164
188
177
194
171
181
194
214
150
163
179
170
164
200
165
176
168
193
169
190
163
164
156
171
187
183
163
177
179
190
187
175
191
186
197
190
180
168
182
192
193
200
170
176
202
183
192
204
164
195
187
212
201
226
197
201
227
190
201
181
211
185
219
217
212
175
217
203
205
193
192
205
202
198
202
224
204
225
217
213
186
215
216
198
180
205
205
228
211
218
213
186
218
177
215
218
203
197
247
184
199
214
230
189
210
213
224
200
236
224
231
236
235
207
234
218
205
217
210
193
209
225
197
193
225
216
206
215
229
235
232
243
219
217
231
215
231
219
217
232
214
228
238
248
239
232
233
264
210
243
255
239
225
245
236
256
231
215
251
242
260
235
246
242
257
202
241
269
222
255
258
240
217
260
262
243
231
233
268
250
248
238
245
262
274
250
221
284
253
247
244
259
255
263
267
272
279
265
263
263
282
277
251
260
243
285
259
272
263
287
281
249
280
286
289
268
304
282
266
288
253
283
267
251
308
255
299
301
301
295
272
276
297
275
295
291
292
279
319
283
283
287
294
291
296
302
289
305
297
281
317
303
282
269
275
308
324
321
293
315
287
250
328
293
279
299
274
305
290
307
324
303
294
313
275
281
319
309
289
275
322
277
305
319
296
302
337
328
321
304
317
317
324
324
348
342
302
321
306
329
342
340
339
354
321
306
332
337
314
343
343
365
327
310
321
350
326
323
298
314
316
319
329
319
296
325
356
312
343
318
344
350
357
325
337
344
363
363
351
349
344
340
346
357
348
383
353
340
397
351
335
377
309
333
392
372
370
354
358
354
351
365
364
415
342
383
356
368
398
338
387
371
358
359
386
342
352
389
368
367
303
346
376
389
396
359
358
385
358
392
350
354
331
381
371
340
361
401
375
430
391
382
382
367
368
347
417
381
382
349
358
407
365
368
422
388
409
415
385
373
402
396
356
400
360
379
394
391
399
415
404
393
390
403
395
430
388
405
387
433
400
436
388
448
388
401
410
426
402
410
400
433
405
418
401
383
436
394
391
392
394
427
426
377
424
420
373
424
432
432
425
435
434
425
417
407
448
442
392
425
446
398
460
459
450
411
446
409
437
404
429
448
466
447
443
433
428
478
460
436
449
403
432
404
453
433
464
448
425
430
450
498
417
432
448
458
465
471
460
447
459
426
460
439
444
419
416
425
444
474
429
434
442
453
423
446
445
459
467
421
438
462
423
430
455
465
489
462
474
449
485
440
461
485
503
462
463
478
452
498
518
477
448
461
472
498
471
490
487
482
487
474
494
500
477
501
485
473
491
493
477
453
463
505
446
479
468
460
468
432
461
483
466
487
501
486
527
436
460
453
523
482
485
506
472
455
526
513
469
468
486
479
450
436
479
511
504
494
480
483
479
491
466
436
481
479
482
473
489
529
484
457
492
475
519
476
458
508
490
499
461
504
510
454
483
535
498
492
486
530
515
497
489
459
548
528
489
493
498
491
478
480
497
513
465
536
459
474
496
511
509
488
508
535
511
476
473
499
469
504
509
512
519
481
486
487
508
517
539
452
510
500
494
537
488
530
489
493
540
510
543
501
528
519
477
513
485
522
478
488
523
549
467
517
491
525
534
510
505
515
523
508
453
520
530
485
488
515
503
488
523
528
494
527
501
532
502
566
532
469
513
532
515
515
496
514
546
499
487
494
516
517
528
513
520
476
474
524
529
525
490
496
508
502
490
498
531
495
513
508
496
526
515
483
488
545
519
502
504
511
535
504
507
499
489
512
484
537
508
504
498
550
505
528
467
512
485
497
499
484
515
485
515
522
494
507
534
496
517
555
456
481
525
469
521
493
514
521
499
487
497
528
511
519
509
505
490
522
519
537
530
513
496
495
513
507
541
500
501
517
486
511
493
479
504
467
489
491
552
472
471
496
519
522
518
498
479
502
503
488
494
494
508
503
543
480
506
502
466
511
516
497
523
483
467
507
488
467
465
484
494
502
467
453
527
505
471
502
461
453
454
497
462
444
497
499
513
472
483
480
501
498
475
484
502
508
474
495
458
494
475
480
445
485
503
455
494
464
438
513
451
475
458
465
526
466
477
481
523
490
475
472
497
487
503
497
493
428
480
472
471
481
437
482
495
468
479
492
411
429
447
473
472
442
456
468
475
436
463
436
461
462
486
461
461
478
427
492
452
418
481
458
435
475
476
451
439
454
453
434
452
461
474
455
486
413
438
468
435
451
475
432
432
453
449
455
428
420
402
454
441
431
441
415
483
414
420
460
460
442
397
470
398
479
449
402
431
435
389
459
437
422
411
442
442
437
425
419
436
439
430
407
447
425
421
415
415
471
460
429
431
409
415
430
416
414
415
379
398
454
424
396
414
400
399
400
414
414
386
434
360
399
411
406
389
399
386
383
403
433
393
405
396
389
380
392
427
383
385
428
378
409
386
389
413
413
429
379
420
384
425
408
403
368
403
394
385
413
358
386
385
364
394
376
380
380
352
420
364
367
385
377
377
340
368
370
369
393
340
343
380
358
413
378
360
378
358
362
372
342
324
351
372
391
373
373
378
367
348
367
356
364
376
356
333
348
370
349
340
341
348
362
358
383
347
341
383
329
368
351
362
383
374
357
359
378
374
326
337
326
340
356
347
350
352
328
348
327
311
356
300
303
335
321
327
352
315
319
315
328
326
316
366
319
308
312
322
362
288
333
311
311
313
312
342
329
341
297
341
323
332
323
354
307
335
326
331
318
331
293
318
291
315
294
316
297
323
311
326
292
290
288
281
312
313
294
270
308
288
312
326
297
311
300
289
297
304
283
283
301
255
286
294
274
272
300
299
276
283
287
303
286
291
284
280
328
295
282
279
293
291
261
286
289
238
283
300
257
281
279
287
261
286
306
252
274
244
255
271
245
252
278
247
252
263
263
241
227
258
267
241
289
249
273
288
243
262
247
289
260
258
262
242
287
245
258
265
277
230
220
239
258
253
261
247
215
261
240
253
244
254
251
214
237
240
242
253
230
239
236
238
232
241
229
207
253
221
225
237
217
216
259
218
232
225
244
223
222
224
226
230
249
230
234
232
223
215
207
221
229
243
220
231
225
238
227
227
210
231
218
223
246
216
208
229
212
235
216
196
196
219
230
195
195
223
183
201
237
185
217
194
168
201
189
181
206
190
198
201
205
211
183
199
221
186
212
213
212
236
206
211
236
186
194
171
209
195
201
187
185
184
177
194
170
187
183
206
197
179
201
212
175
186
178
188
194
159
200
182
166
181
203
203
189
185
200
176
195
177
186
172
180
185
198
180
160
182
194
200
174
172
161
165
162
171
177
175
161
180
165
170
161
170
184
163
183
160
171
175
166
188
165
159
155
182
160
172
182
129
139
171
170
153
183
147
172
157
150
137
160
157
144
162
148
147
168
168
147
137
147
143
140
145
138
151
133
157
145
145
136
118
128
138
133
162
143
155
149
120
152
160
152
133
131
159
145
138
152
120
144
127
147
137
134
132
133
152
124
130
150
146
147
150
112
132
117
120
120
128
162
127
109
129
134
120
130
107
116
123
125
140
137
145
129
151
139
146
111
117
128
133
134
121
132
133
148
107
135
129
115
129
125
124
149
118
127
128
159
123
142
117
129
127
98
115
105
123
139
93
114
142
115
124
121
113
121
123
126
106
137
115
124
122
104
124
118
110
110
108
108
109
98
101
102
112
111
106
99
100
106
96
95
118
88
121
109
114
105
108
120
88
93
124
96
108
99
96
103
123
100
87
92
92
89
90
104
87
106
105
113
107
101
86
102
94
88
88
89
94
95
85
95
99
96
97
88
81
90
91
97
89
86
92
90
78
94
96
86
87
79
99
114
74
98
77
73
83
85
72
87
73
90
80
87
92
93
71
86
86
79
91
72
76
91
102
69
93
81
82
82
81
97
92
71
68
88
84
90
74
74
80
65
86
87
80
69
78
77
89
80
77
65
58
68
78
69
57
78
77
63
71
77
70
62
72
87
68
69
78
55
65
73
68
66
71
82
67
75
69
59
72
53
79
72
58
66
65
56
78
68
78
68
64
88
65
61
69
52
65
60
81
67
62
53
54
52
60
49
55
74
68
57
57
66
58
63
66
64
56
54
61
71
66
58
65
64
55
50
70
58
60
59
60
62
61
56
60
67
75
66
44
61
49
56
59
59
54
36
42
49
41
46
63
49
53
50
51
42
65
45
43
61
54
39
59
60
59
40
46
60
41
67
69
52
74
47
59
51
38
38
53
44
52
43
48
59
54
57
48
57
53
53
42
39
54
38
50
57
52
45
43
42
55
41
48
49
37
45
58
46
47
52
47
48
47
48
45
52
41
51
44
42
46
53
38
39
56
42
49
38
47
32
34
24
50
46
46
43
32
54
34
49
45
52
49
46
39
46
39
54
38
48
38
39
44
42
47
41
38
27
53
48
34
34
42
53
41
41
33
59
43
46
48
39
43
39
36
46
37
41
37
37
47
37
30
44
47
47
38
43
48
46
38
43
33
43
37
29
36
40
40
44
50
36
39
48
37
28
33
38
36
30
37
27
27
53
13
32
37
25
38
43
31
27
34
39
45
28
21
27
33
34
27
38
39
36
30
32
37
35
37
34
38
26
27
41
40
40
31
36
35
33
29
29
28
33
21
30
41
35
26
40
26
34
30
26
33
34
29
29
39
29
28
28
40
32
32
33
37
26
33
23
29
36
24
29
28
28
46
34
24
36
24
20
30
34
24
24
41
29
30
34
28
26
34
24
36
30
40
39
37
48
30
37
28
38
37
34
21
32
23
30
26
24
33
23
27
34
21
32
22
28
24
22
35
13
38
38
35
35
23
26
34
24
28
20
25
31
18
22
25
27
27
23
20
29
25
22
17
32
27
32
32
29
25
26
30
27
29
30
22
30
25
29
32
26
24
22
37
20
21
20
15
19
17
21
19
23
23
26
22
15
21
27
21
23
19
23
25
16
23
19
26
23
21
23
16
20
23
18
25
20
20
31
24
29
25
27
23
26
30
24
26
23
21
25
30
16
21
19
26
28
26
25
26
23
23
22
25
29
34
27
23
24
20
28
26
30
19
28
27
27
19
27
23
25
22
18
19
24
30
20
25
26
18
17
22
17
19
27
23
12
15
29
24
22
30
29
16
26
19
28
24
22
22
19
17
19
21
25
23
24
24
27
28
23
18
17
26
24
27
22
29
19
27
26
23
21
25
23
20
26
12
15
16
21
23
23
16
20
26
36
11
21
21
17
15
17
17
30
20
19
24
21
23
24
21
24
26
16
17
22
12
21
19
15
22
17
26
20
21
15
17
15
19
19
20
19
23
23
18
25
15
14
23
23
18
18
21
20
10
23
19
16
16
18
21
21
16
23
18
27
24
25
15
15
20
15
26
21
16
21
13
14
21
18
25
21
8
20
16
16
27
18
18
25
18
30
19
20
21
20
23
14
16
22
13
19
23
16
18
21
28
19
17
22
19
20
21
21
17
21
17
19
16
21
11
20
18
25
16
25
16
13
23
23
21
18
18
14
16
21
22
29
28
22
16
21
17
16
18
15
14
30
16
21
17
21
16
13
21
25
21
28
15
13
25
23
21
19
17
20
19
21
20
23
20
20
21
20
20
21
10
23
19
20
16
17
21
19
17
19
20
16
15
24
20
20
15
21
17
15
18
14
16
15
21
15
13
19
15
14
20
22
17
27
13
16
13
26
18
10
16
19
20
20
13
13
14
18
17
16
12
18
13
16
21
12
15
20
18
14
10
13
21
15
22
12
21
20
10
14
22
23
22
13
20
15
14
18
21
18
21
26
22
19
18
15
21
13
16
17
16
24
21
21
15
20
15
15
26
12
12
22
21
18
16
14
10
12
17
17
17
15
15
18
15
22
27
17
13
11
17
19
17
13
17
15
18
15
22
18
9
20
20
21
16
16
23
16
13
14
15
15
14
13
18
15
13
15
19
23
19
13
16
12
22
19
14
16
20
24
14
17
19
16
22
19
23
24
20
23
24
18
11
17
16
21
14
14
25
13
18
15
12
8
18
25
15
19
11
19
16
17
11
18
15
14
20
18
14
17
20
12
23
8
25
12
16
18
23
23
19
21
12
16
19
16
29
24
14
12
12
25
14
19
11
20
19
15
18
20
12
13
21
21
18
30
21
14
24
20
20
14
19
20
19
20
23
18
19
19
21
20
21
18
21
19
19
12
21
17
21
15
18
27
10
14
17
11
17
13
19
20
19
16
23
15
16
17
23
17
17
23
16
19
20
21
27
22
21
16
21
18
12
14
20
15
11
11
13
15
8
18
12
21
21
22
17
18
12
12
13
16
13
11
19
21
14
23
17
13
21
16
20
20
15
17
28
16
24
22
23
17
20
12
27
28
21
15
18
14
15
18
13
19
14
16
20
16
16
16
11
13
14
21
16
21
10
16
17
13
14
19
22
19
9
15
14
8
22
8
16
11
17
17
14
16
15
17
14
23
18
8
22
23
15
18
19
13
11
17
14
19
20
14
19
10
8
14
19
22
14
20
15
17
15
15
21
16
18
16
10
10
11
17
14
13
14
14
13
12
15
17
14
22
25
20
13
15
6
14
14
20
15
18
10
16
16
15
22
19
18
9
9
23
10
11
24
12
24
20
12
19
21
12
7
13
18
21
9
21
19
23
15
13
19
10
11
13
14
22
22
19
18
17
18
15
14
17
23
16
18
19
17
18
17
15
8
20
18
15
17
22
17
16
20
14
13
18
18
21
15
18
14
24
21
17
18
24
22
15
23
17
18
13
21
15
14
10
17
16
22
20
16
8
17
21
22
17
17
17
16
20
16
18
22
16
16
13
17
16
13
18
20
9
15
15
21
18
20
24
19
12
13
18
11
20
14
12
17
13
13
16
17
15
17
16
10
14
11
21
17
13
17
21
19
14
18
23
13
18
14
16
15
24
26
20
14
12
22
15
17
27
13
17
21
11
15
23
19
18
24
9
24
16
21
24
18
14
21
15
16
17
15
16
7
22
11
7
11
13
9
14
11
17
15
13
15
11
21
12
16
13
16
18
15
13
18
25
21
12
16
15
19
14
13
15
19
15
20
16
17
19
12
19
20
16
25
14
21
18
20
14
16
15
24
19
19
15
15
31
16
17
14
9
17
21
10
21
16
16
12
15
22
15
16
10
14
14
20
20
19
16
9
26
14
17
24
17
20
13
17
18
12
19
13
12
18
13
11
15
12
10
13
11
22
14
24
15
11
20
18
21
18
14
11
15
8
13
17
13
13
13
13
26
15
15
19
22
14
10
16
10
19
24
11
11
12
20
15
25
26
13
22
19
13
17
18
17
14
16
18
20
9
18
25
24
21
16
22
24
21
15
22
20
11
17
12
13
17
22
15
17
16
15
14
15
12
11
19
15
15
18
16
22
16
16
7
10
12
7
19
17
19
21
12
10
10
16
15
7
18
21
16
21
16
14
18
10
14
12
23
20
15
26
19
13
19
28
18
11
17
20
15
22
18
20
16
14
18
18
19
15
14
15
19
24
18
13
20
15
10
19
22
23
15
19
11
14
13
18
17
13
21
19
18
14
16
13
21
15
15
14
17
16
16
16
19
23
17
21
25
12
30
16
15
18
12
15
15
16
14
16
13
18
12
21
24
18
18
13
18
21
16
20
16
18
16
12
17
17
14
19
19
20
16
23
16
19
15
16
17
20
16
20
11
22
17
21
17
10
14
17
23
13
19
26
18
19
15
13
13
16
16
17
19
14
11
17
15
20
14
21
16
19
11
22
15
11
11
13
24
9
25
18
18
21
15
14
16
15
12
12
18
13
9
18
22
18
14
13
17
23
16
14
7
17
22
12
15
15
16
20
17
27
12
19
18
18
19
15
19
21
21
16
16
23
11
29
14
16
16
15
14
21
18
21
12
26
18
17
14
18
18
13
20
14
19
14
21
17
13
18
11
20
13
14
29
20
17
21
21
16
19
19
17
14
12
9
18
18
16
19
23
21
10
16
28
14
9
22
19
16
23
19
20
24
10
8
11
12
16
21
10
7
15
17
13
16
12
14
19
16
19
23
15
16
14
15
16
7
12
15
6
18
14
10
16
11
21
12
18
12
18
10
19
17
15
17
21
15
13
17
25
18
15