0
0
0
0
0
0
0
0
0
0
0
0
0
0
0
0
0
0
0
0
0
0
0
0
0
0
0
0
0
0
0
0
0
0
0
0
0
0
0
0
0
0
0
0
0
0
0
0
0
0
0
0
0
0
0
0
0
0
0
0
0
0
0
0
0
0
0
0
0
0
0
0
0
0
0
0
0
0
0
0
0
0
0
0
0
0
0
0
0
0
0
0
0
0
0
0
0
0
0
0
0
0
0
0
0
0
0
0
0
0
0
0
0
0
0
0
0
0
0
0
0
0
0
0
0
0
0
0
0
0
0
0
0
0
0
0
0
0
0
0
0
0
0
0
0
0
0
0
0
0
0
0
0
0
0
0
0
0
0
0
0
0
0
0
0
0
0
0
0
0
0
0
0
0
0
0
0
0
0
0
0
0
0
0
0
0
0
0
0
0
0
0
0
0
0
0
0
0
0
0
0
0
0
0
0
0
0
0
0
0
0
0
0
0
0
0
0
0
0
0
0
0
0
0
0
0
0
0
0
0
0
0
0
0
0
0
0
0
0
0
0
0
0
0
0
0
0
0
0
0
0
0
0
0
0
0
0
0
0
0
0
0
0
0
0
0
0
0
0
0
0
0
0
0
0
0
0
0
0
0
0
0
0
0
0
0
0
0
0
0
0
0
0
0
0
0
0
0
0
0
0
0
0
0
0
0
0
0
0
0
0
0
0
0
0
0
0
0
0
0
0
0
0
0
0
0
0
0
0
0
0
0
0
0
0
0
0
0
0
0
0
0
0
0
0
0
0
0
0
0
0
0
0
0
0
0
0
0
0
0
0
0
0
0
0
0
0
0
0
0
0
0
0
0
0
0
0
0
0
0
0
0
0
0
0
0
0
0
0
0
0
0
0
0
0
0
0
0
0
0
0
0
0
0
0
0
0
0
0
0
0
0
0
0
0
0
0
0
0
0
0
0
0
0
0
0
0
0
0
0
0
0
0
0
0
0
0
0
0
0
0
0
0
0
0
0
0
0
0
0
0
505
622
852
1003
1070
1117
1120
1162
1164
1136
1171
1225
1218
1164
1154
1130
1096
1197
1104
1154
1079
1145
1089
1084
1130
1039
1128
1118
1103
1029
1050
1006
1008
1046
1021
990
998
994
1023
988
984
989
964
1016
936
950
982
958
954
997
972
993
925
969
961
900
888
878
912
843
937
890
860
920
898
881
824
911
867
853
893
892
839
829
846
834
858
827
832
840
819
835
888
790
832
777
778
800
828
786
854
768
799
822
840
794
771
785
769
727
781
730
809
797
768
761
729
701
767
738
760
728
707
709
736
730
716
710
756
723
711
737
715
716
660
701
650
660
673
701
710
707
712
652
643
679
650
637
682
644
677
639
637
674
642
669
654
587
659
659
626
650
598
651
600
634
593
608
584
610
606
612
625
612
623
668
631
583
613
618
558
616
590
587
614
658
577
553
562
585
583
599
572
590
583
549
554
566
559
552
569
583
556
537
544
603
593
571
582
564
545
552
587
591
495
564
550
567
555
586
585
563
551
573
511
555
592
529
564
539
564
520
558
541
583
572
521
553
560
542
543
534
519
519
507
486
529
507
519
593
514
515
484
507
508
530
522
556
475
489
465
496
509
479
498
518
519
483
499
519
517
507
480
479
475
500
499
478
463
453
468
463
454
467
490
448
454
452
469
424
433
436
445
444
447
455
427
430
445
448
498
431
467
450
438
470
424
469
455
481
490
446
487
455
445
444
442
430
433
476
407
449
444
455
407
445
447
382
419
404
426
405
449
450
417
413
400
434
471
446
447
439
408
416
422
412
426
442
449
443
447
442
426
416
417
398
434
446
454
410
441
405
377
391
413
462
436
424
437
462
434
434
417
371
366
417
399
366
404
392
397
373
409
402
406
423
400
372
423
416
379
395
408
407
370
369
382
420
417
392
401
400
401
391
403
358
378
394
382
400
365
370
413
391
358
382
375
317
384
385
343
371
368
369
347
355
366
387
364
365
380
390
333
344
363
397
381
394
371
356
381
359
345
370
379
389
335
349
358
343
329
411
376
359
383
359
382
322
341
369
361
365
363
347
324
409
373
353
393
356
344
372
335
335
304
350
386
318
329
333
366
348
373
326
347
336
405
364
339
365
347
359
338
353
390
338
357
317
389
331
356
393
359
330
351
338
370
332
360
332
338
347
322
304
337
308
362
346
340
353
351
338
363
367
301
323
324
350
335
343
355
331
320
328
343
382
333
348
351
348
342
339
323
347
321
334
306
329
323
317
307
338
320
328
350
300
320
323
330
329
344
330
318
300
330
321
296
307
316
350
322
323
309
331
295
338
339
302
312
314
276
286
309
312
317
302
326
302
294
307
318
322
361
322
343
305
320
305
338
335
338
324
300
340
304
314
311
307
317
302
301
348
337
345
315
347
280
328
332
341
345
313
309
332
328
298
326
308
334
308
319
312
321
326
319
317
272
289
295
318
298
286
316
311
293
322
285
294
291
260
274
320
315
289
294
294
287
282
273
273
312
305
275
308
283
315
294
335
301
286
282
248
287
279
285
285
275
255
271
290
267
294
302
268
291
259
287
276
298
277
283
284
297
268
323
278
299
289
281
299
263
264
283
279
251
307
287
310
321
284
301
271
278
277
297
272
311
301
250
263
261
287
297
283
288
301
284
304
278
313
290
308
283
272
284
273
293
282
296
232
256
258
268
256
257
251
268
254
293
258
273
263
287
290
295
298
283
275
302
282
272
290
298
303
271
304
306
262
268
291
317
297
293
282
316
277
309
292
260
308
277
309
282
319
270
297
292
248
270
300
296
278
303
288
280
255
303
315
310
262
281
255
262
263
279
281
263
289
296
268
248
244
277
244
289
264
305
283
288
273
271
243
243
271
278
285
296
288
293
250
258
266
273
277
311
292
277
281
311
308
267
264
283
313
290
298
287
273
246
301
285
266
284
254
295
271
267
234
284
247
266
274
231
252
288
266
284
290
269
289
253
260
248
276
280
261
257
262
246
298
275
263
273
249
268
319
285
271
251
308
283
267
264
257
244
266
258
254
275
267
239
259
265
293
304
301
240
257
274
213
284
252
264
268
267
237
255
276
274
258
263
250
263
289
263
271
274
241
291
295
274
285
266
255
270
261
267
262
317
288
281
253
290
271
260
263
264
269
270
282
252
290
299
263
277
280
270
304
287
264
271
265
263
259
258
278
282
280
262
276
269
320
268
294
276
303
291
295
281
244
276
248
285
289
269
269
332
284
272
290
291
297
304
279
257
318
304
296
275
294
265
279
303
312
257
322
316
303
320
310
321
298
295
314
294
320
336
329
324
290
305
313
334
323
309
338
288
289
302
325
343
279
294
316
312
304
315
290
295
291
303
293
302
304
327
330
346
305
276
306
313
320
318
325
308
298
299
327
326
342
313
361
296
313
339
354
338
298
317
344
345
322
323
328
318
329
349
321
307
301
335
325
341
329
334
332
316
352
292
327
344
320
345
304
333
333
339
350
346
349
333
336
368
351
323
346
344
324
333
313
323
328
332
344
313
332
381
357
350
373
342
371
389
399
414
403
377
367
343
359
372
365
389
358
329
357
354
390
348
375
371
352
356
405
363
387
366
391
354
385
329
358
380
364
347
374
405
378
382
376
359
430
383
385
348
401
363
399
399
371
369
369
355
372
431
366
376
378
393
349
386
365
382
356
374
375
400
404
379
370
377
379
398
376
362
380
401
384
383
409
391
406
425
389
402
399
406
373
378
411
401
391
378
448
420
433
410
389
416
407
420
402
406
387
399
396
423
384
394
409
399
419
416
402
375
403
405
383
397
383
379
413
405
398
422
418
388
408
416
387
391
375
359
438
371
394
387
418
361
390
390
399
393
394
390
377
394
395
384
376
381
400
376
416
381
390
384
374
419
376
370
397
401
394
393
398
374
361
348
382
373
395
392
386
425
406
463
376
370
427
399
388
356
364
440
390
387
355
364
387
404
380
382
396
371
392
375
401
395
345
383
400
384
349
397
356
390
396
366
393
397
372
402
415
405
433
379
378
376
370
327
387
362
336
359
352
373
383
376
374
337
378
340
323
364
354
360
366
344
338
337
374
353
347
372
335
367
333
377
364
341
375
367
377
339
354
337
330
363
323
365
392
321
364
352
334
341
372
338
342
340
351
342
349
356
345
331
356
337
335
312
346
327
335
339
360
334
319
303
307
285
333
307
339
317
343
300
308
313
299
335
325
296
336
336
330
325
341
316
290
283
307
322
332
318
337
302
312
280
319
315
309
321
283
322
278
329
286
301
296
290
312
302
336
298
297
295
338
298
333
275
295
289
268
311
262
260
249
312
274
249
254
275
268
286
291
280
271
305
311
287
274
253
282
258
286
252
233
264
259
263
258
250
314
272
250
240
245
231
249
242
266
251
237
242
255
265
249
224
252
259
232
231
233
249
229
261
231
268
251
232
256
236
261
250
234
248
202
235
211
219
225
234
202
211
194
252
209
222
242
197
224
232
211
225
194
223
216
221
207
191
198
207
196
229
180
188
202
205
207
214
186
218
209
218
192
201
186
199
192
170
181
205
181
189
163
182
208
150
164
186
185
212
204
174
179
191
172
179
198
207
192
172
171
188
153
170
170
174
164
186
159
168
179
186
171
172
174
169
154
137
164
172
174
177
150
161
176
161
158
153
151
157
155
149
161
174
146
155
158
163
182
167
170
166
159
178
168
156
155
154
135
131
135
131
152
124
133
159
149
123
148
128
156
137
157
114
130
137
131
158
140
149
130
118
126
130
146
148
150
152
158
105
143
138
136
125
134
149
140
125
116
132
138
113
125
126
100
121
124
105
138
130
126
116
119
121
111
126
145
130
141
123
141
116
126
153
131
114
118
118
105
121
120
119
121
142
104
107
140
127
124
113
142
114
120
132
136
111
125
106
118
118
103
124
107
121
135
105
109
112
102
106
109
109
120
116
88
113
112
109
110
106
128
127
118
121
132
104
113
105
110
102
112
102
113
79
104
106
96
109
104
125
96
104
105
117
110
115
119
114
104
100
119
100
97
109
105
117
102
100
111
99
108
105
118
112
121
104
118
111
94
115
98
121
103
89
90
110
107
76
97
102
103
96
107
108
107
96
95
102
86
103
90
96
90
71
102
97
108
95
101
86
109
88
93
90
90
90
80
94
94
105
89
91
99
86
77
95
95
96
90
101
86
103
103
103
109
90
107
97
97
96
99
90
89
85
101
79
78
112
89
90
84
81
90
105
81
102
86
94
92
89
89
90
90
106
105
78
79
79
92
92
105
108
94
103
90
102
85
101
87
86
93
88
96
97
95
93
87
92
97
98
96
93
76
94
72
102
95
95
104
98
84
87
82
79
116
103
95
96
89
83
78
82
96
92
85
89
91
97
84
93
101
85
86
94
102
95
89
85
99
87
96
86
106
84
92
79
93
105
100
89
95
114
88
81
82
94
97
109
80
97
79
85
75
99
105
102
88
84
80
84
107
90
89
83
85
107
83
97
100
81
98
99
84
87
84
87
93
87
100
97
110
89
68
90
83
71
98
101
99
88
90
99
80
77
98
100
108
95
91
93
98
87
82
83
95
85
100
81
92
116
91
98
101
79
92
101
99
107
108
89
79
88
78
108
90
96
101
100
102
99
94
114
84
101
108
85
96
98
105
99
97
77
105
96
91
103
96
94
104
104
108
116
89
119
105
91
93
98
113
105
98
83
86
115
124
109
92
107
99
104
127
109
82
95
88
92
94
118
133
108
105
105
104
89
106
96
109
117
104
101
95
103
111
97
102
104
112
109
94
95
107
108
107
105
137
106
103
116
108
114
122
95
113
95
99
116
115
99
108
115
124
96
92
119
111
109
118
115
114
112
93
119
124
108
124
110
111
131
109
104
110
116
128
113
121
108
115
110
109
114
102
106
118
129
115
110
106
146
106
106
106
151
108
129
98
114
115
122
109
108
105
101
121
126
119
97
114
137
112
120
117
103
147
119
130
123
129
122
136
134
116
115
117
128
124
106
135
111
117
108
115
128
117
112
112
122
143
138
148
125
125
130
123
119
130
112
128
145
144
131
119
136
116
144
120
146
141
117
135
135
136
142
127
128
125
134
133
136
139
133
132
142
129
121
125
146
106
128
147
137
121
138
129
133
128
143
147
149
153
151
133
150
156
139
152
116
144
145
130
161
118
138
135
139
137
140
138
152
145
145
158
134
127
140
141
144
147
145
151
125
156
146
139
147
161
181
139
136
146
148
134
142
162
163
136
161
137
131
160
129
143
165
130
180
164
144
155
153
161
156
141
149
149
177
153
130
165
181
145
163
155
138
175
158
154
136
166
154
155
162
131
147
156
195
144
169
162
143
165
152
136
164
169
174
171
169
156
151
152
160
164
170
183
172
166
152
202
168
163
150
192
150
176
154
163
160
171
166
190
178
171
168
189
174
186
168
157
176
176
193
167
187
186
208
170
162
175
151
179
190
211
163
180
158
181
178
197
170
179
171
208
181
181
178
187
187
177
174
187
183
166
193
194
207
172
203
189
180
174
179
179
186
199
200
205
193
181
173
175
189
189
189
199
191
191
216
207
205
183
220
220
184
194
222
228
208
221
194
237
209
196
229
206
203
221
216
220
208
194
211
217
178
193
201
218
226
229
211
220
208
211
219
208
198
219
233
204
212
226
201
239
222
206
252
235
202
223
208
212
251
220
235
237
217
203
213
246
230
242
216
236
223
215
225
243
242
229
239
239
221
224
234
220
239
237
252
239
245
235
269
245
249
239
260
272
235
272
246
254
231
277
270
241
258
245
251
270
265
269
268
265
297
256
236
256
262
289
288
260
255
261
263
294
281
285
306
292
301
262
254
274
270
272
294
255
277
315
287
287
316
291
285
307
298
310
269
325
311
303
287
316
281
297
301
268
291
277
313
262
331
343
270
322
294
267
313
305
314
308
291
322
290
308
311
305
302
318
335
330
297
353
350
345
346
338
326
329
345
331
330
314
323
325
337
333
402
372
344
323
371
357
362
345
313
330
378
363
306
352
346
345
325
348
365
382
346
338
353
346
354
346
371
356
371
345
400
367
351
350
392
378
361
343
387
355
401
412
346
393
376
384
385
407
406
404
393
404
403
398
394
401
409
459
428
393
413
413
451
408
414
433
436
414
406
445
394
425
419
442
414
440
388
407
429
409
420
415
428
411
479
403
426
454
433
434
426
439
424
473
441
453
447
464
458
440
437
454
450
457
474
437
493
436
469
491
484
474
469
516
459
471
445
487
477
499
503
517
498
503
500
474
510
484
478
472
480
503
501
525
484
470
515
520
454
512
503
541
499
507
544
520
513
495
526
524
512
531
498
538
497
534
516
528
509
512
528
536
524
531
520
541
504
540
544
526
524
525
515
546
515
518
552
520
537
552
538
543
564
559
522
531
559
528
577
597
562
566
515
597
560
576
585
573
562
601
576
587
595
592
556
663
556
585
611
581
568
570
560
613
608
631
655
591
638
607
627
637
609
601
624
595
603
649
580
584
631
641
595
633
615
608
600
615
639
647
650
602
643
603
643
670
600
611
634
681
630
641
597
656
592
669
646
693
678
657
664
636
610
650
667
634
691
650
655
678
601
691
720
666
651
686
667
616
694
699
644
655
650
680
626
703
693
681
670
679
682
699
682
701
675
700
657
688
689
679
715
723
689
669
677
701
681
651
679
692
668
716
703
666
660
705
704
685
692
693
648
699
685
707
726
697
677
688
659
677
707
692
702
707
757
686
683
720
702
685
744
721
681
704
711
693
685
741
720
671
738
713
716
750
744
752
700
783
729
713
707
759
723
697
712
684
692
691
688
736
739
712
742
706
741
710
703
746
756
711
740
759
747
754
673
684
683
767
720
737
723
734
758
728
774
727
717
718
700
730
683
769
769
741
685
723
777
684
742
746
719
734
725
716
729
769
714
718
781
805
720
762
774
725
735
751
728
749
710
734
775
756
739
734
755
734
737
712
702
750
717
790
703
746
703
752
709
713
718
718
769
729
725
729
770
724
741
752
700
707
681
707
719
712
791
707
707
656
700
701
691
705
718
710
691
677
739
691
698
695
709
727
691
704
694
676
628
705
708
682
721
690
641
711
718
707
695
715
711
679
671
688
673
718
671
714
651
685
647
698
701
644
670
653
699
690
691
674
642
652
654
696
700
706
682
660
671
686
693
665
681
663
661
652
713
640
647
668
625
702
671
652
622
649
670
680
672
616
662
676
674
638
639
619
637
634
603
637
644
570
667
632
595
566
673
612
666
654
593
668
606
612
632
621
593
656
647
605
678
577
628
573
568
652
589
604
629
632
574
628
530
636
559
603
577
594
595
575
558
617
582
577
577
573
592
609
621
562
557
589
544
587
534
582
577
577
568
521
553
574
579
593
536
546
576
572
517
540
522
545
529
547
539
547
529
600
538
513
564
502
512
554
516
488
508
576
567
527
544
542
500
515
558
496
471
481
536
533
501
530
516
494
497
521
481
503
501
517
490
504
483
467
518
519
489
503
507
494
497
509
440
459
434
490
474
477
485
472
416
458
491
473
427
476
439
447
507
443
469
457
466
460
434
461
417
441
443
428
476
414
440
469
459
411
463
448
443
416
421
421
464
410
455
380
394
381
437
432
421
406
404
403
414
457
430
430
416
401
423
388
393
417
431
421
354
405
407
381
357
358
394
387
404
412
383
396
355
415
393
375
368
365
394
377
381
367
389
358
361
376
396
329
336
385
338
381
358
314
361
326
373
332
361
327
334
292
298
325
329
324
326
316
325
327
325
295
314
327
366
312
300
318
327
314
300
332
326
313
303
279
329
304
286
297
312
305
294
262
327
281
275
286
303
342
284
289
253
282
267
226
296
259
290
273
297
296
262
288
283
266
297
268
277
272
252
249
262
261
271
267
272
292
274
263
258
242
253
247
248
256
238
237
281
249
266
278
242
242
248
241
233
221
215
246
255
240
246
214
200
219
245
218
239
250
228
221
217
231
210
209
227
218
206
176
204
214
239
220
203
204
203
213
220
204
247
199
217
190
214
190
201
184
233
210
185
210
201
223
220
188
165
198
197
198
173
205
169
176
187
191
185
179
194
194
166
182
176
182
155
163
177
149
150
192
147
164
173
162
180
169
162
168
171
174
148
149
174
156
162
154
169
160
161
176
159
163
162
158
157
154
151
165
166
146
151
154
155
143
144
135
157
150
128
130
138
127
146
152
143
126
126
137
104
138
118
123
139
143
137
127
111
139
150
142
139
126
125
135
146
144
139
122
139
116
106
123
134
131
124
121
119
114
135
120
117
120
102
103
106
101
119
119
104
88
88
106
103
90
98
129
84
104
108
100
100
115
110
77
101
114
112
108
84
94
102
105
91
101
101
103
108
85
101
83
79
96
94
84
94
121
92
98
100
83
93
94
88
86
94
107
81
102
93
88
93
67
99
93
89
94
93
95
92
59
77
76
63
74
83
75
76
81
86
70
93
101
77
89
96
75
82
70
81
72
79
77
71
73
63
79
62
74
61
68
93
75
68
71
71
70
66
77
61
80
59
75
75
68
64
82
71
59
67
65
62
59
55
70
57
51
63
70
66
81
69
62
59
53
59
58
52
49
58
68
50
51
62
60
63
55
61
53
54
69
52
60
53
62
61
52
57
49
41
61
43
46
51
48
40
50
45
35
46
56
64
51
43
46
45
57
49
53
51
44
52
61
52
36
61
45
48
36
38
50
52
39
37
35
42
47
48
44
61
52
34
35
48
31
37
42
45
55
42
42
34
53
39
45
44
44
45
28
37
28
36
42
29
43
39
42
49
25
29
30
35
36
38
40
42
30
33
31
34
31
35
28
42
36
22
40
32
36
26
27
28
34
27
24
35
36
42
31
12
28
32
34
36
40
32
31
32
30
39
27
27
31
33
32
29
37
28
35
33
37
28
31
21
22
35
27
28
31
26
30
22
24
26
21
28
27
24
22
35
39
24
29
23
27
26
27
23
18
27
29
29
23
25
27
26
30
23
22
26
26
25
18
23
37
22
16
26
24
19
21
21
30
29
27
25
26
24
25
29
19
26
21
19
19
20
25
20
14
22
19
21
24
23
20
25
24
15
24
19
21
25
20
33
21
18
25
17
26
20
13
29
23
26
22
18
33
22
17
27
21
18
19
16
16
20
13
26
18
19
17
8
13
16
15
26
16
27
21
27
16
23
20
22
12
24
23
20
15
31
13
13
17
17
18
16
31
15
13
16
13
21
18
24
23
17
16
18
16
15
18
20
20
21
19
16
22
23
19
17
16
9
6
16
18
20
15
22
13
10
14
16
13
21
16
16
18
23
17
15
20
19
15
19
10
14
29
11
11
11
10
11
18
16
17
13
12
19
13
16
19
18
14
13
15
22
12
14
11
12
13
17
21
14
10
13
16
11
19
14
11
9
12
11
21
17
20
11
19
14
12
13
11
13
13
17
15
14
12
18
15
12
13
17
15
14
18
9
8
13
18
15
6
14
15
15
7
10
10
18
12
17
14
8
14
14
11
9
12
10
10
8
17
16
11
13
16
17
13
19
6
6
20
16
18
21
15
16
11
14
13
12
17
14
11
9
6
19
18
11
16
7
14
10
8
12
10
17
14
15
8
14
10
12
11
12
13
6
20
10
11
15
13
18
8
13
13
8
14
14
12
9
12
10
11
18
15
12
9
16
14
9
14
12
15
10
10
23
7
9
9
9
11
7
9
10
15
9
11
16
13
9
5
13
13
10
9
16
11
15
17
16
9
8
14
7
10
11
9
17
10
8
8
9
13
14
9
18
6
6
6
12
13
13
14
7
10
10
12
12
8
8
7
7
8
13
10
11
8
7
10
11
9
8
9
8
5
9
4
12
9
11
10
8
11
13
19
18
9
9
11
9
13
9
7
11
9
10
10
11
15
14
7
8
9
10
15
10
10
10
9
16
19
7
12
9
8
12
5
10
14
7
12
10
9
11
15
11
9
16
9
14
5
11
6
8
7
9
14
8
21
7
15
11
11
9
9
13
11
7
13
8
9
13
9
10
6
13
6
15
10
7
19
12
12
8
10
8
14
11
9
14
13
6
9
11
7
10
11
11
10
16
6
7
12
7
10
9
12
14
11
8
11
8
9
9
11
8
7
8
13
8
11
5
9
13
8
7
10
10
4
8
14
8
17
17
9
9
7
19
9
10
8
10
10
13
13
13
10
9
12
4
14
4
10
7
9
9
6
9
10
15
9
7
12
9
7
9
11
10
11
9
15
6
12
14
13
7
7
7
10
11
8
11
12
10
22
17
9
6
6
8
13
7
16
17
15
9
10
6
8
8
10
10
8
8
5
9
10
4
7
16
10
11
10
17
7
8
9
7
11
4
10
8
9
13
5
9
16
7
6
10
6
7
11
12
17
5
11
16
6
6
14
14
14
6
9
8
11
10
12
9
9
5
15
11
8
9
7
9
15
7
8
7
8
12
12
13
6
10
10
10
10
10
9
11
9
9
14
9
5
12
8
4
5
5
7
12
8
13
6
7
13
9
8
10
9
6
10
15
11
7
8
16
12
9
13
6
5
9
8
13
7
11
11
4
7
13
8
5
10
11
7
7
11
7
13
13
7
15
6
8
6
9
10
6
11
6
11
12
11
12
7
8
9
10
11
10
8
9
15
5
6
10
13
9
10
10
14
12
13
7
4
11
9
8
14
9
7
13
13
11
13
6
12
13
10
11
12
16
8
11
5
15
8
12
5
10
11
12
9
10
6
11
6
13
13
13
7
12
9
12
14
10
4
7
9
7
11
4
9
7
6
12
8
13
8
13
7
8
7
8
16
12
7
8
2
7
6
16
8
12
11
6
7
10
8
7
14
13
11
13
12
16
5
15
9
6
13
10
9
11
12
16
8
7
15
12
6
11
11
6
10
8
7
9
9
4
9
5
12
10
12
13
7
13
11
10
10
9
11
7
9
7
5
7
12
5
8
6
15
15
7
11
11
16
7
7
9
11
12
9
12
7
6
8
7
7
8
9
7
14
7
13
10
10
12
13
11
8
8
7
4
10
10
14
12
8
12
6
3
12
12
11
14
6
9
7
10
5
11
16
7
10
9
13
6
11
14
2
10
11
13
12
10
11
9
10
3
8
11
6
7
10
12
7
8
9
3
8
7
8
5
9
11
8
8
10
9
11
8
9
7
10
9
5
15
7
11
9
8
14
6
10
8
7
10
13
11
9
10
6
10
11
11
9
8
10
9
8
11
6
12
10
8
2
7
7
13
8
5
15
6
6
9
9
8
6
8
10
6
6
13
6
7
18
6
9
11
11
13
10
11
15
6
7
11
4
10
9
14
10
7
10
6
6
10
9
13
8
6
13
3
13
13
10
9
14
13
12
9
13
10
9
10
7
11
5
7
14
13
8
6
11
13
7
7
7
8
13
10
6
7
13
10
13
9
10
3
7
8
11
9
15
12
14
12
12
9
10
15
10
7
8
6
10
9
7
8
11
11
9
15
10
11
10
5
8
19
13
8
9
11
7
11
7
9
6
9
8
12
11
12
10
14
8
7
12
10
12
7
7
9
10
11
11
12
7
9
8
15
7
10
7
15
7
8
4
13
12
7
17
10
10
6
17
11
13
10
9
8
8
13
12
8
11
5
11
6
10
13
8
14
11
7
14
9
12
9
10
6
11
9
8
12
4
10
11
10
11
11
6
8
6
11
5
9
9
18
13
10
10
6
7
7
11
9
10
13
8
16
15
8
11
6
10
14
12
9
6
7
12
9
11
7
12
8
5
13
8
6
6
8
15
8
13
9
9
10
9
8
11
11
9
14
9
10
12
7
8
8
6
4
4
9
8
5
12
7
9
11
12
10
12
7
9
9
6
8
15
11
10
7
8
11
9
7
7
8
4
7
7
12
10
7
10
7
12
8
4
8
15
10
9
9
14
8
11
9
16
6
7
10
6
10
10
9
10
6
9
9
13
6
6
5
7
12
10
13
11
8
5
7
10
6
18
10
1
7
7
10
5
3
7
6
8
9
8
2
7
9
12
5
6
10
13
4
17
12
8
9
7
10
8
9
8
6
10
9
11
12
8
9
9
9
9
5
10
10
5
6
8
2
10
11
12
11
8
13
9
11
12
4
9
7
10
6
12
7
11
13
7
4
8
10
10
5
11
14
11
6
9
9
10
15
9
6
11
9
6
6
9
12
9
6
11
10
3
9
10
5
5
13
12
13
12
7
8
12
12
15
12
6
10
9
9
6
5
9
6
11
5
10
3
9
10
3
8
12
9
10
5
8
11
6
13
11
7
8
12
12
6
14
9
16
19
11
14
15
7
5
12
9
16
10
7
12
8
10
3
9
14
9
13
8
10
11
8
8
8
8
10
8
13
12
8
12
7
8
13
8
8
10
8
12
8
9
6
9
11
7
16
10
11
12
14
8
11
7
7
15
8
9
13
8
9
16
9
9
9
7
6
13
12
10
11
12
10
10
9
11
11
4
10
8
13
3
7
7
9
4
6
6
8
6
18
4
4
12
8
6
10
3
7
8
12
9
9
3
9
5
8
10
9
11
9
9
10
5
7
8
6
10
5
6
9
7
8
9
8
11
13
11
9
9
9
10
9
6
7
14
8
14
10
8
9
8
9
5
12
7
10
13
7
10
13
19
12
10
8
12
11
15
7
13
11
7
14
9
13
8
11
10
16
13
11
4
8
9
6
7
13
7
7
12
7
12
16
6
18
13
7
8
15
9
14
12
10
6
8
17
13
14
9
11
10
11
16
7
12
17
10
17
14
10
14
6
10
11
16
10
10
9
9
17
15
5
8
7
12
7
12
14
15
10
13
12
9
15
7
9
6
14
16
9
7
24
8
8
11
5
15
6
9
5
6
14
6
7
7
10
11
7
8
5
11
8
7
10
10
17
12
9
7
7
13
12
12
17
12
12
11
12
17
15
10
16
13
12
8
5
12
18
9
13
17
10
5
9
14
15
10
13
4
8
5
12
9
11
14
7
8
7
11
11
12
16
12
12
10
17
11
11
8
13
7
7
10
10
16
15
7
10
7
16
15
20
12
12
16
17
10
8
10
11
6
8
9
6
12
14
8
8
14
9
8
9
16
13
15
15
12
14
12
8
8
8
16
10
15
15
9
14
11
9
10
12
15
8
11
11
11
13
9
13
20
9
10
17
10
16
5
9
9
9
6
11
16
8
8
15
9
10
9
11
9
13
18
5
12
9
6
10
12
15
17
13
16
9
11
11
12
6
9
12
8
16
6
8
9
14
6
5
16
9
12
8
14
8
11
12
7
14
12
15
8
15
10
9
8
5
12
13
5
17
9
13
10
11
16
8
11
13
10
7
7
14
11
12
15
10
9
8
12
7
8
9
14
12
11
9
10
13
18
8
7
19
10
12
9
11
6
17
18
8
13
7
12
7
18
8
14
19
13
12
13
8
17
12
12
18
13
13
15
11
15
11
20
14
10
12
5
3
8
19
9
13
7
10
5
16
11
11
9
7
13
10
15
24
13
11
14
15
17
12
10
13
7
9
14
11
11
13
16
11
5
7
10
14
8
11
16
15
11
9
20
12
7
10
8
9
10
12
14
9
9
11
13
9
7
12
14
17
10
7
11
11
9
12
7
9
11
12
8
6
12
14
8
16
8
7
11
8
16
6
14
16
12
10
8
12
13
16
12
10
14
11
8
17
18
11
15
16
16
10
18
5
8
10
12
11
11
11
10
11
6
12
7
10
16
11
15
8
11
17
20
13
15
10
15
13
7
16
12
17
13
9
20
14
15
12
7
18
13
15
11
16
14
9
15
7
6
17
7
10
11
6
8
11
21
9
13
13
13
12
16
11
14
14
9
15
17
11
14
15
9
14
15
8
14
11
16
8
13
12
12
13
12
14
17
13
17
12
23
13
15
25
9
12
13
16
18
16
9
11
14
9
11
8
5
10
9
10
9
7
9
7
7
15
9
14
13
18
12
7
9
9
13
16
8
15
3
11
9
11
10
19
15
12
15
10
7
9
10
10
18
15
18
13
18
16
11
18
14
11
13
16
10
15
12
15
15
11
10
10
11
14
11
16
13
14
12
23
15
11
14
16
12
18
21
13
14
8
16
13
15
12
6
6
12
13
14
10
15
15
17
10
10
12
9
8
13
13
14
10
14
15
8
9
12
9
10
16
16
12
13
8
7
12
16
8
20
8
8
9
9
7
9
9
7
10
14
13
17
11
7
23
11
7
14
17
16
7
11
14
11
6
11
15
15
11
15
18
12
12
11
16
15
8
17
11
12
12
13
9
7
14
14
8
6
5
14
12
19
13
9
10
15
7
8
13
13
21
13
10
14
17
11
12
16
5
11
11
13
9
9
9
13
5
8
14
8
12
18
9
10
13
13
13
8
13
10
10
4
9
10
12
14
10
9
12
10
10
11
13
11
10
12
13
15
8
7
9
10
10
7
9
10
7
11
14
13
12
14
9
6
11
10
6
8
11
9
5
12
12
6
9
16
13
8
13
6
10
12
9
14
8
13
11
14
5
13
14
11
11
6
10
12
18
13
11
9
8
12
15
10
9
7
8
2
8
6
9
11
9
10
12
7
12
8
12
14
12
8
6
12
10
7
4
9
15
9
10
10
15
11
12
9
7
16
15
9
13
7
10
8
4
13
12
12
15
10
10
16
14
11
5
7
16
11
12
6
15
14
6
10
18
12
15
4
10
9
10
14
14
7
12
4
9
11
9
12
8
11
7
6
11
5
7
13
11
7
9
12
15
11
10
12
8
4
16
8
8
15
8
7
17
9
9
12
6
12
9
16
11
10
6
16
14
12
11
14
9
9
11
8
14
10
13
14
9
12
15
13
6
9
7
5
14
9
11
8
9
17
8
10
10
10
10
10
5
9
9
6
6
4
15
9
8
16
7
9
5
8
6
6
11
4
9
4
16
16
10
13
10
15
4
10
11
7
10
11
13
6
7
11
13
8
7
7
7
6
11
9
8
11
7
5
2
6
11
10
15
7
10
6
11
13
8
12
10
8
6
9
8
6
13
8
5
11
12
7
7
13
11
7
10
15
7
9
10
7
7
9
7
15
11
6
5
10
14
13
6
3
6
7
15
9
5
8
11
15
11
8
11
3
7
7
9
7
10
6
8
7
8
10
2
4
5
9
7
6
5
7
3
10
7
4
6
7
5
7
8
7
4
6
9
7
5
8
4
6
12
8
7
5
2
7
7
4
11
7
8
4
10
5
7
7
5
4
7
7
7
3
7
10
5
12
4
7
3
7
7
5
5
5
9
10
7
5
8
9
4
3
5
3
10
8
6
10
6
3
8
6
9
9
12
5
9
7
8
7
7
2
6
11
6
5
8
2
8
8
4
5
5
7
9
6
6
7
9
14
8
5
10
9
10
9
4
4
4
7
7
13
7
5
8
3
11
6
5
12
9
6
4
3
7
6
2
7
7
8
8
1
8
7
5
4
5
2
3
8
12
8
5
2
7
5
3
6
2
5
4
1
1
7
3
7
1
9
4
2
8
3
5
5
4
5
3
3
6
2
4
5
9
8
6
8
4
5
7
3
7
7
5
7
4
8
6
8
5
4
2
4
7
4
5
6
6
3
7
5
6
3
5
1
6
4
6
6
4
5
2
2
4
5
2
3
3
6
3
9
3
3
5
7
6
6
1
6
3
11
3
5
4
0
5
3
4
2
4
4
5
4
5
6
5
4
8
2
5
4
6
4
1
4
7
2
5
6
3
3
4
3
4
2
4
5
5
3
5
2
2
3
3
4
5
1
2
2
5
4
4
3
3
6
2
1
4
4
3
2
2
2
1
3
1
5
4
6
2
3
5
1
2
5
3
5
2
2
5
1
4
3
3
5
7
2
7
1
3
3
3
7
4
7
1
3
6
5
2
1
3
3
5
0
0
3
6
9
5
5
6
2
1
7
3
2
4
5
5
5
3
5
2
3
3
4
1
1
4
3
4
1
3
7
2
0
6
2
3
1
1
3
3
6
4
7
1
2
4
4
5
4
2
3
2
0
7
4
3
3
5
4
5
1
6
6
4
3
4
7
4
1
7
5
3
4
7
4
5
6
2
3
2
2
4
4
1
3
1
6
0
5
3
3
1
3
5
3
4
1
1
1
1
6
0
3
1
2
2
2
3
5
7
3
3
1
2
3
2
4
3
2
4
2
1
1
3
3
1
2
2
5
5
4
2
1
1
1
2
2
3
4
4
1
5
3
4
3
3
2
4
4
1
6
1
1
3
2
1
2
3
1
0
1
1
2
1
0
0
0
2
6
2
2
0
1
1
1
3
0
0
2
2
0
1
2
1
5
2
1
2
1
2
1
1
1
2
3
1
2
1
2
4
1
3
1
1
2
1
1
2
0
0
2
5
2
3
3
2
5
1
3
4
2
3
3
3
1
1
7
1
3
1
1
0
5
4
2
3
6
1
6
0
2
7
0
2
0
2
0
0
3
2
3
4
2
5
0
1
1
2
3
2
1
0
2
3
1
0
2
2
3
1
4
2
1
3
1
3
1
0
1
0
2
2
2
1
1
0
0
0
2
3
1
0
2
2
2
0
2
1
5
1
0
1
1
0
2
1
0
1
3
2
2
5
0
2
3
1
2
1
0
1
1
0
1
0
2
4
5
1
3
2
1
1
1
3
0
1
1
2
1
2
1
1
2
0
1
2
2
1
1
1
0
2
0
0
0
1
0
0
0
1
1
2
4
2
1
2
2
0
2
2
2
1
0
1
0
2
2
1
3
1
2
0
2
0
1
3
1
1
2
0
1
0
1
0
3
2
2
1
1
1
2
2
1
1
3
0
2
1
1
2
0
1
1
0
3
1
1
0
0
0
2
1
0
1
2
3
3
1
2
2
3
0
2
1
1
3
2
0
0
0
1
2
1
0
0
0
1
2
0
1
0
0
2
0
0
1
1
0
3
0
2
1
1
0
0
2
1
0
0
0
2
0
0
1
0
0
0
0
5
0
1
2
0
2
1
1
1
0
3
1
0
0
1
1
1
1
0
0
0
3
2
0
2
1
2
1
0
3
3
0
1
1
0
5
2
1
0
1
0
2
0
1
3
2
1
0
1
1
2
1
1
0
2
0
2
1
0
2
1
0
0
2
2
1
1
3
2
1
1
1
3
0
0
0
2
1
2
1
1
1
0
0
1
1
2
3
2
3
0
1
1
3
1
0
0
1
1
3
1
1
0
0
1
2
1
1
1
1
1
0
1
1
2
1
3
2
2
1
0
1
2
0
1
0
1
0
2
0
3
1
2
0
1
0
0
3
1
0
1
1
0
2
1
0
1
0
0
1
2
1
0
3
2
1
1
1
1
1
3
1
0
0
1
2
0
0
1
4
1
1
3
0
2
0
1
2
1
0
2
0
2
2
1
1
0
2
0
0
0
0
0
0
0
0
1
1
2
1
2
0
1
0
1
2
2