0
0
0
0
0
0
0
0
0
0
0
0
0
0
0
0
0
0
0
0
0
0
0
0
0
0
0
0
0
0
0
0
0
0
0
0
0
0
0
0
0
0
0
0
0
0
0
0
0
0
0
0
0
0
0
0
0
0
0
0
0
0
0
0
0
0
0
0
0
0
0
0
0
0
0
0
0
0
0
0
0
0
0
0
0
0
0
0
0
0
0
0
0
0
0
0
0
0
0
0
0
0
0
0
0
0
0
0
0
0
0
0
0
0
0
0
0
0
0
0
0
0
0
0
0
0
0
0
0
0
0
0
0
0
0
0
0
0
0
0
0
0
0
0
0
0
0
0
0
0
0
0
0
0
0
0
0
0
0
0
0
0
0
0
0
0
0
0
0
0
0
0
0
0
0
0
0
0
0
0
0
0
0
0
0
0
0
0
0
0
0
0
0
0
0
0
0
0
0
0
0
0
0
0
0
0
0
0
0
0
0
0
0
0
0
0
0
0
0
0
0
0
0
0
0
0
0
0
0
0
0
0
0
0
0
0
0
0
0
0
0
0
0
0
0
0
0
0
0
0
0
0
0
0
0
0
0
0
0
0
0
0
0
0
0
0
0
0
0
0
0
0
0
0
0
0
0
0
0
0
0
0
0
0
0
0
0
0
0
0
0
0
0
0
0
0
0
0
0
0
0
0
0
0
0
0
0
0
0
0
0
0
0
0
0
0
0
0
0
0
0
0
0
0
0
0
0
0
0
0
0
0
0
0
0
0
0
0
0
0
0
0
0
0
0
0
0
0
0
0
0
0
0
0
0
0
0
0
0
0
0
0
0
0
0
0
0
0
0
0
0
0
0
0
0
0
0
0
0
0
0
0
0
0
0
0
0
0
0
0
0
0
0
0
0
0
0
0
0
0
0
0
0
0
0
0
0
0
0
0
0
0
0
0
0
0
0
0
0
0
0
0
0
0
0
0
0
0
0
0
0
0
0
0
0
0
0
0
0
0
0
0
0
0
0
0
0
0
0
0
0
0
0
0
0
0
0
0
0
0
0
0
0
0
0
0
0
0
0
0
0
0
0
0
0
0
0
0
0
0
0
0
0
0
0
0
0
0
0
0
0
0
0
0
0
0
0
0
0
0
0
0
0
0
0
0
0
0
0
0
0
0
0
0
0
0
0
0
0
0
0
0
0
0
0
0
0
0
0
0
0
0
0
0
0
0
0
0
0
0
0
0
0
0
0
0
0
0
0
0
0
0
0
0
0
0
0
0
0
0
0
0
0
0
0
0
0
0
0
0
0
0
0
0
0
0
0
0
0
0
0
0
0
0
0
0
0
0
0
0
0
0
0
0
0
0
0
0
0
0
0
0
0
0
0
0
0
0
0
0
0
0
0
0
0
0
0
0
0
0
0
0
0
0
0
0
0
0
0
0
0
0
0
0
0
0
0
0
0
0
0
0
0
0
0
0
0
0
0
0
0
0
0
0
0
0
0
0
0
0
0
0
0
0
0
0
0
0
0
0
0
0
0
0
0
0
0
0
0
0
0
0
0
0
0
0
0
0
0
0
0
0
0
0
0
0
0
0
0
0
0
0
0
0
0
0
0
0
0
0
0
0
0
0
0
0
0
0
0
0
0
0
0
0
0
0
0
0
0
0
0
0
0
0
0
0
0
0
0
0
0
0
0
0
0
0
0
0
0
0
0
0
0
0
0
0
0
0
0
0
0
0
0
0
0
0
0
0
0
0
0
0
0
0
0
0
0
0
0
0
0
0
0
0
0
0
0
0
0
0
0
0
0
0
0
0
0
0
0
0
0
0
0
0
0
0
0
0
0
0
0
0
0
0
0
0
0
0
0
0
0
0
0
0
0
0
0
0
0
0
0
33
30
28
31
24
24
37
31
32
28
22
33
33
33
29
20
20
25
32
28
20
36
25
32
35
24
25
30
29
33
26
29
24
34
20
28
30
33
21
22
29
26
30
27
23
22
28
31
34
28
27
30
38
22
15
24
27
27
28
30
27
28
29
16
29
27
37
21
26
27
22
23
14
33
28
23
27
27
19
19
17
39
21
29
21
19
23
21
21
34
32
21
26
30
20
15
24
17
16
22
37
23
29
30
21
29
21
20
36
21
25
19
21
27
27
31
22
32
17
28
20
22
21
30
18
21
25
21
14
17
22
18
24
26
23
21
18
25
17
25
23
20
23
18
19
30
23
21
25
22
17
25
27
23
16
18
15
26
17
16
26
31
14
25
24
26
28
17
27
21
21
23
31
25
26
35
25
22
24
31
36
27
18
20
20
25
21
24
17
14
27
21
13
25
17
30
33
17
22
25
20
25
32
18
15
30
30
31
19
27
16
19
20
22
21
24
22
28
21
23
19
19
24
19
25
25
24
30
22
20
23
16
19
18
20
22
27
22
20
32
28
16
12
22
18
15
30
20
18
24
30
16
20
20
17
18
30
22
20
22
14
25
17
18
18
29
22
27
33
27
22
34
19
27
20
16
16
20
25
26
25
19
13
23
20
29
27
16
18
26
24
19
18
16
19
24
21
19
22
26
25
16
20
20
16
21
18
25
25
19
20
21
19
24
24
17
16
25
20
21
30
11
17
23
16
21
20
21
19
22
23
23
17
24
23
30
21
27
26
13
14
20
23
25
23
17
23
24
19
28
24
18
16
19
24
25
16
19
31
17
23
25
25
23
22
22
18
20
13
16
18
23
24
16
16
23
18
12
23
21
28
12
18
16
23
15
23
14
14
14
31
25
21
29
31
18
22
25
21
27
17
15
12
14
13
23
17
15
22
12
28
18
17
17
14
20
18
18
20
18
14
18
26
18
16
22
21
23
27
21
14
15
21
15
24
19
19
19
9
20
19
18
15
22
19
19
22
17
7
17
20
21
23
18
19
19
20
19
25
18
26
17
17
24
17
20
26
21
19
21
17
18
17
20
21
20
24
22
14
15
17
23
16
21
18
20
19
20
26
19
14
23
16
18
21
11
21
12
13
14
14
17
22
30
24
13
30
16
13
13
19
18
16
18
15
21
22
22
19
18
15
26
20
24
24
23
21
28
19
17
14
16
17
31
16
24
21
17
21
20
16
16
19
21
17
16
21
27
21
20
17
25
22
26
16
17
13
23
11
20
29
17
18
23
12
12
21
16
21
16
24
18
9
21
17
21
12
17
20
23
17
21
17
17
13
12
18
22
14
26
18
10
27
26
21
14
21
19
20
29
17
20
17
17
18
18
18
19
20
18
17
17
18
20
15
23
24
25
17
17
28
26
26
21
35
19
20
8
20
17
23
21
13
28
24
19
15
18
9
7
11
17
19
21
20
20
10
21
14
21
22
18
18
22
19
17
15
22
17
16
18
14
9
22
18
12
9
25
18
27
21
29
18
21
12
24
18
20
15
18
24
24
24
21
22
18
12
9
21
22
25
18
17
20
26
19
18
13
21
11
20
18
16
17
24
22
24
16
20
22
16
23
22
24
29
17
16
24
15
15
20
16
23
15
24
26
16
18
22
19
18
20
24
17
18
15
11
18
21
14
20
16
21
16
23
19
26
19
17
14
19
15
22
23
16
17
21
14
21
19
27
15
18
23
15
24
18
14
21
20
20
13
20
11
16
19
14
18
19
19
12
13
12
24
19
16
14
22
25
16
22
12
26
20
14
17
19
16
14
20
15
16
17
20
21
16
17
14
23
19
23
22
22
27
13
18
29
19
22
15
23
13
21
12
16
23
19
19
20
20
22
19
22
28
21
19
19
14
18
24
15
20
13
14
20
21
18
24
21
15
18
12
29
21
18
17
17
18
16
23
19
21
21
24
22
9
22
17
19
14
14
20
21
15
16
19
19
28
18
20
17
16
35
13
23
21
17
18
20
11
19
15
20
19
18
19
22
29
20
20
24
22
15
10
11
20
29
20
22
29
28
21
28
21
21
20
26
9
17
19
21
9
18
19
21
19
14
25
23
23
13
17
22
30
17
11
20
27
24
23
29
19
25
20
22
31
20
18
22
24
24
19
20
24
23
21
14
22
25
23
14
17
18
20
27
20
23
26
20
20
22
24
25
16
22
29
17
24
20
22
15
29
15
22
13
17
16
15
28
26
21
16
14
20
21
21
21
15
22
27
24
26
20
17
16
23
19
25
18
24
19
22
22
24
16
23
25
21
17
21
18
19
30
22
20
23
22
19
24
22
23
14
18
19
22
19
24
16
17
16
18
19
13
19
17
17
25
26
27
28
17
21
28
16
24
23
23
22
19
21
18
28
17
18
14
21
14
17
23
22
23
24
18
23
25
21
18
16
17
23
21
13
19
14
11
18
21
30
33
23
26
19
23
25
23
27
8
19
26
15
31
24
21
18
23
19
28
23
21
20
25
29
31
21
18
20
30
23
22
28
28
18
14
22
20
20
22
22
21
18
25
17
16
28
23
27
27
18
29
27
23
30
19
23
25
17
27
20
22
20
28
32
13
27
18
21
18
15
17
22
35
14
28
26
17
26
22
18
18
13
17
23
24
27
20
15
24
18
23
23
14
26
25
21
17
29
15
27
22
25
20
20
15
15
26
24
23
21
38
26
15
21
24
27
24
29
32
20
20
35
24
18
26
21
19
20
28
20
26
32
21
21
23
15
34
19
24
13
20
22
20
21
19
25
19
29
17
28
17
15
21
24
30
32
19
27
17
16
30
27
24
16
28
18
19
29
28
21
20
20
18
22
23
33
30
24
19
24
22
21
24
21
30
20
25
23
29
25
26
23
25
17
19
22
24
24
23
26
10
22
29
25
21
18
25
34
16
34
22
28
27
18
29
23
20
20
25
29
23
22
16
25
20
27
32
26
29
25
28
23
18
25
25
23
22
27
29
26
25
24
16
22
30
16
24
26
24
21
24
24
17
21
23
20
33
30
23
22
17
12
15
23
25
18
20
29
25
15
25
25
20
21
15
20
22
14
23
25
27
22
25
24
29
29
31
34
29
28
24
19
26
25
27
27
20
23
31
22
25
20
22
17
21
25
20
25
23
25
22
21
24
28
24
16
22
37
12
28
22
11
33
31
28
31
22
21
19
15
17
18
23
22
27
19
27
24
24
39
19
26
27
20
22
20
30
29
24
17
22
30
21
19
20
23
31
21
28
22
23
19
24
25
35
22
12
19
42
20
38
17
27
29
20
26
24
25
28
27
21
27
24
18
26
20
21
23
27
22
16
20
24
19
23
29
25
21
31
33
25
28
26
30
31
26
39
23
24
18
24
32
19
23
21
25
21
31
16
13
27
30
23
32
19
32
22
21
17
27
19
33
29
22
23
19
24
21
30
27
23
25
22
31
30
30
28
19
24
37
22
26
37
27
26
29
19
31
32
24
23
15
27
26
31
27
24
26
15
25
17
22
31
20
24
26
31
23
31
25
29
32
27
33
36
33
32
29
20
22
21
19
28
24
23
24
25
15
28
22
19
17
41
24
25
21
30
28
22
29
37
22
24
31
26
27
17
20
23
31
24
28
22
26
35
24
28
24
22
25
24
20
29
26
20
19
29
23
20
29
30
30
23
30
24
27
22
15
30
32
21
32
19
24
21
28
20
32
27
28
26
27
22
20
22
21
25
24
27
25
30
22
25
28
21
23
28
29
27
24
33
35
28
27
26
26
28
24
31
22
30
28
28
31
26
28
26
34
18
40
30
32
28
21
24
27
36
27
29
22
30
24
32
31
18
31
12
27
22
26
34
29
33
20
41
21
36
28
33
19
35
16
17
30
33
27
27
20
29
36
25
32
28
37
30
29
29
27
26
21
24
33
24
24
25
27
28
30
38
28
30
31
34
39
22
17
29
28
28
28
37
20
24
40
24
29
26
36
29
18
22
32
33
33
25
17
32
33
31
33
29
27
26
32
25
28
34
26
27
17
27
28
27
39
28
25
25
35
29
34
24
25
26
23
32
28
36
31
22
38
30
24
27
27
33
30
28
25
26
14
31
34
25
33
24
29
25
29
31
25
20
35
31
28
27
17
32
34
28
24
22
21
30
27
38
29
25
16
34
24
25
22
34
31
34
22
30
28
25
31
27
36
24
28
27
26
39
35
26
34
32
24
39
35
18
30
32
34
35
31
40
34
33
29
22
28
28
28
28
33
26
37
30
19
19
34
35
29
36
32
27
29
27
37
27
17
40
46
32
33
42
29
28
33
31
42
31
36
19
33
26
34
19
25
29
26
29
33
33
27
25
36
27
35
31
44
42
37
24
36
30
28
30
31
35
25
32
32
38
32
40
37
35
30
41
34
43
28
42
38
39
37
25
27
36
31
39
26
49
32
25
37
30
29
35
36
31
26
38
36
44
39
31
31
39
40
29
33
41
34
30
26
33
31
32
37
45
39
44
37
36
34
35
29
45
42
27
25
34
27
29
39
32
27
38
32
43
42
48
34
33
26
29
37
37
34
33
28
38
44
33
32
47
40
45
35
49
37
45
31
41
38
46
45
27
44
36
33
33
39
34
48
32
37
35
39
36
26
35
41
24
36
43
37
35
26
32
31
42
39
34
32
43
43
39
45
31
39
29
32
44
39
28
60
37
38
44
46
39
34
35
26
33
37
41
27
40
42
38
32
42
36
40
37
45
43
54
42
46
37
48
43
38
38
36
39
40
39
40
46
40
38
35
48
38
28
52
59
46
34
36
32
27
39
48
34
35
41
42
41
39
41
36
31
39
39
52
42
46
45
36
41
42
36
40
44
38
36
29
29
43
27
44
43
49
34
34
58
50
39
50
44
38
47
40
39
51
27
38
51
43
45
37
39
35
49
44
52
52
44
46
41
38
43
35
39
37
31
51
43
50
42
42
44
40
41
34
40
59
42
40
48
51
51
53
46
44
44
47
46
54
43
60
41
33
45
46
55
41
62
47
44
43
47
47
46
30
49
51
50
38
44
58
52
48
48
53
49
67
49
61
55
50
43
49
43
40
43
55
45
50
44
54
59
56
50
51
57
49
45
42
36
63
66
33
52
50
55
48
57
47
58
60
57
47
61
51
55
35
53
50
37
52
58
52
55
57
45
62
46
51
67
60
54
55
62
50
52
57
42
51
52
45
62
52
58
47
48
56
65
55
52
50
50
72
59
41
57
54
45
57
66
50
52
42
63
49
49
51
61
53
67
42
52
53
44
55
61
61
61
58
44
50
66
54
63
65
48
60
53
52
58
43
57
58
54
62
57
58
54
60
65
78
51
58
68
59
56
57
62
53
54
59
64
60
62
57
72
57
52
49
63
65
53
64
69
59
55
55
61
68
61
62
61
68
62
69
65
60
78
58
65
56
61
50
55
72
73
50
68
63
51
65
61
51
57
51
66
61
61
60
50
69
42
57
64
53
57
68
69
59
68
78
66
63
64
76
63
57
61
84
64
64
65
71
75
74
58
60
63
61
57
58
68
77
50
47
56
58
48
65
59
57
67
76
90
62
53
63
63
66
56
70
60
76
65
73
64
67
70
82
67
78
75
64
65
60
75
77
62
73
74
70
79
74
73
67
67
67
76
65
61
80
55
66
57
74
70
77
51
75
69
85
63
76
77
73
82
80
71
66
61
63
74
59
75
71
66
65
66
77
65
63
71
72
87
63
71
69
73
73
67
73
80
69
76
47
61
61
78
66
63
65
68
74
75
68
88
80
64
66
69
70
67
60
70
64
73
84
89
78
84
77
92
58
79
70
57
80
68
69
61
76
76
62
70
74
78
73
62
92
81
81
71
71
76
84
80
60
75
58
63
72
92
65
55
79
83
70
84
71
82
66
55
70
78
75
80
59
80
85
75
68
83
74
64
79
69
73
78
69
73
76
78
93
71
77
77
82
68
93
67
84
105
75
97
72
82
72
76
73
79
82
73
76
84
78
71
67
74
84
81
79
77
69
87
89
74
68
74
76
79
81
65
85
72
86
79
86
68
72
86
68
92
66
68
66
92
82
86
74
89
77
88
71
88
78
81
87
75
72
79
65
69
70
72
73
74
88
67
71
92
82
92
77
83
73
96
89
64
73
81
89
67
91
85
75
74
71
87
71
74
84
69
63
68
68
84
67
65
73
64
74
85
73
63
96
77
86
88
85
63
74
85
72
78
76
79
61
77
63
68
72
85
96
62
90
65
69
86
77
68
82
56
79
82
74
64
81
94
69
72
67
80
65
73
75
74
67
77
68
98
71
74
72
75
66
80
63
77
86
72
51
59
77
74
73
80
64
69
67
71
81
75
71
65
81
70
86
67
88
69
92
69
71
62
93
79
84
81
75
74
63
70
71
73
60
80
70
82
87
73
73
67
62
67
68
74
71
77
76
71
58
78
69
67
59
79
66
69
76
72
62
68
75
71
70
66
78
52
72
83
76
91
76
82
69
65
60
63
74
81
68
82
64
74
67
76
80
64
73
75
69
67
66
77
78
70
75
65
47
72
59
74
67
73
57
69
74
60
74
74
79
65
66
76
53
73
69
71
68
85
80
65
70
76
66
79
73
53
63
68
53
73
79
72
66
61
62
61
75
76
67
66
68
68
74
73
79
65
73
63
67
64
74
65
70
61
79
82
66
72
70
82
66
88
73
60
65
79
79
65
66
77
72
66
63
71
56
65
66
73
64
54
75
67
61
63
79
67
68
73
68
59
59
77
56
66
61
54
74
73
53
70
61
65
61
63
81
62
70
53
50
75
88
62
70
65
77
48
66
63
69
56
68
62
70
73
65
75
71
61
65
66
59
63
65
73
77
67
75
62
54
63
58
66
56
70
68
72
67
62
67
59
63
71
73
60
71
85
73
66
65
53
72
58
55
73
63
66
61
62
57
74
61
56
62
60
69
61
51
64
54
48
45
66
58
65
66
51
55
70
77
58
66
61
61
53
61
61
59
58
54
51
57
47
68
57
55
55
53
55
62
65
55
72
70
69
62
74
64
67
58
64
48
55
52
60
51
52
60
57
48
53
61
49
51
62
67
55
61
65
63
46
53
52
61
46
55
62
47
54
59
53
56
53
60
50
65
55
59
53
63
38
51
53
52
56
59
60
47
55
55
50
64
44
55
54
55
48
56
45
68
54
59
59
61
47
61
53
50
47
47
43
49
60
52
54
57
54
75
50
45
65
39
43
66
47
54
40
43
44
51
56
44
55
36
47
64
43
59
69
43
58
56
48
43
49
56
45
54
43
54
38
41
48
53
53
32
47
51
60
58
52
56
62
44
61
52
50
53
52
39
43
43
59
52
49
63
40
48
40
34
50
57
59
57
59
47
49
41
52
55
59
50
44
56
52
49
55
35
50
45
38
50
41
51
39
39
43
40
41
52
42
43
46
33
38
59
35
49
43
44
31
46
42
51
57
44
49
46
44
35
59
53
39
46
44
39
31
49
41
45
37
47
41
45
42
48
46
54
44
52
45
51
40
50
42
37
38
48
33
39
47
52
38
36
48
65
46
40
46
37
50
37
46
37
44
54
46
40
44
43
42
36
40
46
49
40
41
39
38
47
37
34
41
45
43
39
37
42
44
45
58
43
36
44
35
41
53
33
49
48
49
44
45
43
27
47
56
38
39
46
54
39
45
41
41
42
43
47
37
35
36
52
48
51
40
30
44
36
39
49
51
39
37
57
48
41
45
43
35
39
56
38
44
42
45
41
32
43
45
40
47
37
41
39
43
35
35
32
35
54
43
43
42
34
36
36
25
37
48
30
39
34
39
59
40
38
47
35
33
43
44
23
42
34
49
34
36
30
43
37
48
39
57
41
51
31
37
40
41
41
25
44
44
46
40
43
55
36
49
32
43
48
43
45
35
32
40
35
35
35
40
33
42
38
41
32
47
41
36
37
38
34
42
37
35
35
37
27
56
40
43
41
31
49
34
33
32
49
35
26
28
42
41
39
36
30
34
39
21
40
33
35
29
27
38
40
36
45
42
52
48
32
38
36
38
38
38
36
43
36
36
36
34
31
32
42
39
27
41
43
44
30
42
30
34
26
39
35
35
40
45
40
36
43
40
41
39
39
36
38
31
37
42
33
29
38
39
37
46
45
33
47
30
27
32
45
54
33
36
26
52
33
32
30
39
43
34
24
27
30
33
37
28
28
43
36
39
41
33
38
23
45
35
42
27
39
35
47
29
40
36
49
37
41
48
32
39
33
40
44
38
23
39
60
32
31
47
37
35
37
27
41
43
41
34
36
47
34
35
48
42
42
36
32
38
44
41
41
34
39
33
34
38
49
38
34
31
36
35
34
39
46
35
51
28
37
31
36
31
31
32
31
35
34
38
36
46
38
33
42
38
41
33
31
37
40
34
37
50
32
22
32
37
48
31
42
36
36
29
34
43
38
44
58
36
29
42
40
33
42
48
43
34
37
40
47
35
35
46
35
30
34
42
41
44
40
45
34
40
40
46
39
43
40
22
33
27
37
32
38
46
48
37
42
33
38
35
35
34
36
46
28
30
38
25
41
37
44
32
37
32
46
23
45
42
30
46
36
35
41
22
37
34
39
26
40
31
40
46
32
34
28
36
39
35
35
45
40
32
44
39
38
44
37
35
35
29
34
30
43
33
47
35
36
43
41
34
34
36
28
49
43
38
35
44
35
40
36
35
40
41
41
36
40
31
49
34
39
35
40
34
44
33
33
43
29
39
35
39
53
39
40
49
35
40
34
36
40
38
41
41
44
31
42
25
37
41
29
49
42
45
39
47
44
34
44
42
34
32
33
52
40
42
45
35
42
45
39
42
49
36
31
40
42
35
37
28
41
42
35
32
25
36
50
36
41
40
42
35
42
35
31
63
49
43
47
38
40
53
28
32
38
42
43
40
44
36
32
50
36
36
37
49
45
44
28
44
43
39
35
43
51
47
37
33
30
43
43
37
37
39
50
33
42
43
44
32
45
43
42
48
53
36
44
53
46
44
35
27
41
42
52
47
37
46
46
42
40
45
41
40
35
46
48
47
48
44
38
45
48
40
45
45
46
37
35
34
47
51
27
42
47
42
37
31
34
38
44
39
41
49
42
48
41
37
37
58
45
39
39
38
47
35
41
32
56
47
42
38
48
37
34
40
45
45
33
42
45
38
39
29
38
49
46
39
42
44
31
48
52
34
37
45
37
41
33
38
53
44
52
37
39
48
44
45
49
41
47
43
45
40
38
36
51
41
46
37
47
39
39
45
42
45
36
42
47
48
34
26
44
47
35
45
58
48
50
51
46
52
52
41
44
42
48
45
44
38
40
47
44
35
54
51
46
41
48
48
43
46
51
45
47
38
33
48
42
54
45
50
49
43
43
39
57
53
50
50
34
52
51
44
52
63
45
44
51
37
43
45
37
48
43
60
49
49
49
36
46
49
45
38
34
43
58
48
57
46
32
42
38
47
47
29
46
49
61
55
44
40
57
60
62
49
38
52
57
49
50
43
49
52
25
38
54
40
68
53
47
55
46
47
55
46
51
59
59
49
62
41
50
52
48
52
53
49
46
55
53
52
53
38
60
49
63
51
61
57
41
52
68
40
46
44
39
46
56
55
46
45
47
52
52
57
56
52
59
55
55
57
49
43
56
50
47
39
58
41
55
52
56
59
55
53
50
46
51
52
61
43
57
55
53
48
41
58
43
43
60
46
65
45
64
46
48
57
53
54
47
47
50
54
49
54
64
49
52
41
58
45
47
50
59
46
44
57
49
51
60
43
40
63
51
52
56
48
52
41
59
53
46
52
55
48
53
59
56
40
65
47
52
69
61
69
59
64
55
61
62
55
62
56
58
57
48
57
64
55
52
59
71
46
65
57
51
46
63
63
67
57
58
58
64
52
56
56
49
53
53
69
53
53
64
44
61
47
54
49
61
58
64
53
59
57
60
45
55
73
48
60
58
60
52
42
51
61
59
63
58
70
54
57
63
47
54
66
53
57
64
50
64
59
54
57
48
57
76
43
44
47
51
70
54
62
51
59
71
64
50
63
54
52
67
69
55
60
61
65
56
62
67
67
49
70
57
61
41
57
76
71
72
51
65
58
56
47
46
63
63
70
57
52
57
64
51
74
67
66
59
57
64
67
75
46
56
62
65
62
73
67
63
53
60
62
70
78
51
63
70
73
61
58
67
63
72
73
66
62
76
68
58
68
65
53
60
59
73
73
66
72
70
61
60
66
69
71
60
69
64
51
67
63
78
62
73
65
63
73
69
66
64
62
72
61
73
74
71
76
69
74
67
85
71
68
67
66
63
80
65
75
65
73
67
51
84
63
61
52
52
70
63
78
64
67
53
76
64
61
65
68
61
64
63
77
47
67
60
74
63
70
95
57
76
44
83
77
77
78
52
58
64
66
65
74
73
76
60
54
59
73
61
60
75
61
76
81
79
76
72
57
79
75
78
60
72
76
89
73
85
66
62
66
88
77
75
57
60
51
65
63
60
86
73
77
66
73
93
71
87
58
77
66
74
99
81
63
73
84
60
84
72
74
69
68
70
83
63
70
77
53
65
68
83
83
76
61
74
73
71
78
62
83
72
77
71
73
67
68
75
70
84
82
88
62
74
74
62
76
78
87
71
63
69
78
63
73
62
68
73
74
64
61
85
79
80
87
74
92
72
78
74
89
75
69
76
76
76
81
88
72
88
89
63
82
82
78
83
78
90
86
75
70
71
75
86
75
92
74
78
77
95
84
85
76
64
73
74
81
69
79
91
78
63
85
78
86
76
91
71
67
77
69
80
76
82
77
72
78
76
78
81
94
85
87
88
68
71
72
99
75
78
75
92
76
94
82
90
93
90
82
88
95
78
80
83
102
66
81
89
82
89
84
76
94
80
89
90
83
92
86
74
79
83
82
78
78
77
76
94
80
86
90
85
81
98
92
87
84
83
93
95
81
75
84
80
82
86
82
66
78
89
84
87
104
74
77
85
86
102
81
89
86
79
83
86
97
92
86
102
90
96
99
80
86
92
85
100
83
101
103
82
97
96
100
87
87
75
89
94
90
97
110
86
81
109
95
92
78
80
94
77
96
103
93
98
91
100
97
78
86
90
100
87
87
88
113
98
100
100
105
93
100
97
86
75
86
93
114
114
106
75
86
98
107
90
93
96
110
102
90
93
95
95
100
94
89
97
84
89
98
81
93
87
91
94
88
97
83
104
90
106
98
105
84
96
81
105
99
98
103
111
98
117
104
98
108
94
98
85
111
105
80
101
112
83
102
96
100
94
99
101
101
110
100
108
94
110
86
115
110
96
113
114
104
114
100
107
110
110
100
100
78
99
113
83
103
97
112
90
107
102
112
105
117
89
91
108
125
117
112
99
92
107
109
96
102
123
116
102
112
122
117
118
91
96
98
112
110
121
111
100
110
94
109
110
100
114
96
104
96
115
112
117
120
106
129
117
115
109
114
120
104
102
121
114
101
119
111
98
133
123
139
89
105
120
107
111
120
103
103
91
101
132
91
115
120
110
110
121
114
118
126
119
119
111
112
132
130
107
123
109
119
105
120
104
103
121
119
129
129
119
102
123
122
122
101
138
114
125
134
129
109
107
110
132
121
128
108
133
116
111
104
111
122
124
132
122
136
111
113
130
124
120
147
129
132
117
119
121
140
133
112
105
123
142
132
108
134
135
112
104
129
131
120
125
128
120
136
116
125
109
129
121
135
98
134
140
130
129
145
127
120
127
114
140
118
146
133
135
134
151
132
122
123
124
124
138
138
127
139
141
133
146
132
137
128
148
149
160
152
127
145
131
141
144
130
141
107
125
133
157
137
149
154
136
131
133
138
135
134
119
125
122
142
154
132
119
148
147
170
131
149
157
158
139
148
131
133
147
157
122
134
146
129
148
168
177
157
137
157
139
154
130
141
136
148
161
122
137
148
135
140
136
161
170
147
171
148
142
161
140
159
164
174
151
150
157
137
155
147
149
161
144
140
150
158
150
151
145
162
142
146
144
171
154
148
157
153
165
137
170
151
145
164
160
170
155
171
150
137
164
145
176
158
163
153
178
138
151
162
150
156
150
184
140
157
166
174
165
179
156
179
175
174
171
160
153
169
170
177
144
190
152
135
189
158
187
182
163
181
170
181
179
193
167
167
179
171
165
198
173
190
163
186
166
180
184
181
166
175
164
184
167
168
178
179
185
165
166
187
158
180
165
177
175
185
161
168
183
184
188
178
172
190
186
194
181
165
188
175
154
183
169
200
180
194
175
190
183
173
183
165
181
174
167
193
189
185
174
188
183
170
183
196
184
209
181
179
186
185
204
181
225
190
215
203
185
211
178
174
199
202
214
184
185
187
178
189
201
170
184
182
215
217
211
209
191
212
217
210
194
195
223
202
217
216
207
206
199
212
188
201
187
209
214
217
208
195
224
190
197
223
226
212
206
205
182
230
217
199
199
214
208
206
223
236
219
222
200
199
240
218
206
204
220
199
217
205
212
208
204
216
213
212
207
213
218
206
194
234
248
216
219
195
222
203
241
227
227
229
230
221
212
236
223
231
219
232
211
242
226
195
211
218
224
224
232
223
228
228
228
241
228
222
245
226
215
230
246
223
230
246
246
220
230
231
226
239
238
241
233
207
229
257
229
235
248
216
236
251
240
224
232
247
240
240
243
213
256
219
249
234
245
242
221
260
217
252
254
243
244
223
233
234
237
240
247
220
254
248
226
236
242
256
215
271
233
247
246
242
260
265
270
263
236
260
280
273
244
262
261
261
230
230
262
277
263
284
264
250
279
252
252
257
262
264
292
239
276
273
237
255
278
248
258
249
291
242
252
289
276
266
252
275
257
265
249
239
265
269
247
266
249
280
259
256
271
266
296
269
265
272
263
314
269
281
250
287
261
291
262
285
266
271
273
299
274
301
269
266
255
304
291
278
280
293
245
289
272
296
250
280
286
288
276
311
265
263
283
274
305
301
304
287
290
293
275
278
287
295
283
298
299
293
282
289
271
296
295
268
294
326
277
269
281
301
296
276
280
299
303
277
290
312
312
284
290
320
331
302
287
318
326
316
274
263
276
295
260
329
291
293
331
323
306
325
319
311
290
315
296
297
281
320
318
310
320
286
318
313
295
280
313
309
307
323
297
299
319
293
313
304
303
323
319
295
330
336
342
318
318
303
317
295
311
299
337
306
308
303
318
309
333
299
282
316
323
328
305
326
320
334
318
301
333
343
323
320
327
328
312
337
328
322
340
315
322
289
337
315
316
324
340
321
323
315
313
313
310
311
331
316
322
307
332
336
345
355
326
318
328
294
305
316
351
324
355
303
341
312
324
308
329
336
304
314
304
329
347
361
339
328
368
312
330
362
327
344
335
353
320
332
344
360
313
321
340
328
327
350
310
347
348
322
328
343
335
323
362
328
294
353
305
322
359
334
317
339
322
360
327
340
318
323
354
319
352
365
367
334
328
348
351
363
318
348
309
326
350
363
355
323
318
329
329
375
321
319
330
371
329
328
356
366
308
369
332
344
360
369
343
346
334
340
349
341
344
369
331
311
331
377
339
368
362
338
309
365
326
370
315
368
366
329
366
331
357
362
354
350
361
358
386
354
366
313
358
358
350
371
328
361
355
387
357
350
324
349
332
376
326
363
383
367
360
329
362
359
335
377
373
359
337
352
326
377
368
329
327
398
331
384
388
348
404
347
339
341
390
360
366
342
339
354
371
341
362
352
339
390
356
366
345
319
360
348
364
365
352
377
347
379
367
344
349
366
363
353
360
369
331
374
351
345
339
344
362
355
347
344
357
340
362
401
354
368
339
326
415
384
343
351
350
344
338
329
331
377
397
370
375
303
384
368
362
345
363
379
375
344
333
385
381
356
383
372
348
372
338
373
359
355
364
383
369
333
365
359
362
375
368
334
365
358
350
354
358
350
327
348
360
301
363
354
361
401
384
367
369
329
391
372
339
336
376
392
385
371
384
363
356
324
370
355
366
324
403
389
322
358
369
339
363
346
352
356
347
372
368
358
367
361
376
330
376
314
390
370
337
339
365
353
349
328
356
336
341
377
364
351
353
327
348
311
363
345
340
375
344
318
380
373
369
382
350
404
345
387
372
349
386
351
352
385
348
383
338
347
336
332
334
358
383
309
364
373
360
348
364
357
363
362
355
357
390
370
364
355
376
343
332
339
332
370
362
326
348
352
335
352
357
320
328
368
358
350
374
351
351
382
334
348
325
322
383
318
354
362
368
343
353
335
326
375
376
343
324
356
327
341
342
323
370
335
349
343
347
366
331
324
352
340
369
310
342
360
349
338
311
320
310
360
331
351
333
373
331
332
342
352
370
348
343
369
320
344
335
357
314
357
344
361
337
330
335
346
322
363
320
323
325
327
374
348
376
388
318
333
304
312
326
356
343
351
323
339
353
345
326
303
335
352
324
352
376
334
330
352
344
337
356
319
343
331
346
320
343
336
345
343
313
324
302
297
314
322
341
321
349
308
330
308
347
336
328
318
315
326
320
330
325
333
314
322
330
306
326
347
336
309
344
320
337
308
320
323
369
314
291
280
303
321
347
325
305
327
336
342
302
285
310
350
317
309
306
316
314
326
304
320
295
303
321
310
325
298
331
316
346
358
309
307
316
302
282
320
324
319
310
275
318
321
291
284
286
321
319
295
306
294
343
310
305
333
307
324
307
301
297
292
331
308
321
313
299
309
295
263
307
303
279
302
297
281
302
295
260
270
298
293
311
268
300
278
273
306
306
321
325
307
293
286
306
296
320
273
324
283
316
279
263
299
270
285
303
309
282
305
259
300
261
284
295
280
280
305
279
302
266
301
284
280
262
289
281
301
264
269
269
291
326
289
312
277
315
292
256
267
284
289
287
252
298
283
289
281
306
246
259
284
290
292
253
261
288
246
291
294
257
249
267
284
304
265
260
261
245
263
253
257
271
265
284
290
258
294
242
254
270
290
250
287
271
252
282
298
269
276
282
278
257
252
280
258
249
240
245
268
264
234
269
273
247
245
276
231
244
279
237
256
284
231
251
238
259
259
241
248
249
249
249
241
267
260
225
256
270
269
227
271
241
255
261
233
240
218
251
228
243
221
232
225
243
245
269
239
275
239
250
231
232
219
219
228
242
263
262
255
248
250
232
236
237
230
233
248
240
256
223
231
275
255
230
232
241
234
252
259
254
213
248
195
234
246
231
219
240
237
201
223
233
262
229
216
239
208
239
217
213
223
202
215
223
235
232
235
203
209
228
208
206
209
208
219
192
270
229
214
176
212
232
210
210
221
213
232
222
229
219
219
196
208
228
212
238
216
228
200
219
197
204
219
197
202
227
225
213
226
214
206
212
225
223
208
223
179
216
200
243
201
205
195
184
196
199
206
185
190
212
211
191
198
190
244
183
192
206
184
208
191
210
195
190
189
176
209
211
187
172
184
213
176
184
184
208
183
181
204
161
189
189
202
193
179
214
175
155
170
195
184
197
188
209
198
197
198
171
197
179
215
197
170
198
197
180
209
181
183
195
183
202
192
185
156
180
167
179
170
169
208
182
179
167
182
179
169
178
159
171
193
184
160
172
189
185
183
166
171
156
160
149
184
183
164
170
161
174
156
185
176
163
175
172
178
159
177
173
190
162
193
171
161
169
177
153
187
203
177
182
195
177
185
149
163
175
160
150
149
169
152
164
143
140
157
151
148
143
176
156
162
188
144
142
162
153
155
147
143
147
165
136
152
151
161
179
160
139
135
167
163
164
159
142
151
161
141
162
131
157
143
157
137
164
142
130
144
129
149
151
139
155
136
135
143
151
131
138
151
165
134
131
130
155
163
121
153
141
142
130
138
144
141
142
143
144
141
141
153
134
136
147
134
148
156
138
134
116
121
120
133
136
139
138
124
128
125
134
118
106
139
118
134
130
133
138
145
124
138
134
118
127
137
137
133
105
126
128
133
127
121
133
117
114
117
146
130
98
142
113
129
128
118
127
99
112
122
133
123
114
116
133
122
121
124
119
121
116
112
107
127
127
121
115
99
121
110
117
130
131
109
115
118
120
112
123
121
106
125
116
112
97
97
96
114
102
100
116
123
100
122
79
110
119
104
129
110
115
120
109
114
111
109
117
103
128
104
106
113
116
102
87
115
124
81
103
85
91
109
96
108
92
103
97
101
110
99
105
87
99
84
108
101
93
91
99
106
111
92
105
119
94
98
102
99
86
100
87
94
103
93
80
94
79
98
99
96
85
92
95
86
105
99
97
88
87
97
105
85
94
91
84
99
93
105
93
88
99
97
75
87
79
91
86
106
89
99
84
84
78
87
79
83
72
78
81
99
96
99
91
88
81
89
99
93
89
87
76
83
82
79
80
63
78
84
84
91
97
80
86
108
95
79
77
81
101
69
87
66
88
81
75
76
78
73
81
96
75
80
79
58
62
71
79
72
66
98
84
83
82
77
83
70
79
78
78
67
72
81
77
78
79
78
68
74
77
75
66
72
82
63
59
87
64
73
72
66
56
66
69
67
66
77
59
68
67
56
70
75
68
63
71