0
0
0
0
0
0
0
0
0
0
0
0
0
0
0
0
0
0
0
0
0
0
0
0
0
0
0
0
0
0
0
0
0
0
0
0
0
0
0
0
0
0
0
0
0
0
0
0
0
0
0
0
0
0
0
0
0
0
0
0
0
0
0
0
0
0
0
0
0
0
0
0
0
0
0
0
0
0
0
0
0
0
0
0
0
0
0
0
0
0
0
0
0
0
0
0
0
0
0
0
0
0
0
0
0
0
0
0
0
0
0
0
0
0
0
0
0
0
0
0
0
0
0
0
0
0
0
0
0
0
0
0
0
0
0
0
0
0
0
0
0
0
0
0
0
0
0
0
0
0
0
0
0
0
0
0
0
0
0
0
0
0
0
0
0
0
0
0
0
0
0
0
0
0
0
0
0
0
0
0
0
0
0
0
0
0
0
0
0
0
0
0
0
0
0
0
0
0
0
0
0
0
0
0
0
0
0
0
0
0
0
0
0
0
0
0
0
0
0
0
0
0
0
0
0
0
0
0
0
0
0
0
0
0
0
0
0
0
0
0
0
0
0
0
0
0
0
0
0
0
0
0
0
0
0
0
0
0
0
0
0
0
0
0
0
0
0
0
0
0
0
0
0
0
0
0
0
0
0
0
0
0
0
0
0
0
0
0
0
0
0
0
0
0
0
0
0
0
0
0
0
0
0
0
0
0
0
0
0
0
0
0
0
0
0
0
0
0
0
0
0
0
0
0
0
0
0
0
0
0
0
0
0
0
0
0
0
0
0
0
0
0
0
0
0
0
0
0
0
0
0
0
0
0
0
0
0
0
0
0
0
0
0
0
0
0
0
0
0
0
0
0
0
0
0
0
0
0
0
0
0
0
0
0
0
0
0
0
0
0
0
0
0
0
0
0
0
0
0
0
0
0
0
0
0
0
0
0
0
0
0
0
0
0
0
0
0
0
0
0
0
0
0
0
0
0
0
0
0
0
0
0
0
0
0
0
0
0
0
0
0
0
0
0
0
0
0
0
0
0
0
0
0
0
0
0
0
0
0
0
0
0
0
0
0
0
0
0
0
0
0
0
0
0
0
0
0
0
0
0
0
0
0
0
0
0
0
0
0
0
0
0
0
0
0
0
0
0
0
0
0
0
0
0
0
0
0
0
0
0
0
0
0
0
0
0
0
0
0
0
0
0
0
0
0
0
0
0
0
0
0
0
0
0
0
0
0
0
0
0
0
0
0
0
0
0
0
0
0
0
0
0
0
0
0
0
0
0
0
0
0
0
0
0
0
0
0
0
0
26
29
36
35
37
38
38
32
36
31
44
39
39
35
39
36
36
42
38
33
44
35
37
43
47
32
33
37
24
39
41
35
36
43
38
37
33
32
42
39
35
43
42
31
39
34
30
31
51
40
37
31
42
27
39
29
36
37
41
39
44
51
36
43
35
33
48
38
38
30
30
35
35
46
40
32
37
36
38
32
36
35
39
28
40
35
31
40
34
43
47
42
31
45
44
42
39
41
49
36
42
46
37
30
47
43
39
25
39
43
38
47
34
29
38
32
41
43
34
38
41
37
47
35
46
38
35
36
34
38
35
34
36
34
47
32
26
27
34
32
26
41
39
31
39
37
39
29
38
31
45
38
43
27
30
28
31
43
31
36
30
33
35
36
35
34
39
27
35
36
36
49
37
37
33
38
33
30
46
26
33
26
49
42
29
40
41
31
36
38
40
30
41
38
46
26
38
46
47
49
36
42
37
33
32
32
28
46
36
36
34
51
31
37
26
29
33
57
48
49
37
30
30
43
42
40
36
41
34
49
38
51
39
43
36
38
39
32
43
44
32
34
36
35
32
41
35
55
42
37
45
30
30
34
32
34
43
32
41
35
41
44
36
43
34
41
46
36
38
30
38
39
41
40
42
43
47
35
34
40
29
36
33
40
40
39
33
33
47
41
35
50
43
21
39
40
42
37
46
41
34
39
41
37
43
42
34
38
35
37
46
32
33
40
35
36
37
43
44
52
39
49
32
36
31
46
38
36
34
30
40
40
33
26
43
37
44
51
41
39
37
38
42
42
45
46
33
35
29
42
37
43
49
35
31
37
44
54
41
37
27
45
39
46
33
39
37
36
50
53
45
34
36
41
43
43
42
35
33
45
48
39
34
42
47
35
35
34
50
34
36
38
40
45
42
37
49
40
55
40
46
41
43
35
40
37
36
39
39
43
47
35
41
39
38
51
31
46
38
49
43
34
34
36
34
44
37
40
39
44
46
39
43
33
40
45
52
32
47
41
45
42
46
40
48
39
38
47
40
42
37
37
44
35
42
46
45
46
28
32
53
34
38
46
41
45
47
49
39
46
43
37
42
45
49
42
33
35
39
33
44
57
44
54
43
41
50
52
33
50
35
41
45
48
31
39
40
53
42
43
59
43
38
35
42
53
47
36
49
58
51
42
50
40
48
32
39
46
45
52
26
38
43
36
46
43
34
42
45
38
60
45
49
37
49
44
49
40
39
51
36
41
46
48
48
41
60
42
38
53
51
35
49
45
40
26
44
41
37
40
46
40
46
37
44
35
50
42
58
34
52
49
36
43
54
38
48
46
48
48
44
45
54
52
52
47
43
52
50
58
56
54
45
48
43
37
40
52
57
49
50
47
50
40
39
41
52
43
46
41
48
47
52
54
56
44
49
58
34
57
42
38
43
48
54
45
69
54
43
43
42
49
55
62
50
48
46
57
60
57
57
45
47
47
47
44
61
45
40
66
49
37
51
53
51
49
46
41
51
57
38
50
46
57
65
38
41
50
46
52
47
48
48
46
48
43
58
51
42
59
66
57
58
40
56
54
54
37
54
60
52
39
48
53
50
66
50
40
62
50
61
68
41
53
51
53
51
48
57
43
53
56
55
58
61
60
66
62
44
44
59
56
49
53
58
53
54
62
49
69
48
59
66
44
60
44
46
43
55
67
58
56
44
49
49
51
45
49
55
45
64
52
63
64
56
57
62
58
65
47
50
56
56
45
57
60
66
69
67
49
58
44
58
51
52
57
59
58
50
59
55
63
65
49
74
52
63
54
49
72
62
60
52
54
61
57
63
57
74
53
72
59
65
77
69
71
62
81
65
48
58
60
56
84
70
45
68
70
61
68
68
62
61
66
69
58
65
58
61
58
70
59
53
54
61
49
66
71
67
76
48
51
61
57
66
68
73
58
71
73
61
63
58
66
67
67
59
85
69
73
65
50
60
81
67
60
59
68
65
71
71
85
80
71
86
69
82
70
78
89
90
50
73
81
89
76
72
87
52
79
65
72
77
72
67
69
87
92
77
73
81
71
74
69
72
84
76
86
72
65
68
85
78
77
78
85
82
90
75
71
92
96
78
79
83
84
93
89
90
91
86
77
78
71
74
96
81
81
86
79
80
85
81
94
86
83
79
101
88
83
92
97
83
95
104
78
88
100
93
104
89
100
85
97
107
73
84
103
98
84
89
83
92
103
94
95
89
103
103
99
89
83
90
102
102
104
117
105
104
102
113
107
104
102
103
90
124
105
107
106
101
105
114
107
88
118
109
118
108
102
105
116
111
94
89
128
91
107
121
104
106
113
100
129
121
117
104
120
115
118
121
109
111
109
122
107
101
103
148
113
128
105
119
126
127
112
111
126
123
134
116
141
126
121
121
118
113
116
142
109
123
102
132
149
110
130
137
126
136
134
110
137
143
124
132
128
134
126
140
145
114
117
149
121
132
131
136
150
118
151
133
150
154
113
131
137
126
145
134
120
146
136
144
132
118
142
145
137
134
150
136
128
153
132
138
142
128
161
151
149
127
143
130
110
142
136
137
153
144
142
127
166
143
153
144
140
157
139
150
164
134
158
158
154
143
180
150
136
125
142
120
151
140
157
128
159
155
149
157
161
142
161
132
135
159
154
138
139
141
139
137
137
162
131
151
139
155
143
141
161
146
145
141
176
132
134
172
133
154
150
168
138
143
164
163
174
183
147
155
152
151
143
141
137
145
159
165
148
149
135
158
155
156
160
147
142
157
159
155
149
145
144
157
136
160
143
150
141
152
166
164
154
164
161
132
155
168
149
165
168
165
154
155
153
153
134
151
142
168
160
145
130
168
147
148
142
130
145
153
142
150
150
165
138
146
158
131
152
153
147
135
152
130
154
151
136
137
143
134
151
146
169
131
136
146
149
157
129
138
148
146
117
127
138
148
129
159
148
149
153
130
115
118
146
138
148
122
143
144
112
150
140
140
120
154
122
135
131
131
137
148
131
128
145
143
130
134
140
144
132
141
151
157
152
142
130
128
137
137
119
130
113
134
149
124
140
111
131
144
126
132
132
112
123
123
121
146
146
133
146
149
116
124
137
126
144
133
117
116
130
132
123
128
125
108
136
124
116
124
109
121
118
99
104
115
129
135
123
128
117
116
105
119
117
120
128
111
142
116
116
110
119
111
113
94
130
113
118
106
100
123
124
112
118
123
106
118
104
94
111
120
113
100
116
106
123
111
110
122
118
100
108
112
102
102
122
110
108
114
91
107
95
99
118
112
119
95
105
87
100
111
104
95
102
99
107
95
101
106
96
116
98
113
94
100
90
100
98
106
95
92
98
105
84
98
75
89
94
98
88
109
91
115
94
97
99
98
102
101
103
88
101
92
95
83
100
99
78
101
84
70
104
88
104
88
94
96
102
77
84
101
82
63
89
87
87
90
63
91
90
94
89
73
90
86
65
76
85
77
87
88
85
75
82
79
80
84
84
84
68
84
79
79
85
91
81
93
91
80
86
88
69
71
74
69
75
77
92
78
77
83
77
74
80
72
86
78
87
69
86
90
96
74
87
82
78
65
77
75
90
93
61
95
76
82
73
65
66
78
88
75
73
86
92
87
91
87
76
70
94
76
65
75
70
70
75
77
70
81
68
62
83
69
76
63
82
86
71
82
64
52
68
85
66
79
62
61
81
83
78
74
82
74
82
80
74
73
78
71
64
59
79
79
66
72
81
73
84
78
75
58
75
66
77
84
62
54
85
58
55
84
87
76
75
74
73
77
73
80
77
70
87
54
76
58
81
70
78
73
68
58
77
69
63
80
62
67
78
57
72
74
79
77
61
68
65
75
73
80
69
87
74
64
62
76
59
73
86
56
72
68
71
51
70
76
61
71
72
66
80
67
60
66
75
71
70
67
82
67
76
65
65
74
65
82
67
79
60
78
67
58
83
76
75
77
56
67
82
55
67
52
65
60
78
76
68
83
60
63
59
67
72
72
79
67
86
65
67
93
68
73
57
71
72
72
81
72
69
68
69
69
74
75
74
67
65
58
67
71
72
72
81
79
68
74
103
73
78
86
67
67
68
69
68
85
64
75
71
77
92
66
76
68
85
77
74
77
74
60
76
75
71
84
77
78
79
67
63
74
69
84
68
80
75
81
77
98
68
84
77
63
93
73
73
78
68
69
75
70
70
80
78
63
71
71
83
68
74
90
69
87
95
84
62
79
80
77
86
75
69
91
69
69
84
73
80
90
74
86
69
67
65
71
76
89
74
77
78
82
80
71
73
97
74
60
86
78
72
73
81
73
80
78
89
79
85
79
71
80
90
91
89
80
86
86
75
70
107
90
111
89
93
93
93
74
77
80
78
71
69
82
83
82
78
87
76
84
80
82
76
77
75
81
91
92
78
91
89
94
73
84
86
88
85
65
79
95
90
94
90
88
99
102
91
85
104
83
83
101
83
93
76
87
90
96
87
90
86
92
95
87
94
95
85
79
96
95
94
102
86
75
84
75
96
100
93
99
95
92
94
98
104
73
85
116
96
115
102
77
102
115
88
96
90
104
97
86
101
95
104
85
100
99
104
102
94
109
108
86
92
118
103
116
93
109
93
84
105
102
108
97
99
111
117
133
108
105
107
90
119
91
90
106
123
112
93
104
96
81
103
84
102
118
110
108
116
113
125
124
103
113
94
105
111
111
111
113
117
115
115
113
103
121
116
106
110
104
103
126
102
129
134
117
99
119
120
110
125
107
136
120
127
115
125
120
118
118
97
131
113
102
115
116
96
129
110
107
130
102
130
124
130
106
135
125
114
111
125
120
122
137
119
135
115
139
131
115
130
117
107
120
141
116
130
114
132
142
132
127
139
125
126
136
112
129
120
124
127
123
132
161
146
126
142
127
119
137
113
116
117
117
127
140
150
130
142
127
135
151
136
137
107
141
145
141
130
159
154
149
134
151
136
152
135
151
123
130
148
122
143
143
155
151
145
149
148
153
164
138
166
142
122
153
151
148
152
144
160
161
120
130
137
150
170
150
147
178
135
145
150
179
127
181
146
137
145
145
155
120
136
131
153
165
168
171
178
168
134
146
161
148
132
168
147
177
154
162
161
143
178
146
178
155
163
182
166
164
164
145
167
161
161
158
163
161
152
183
147
150
167
141
177
201
185
172
166
164
166
168
167
154
178
150
197
178
185
178
188
170
154
172
162
187
158
183
191
188
176
160
176
170
174
181
139
192
185
178
171
187
167
196
172
205
203
171
197
170
169
181
185
197
210
167
201
176
164
194
190
202
204
204
193
196
219
203
193
215
215
188
197
198
189
206
218
201
204
213
205
204
203
211
179
193
202
198
213
213
202
190
208
214
193
207
225
211
206
232
230
249
211
214
229
201
212
206
203
216
246
222
248
200
224
209
208
225
224
234
214
243
210
221
227
246
232
229
227
245
238
232
236
220
227
218
229
219
234
240
212
248
258
215
235
256
245
248
254
262
220
231
233
257
257
235
247
250
260
275
241
258
246
247
241
265
243
251
265
225
274
247
253
271
276
266
241
249
234
279
254
273
277
268
263
259
298
259
280
285
294
284
236
277
287
287
286
268
269
295
294
285
260
292
243
243
288
283
276
303
317
297
287
291
309
323
292
311
259
277
319
260
325
295
301
289
315
332
301
309
335
305
342
292
315
336
269
318
320
285
320
311
326
325
339
318
355
330
328
347
310
293
325
347
329
340
318
348
315
341
323
361
318
327
326
364
329
330
320
327
347
321
352
342
326
358
305
318
323
377
351
349
402
347
396
365
384
373
370
353
358
374
389
362
333
387
378
342
391
365
381
356
363
350
381
382
375
394
397
395
387
391
365
425
382
420
400
418
383
377
410
356
382
413
375
364
381
363
407
449
399
408
423
440
455
410
412
446
424
435
420
460
405
446
400
436
432
431
447
431
446
395
476
443
472
429
428
461
476
422
448
458
468
405
488
462
491
469
472
454
487
472
465
501
494
469
462
450
476
493
469
486
492
454
484
462
449
471
507
479
467
504
503
487
497
481
503
526
535
507
490
515
495
522
535
509
516
519
505
497
528
507
512
512
525
525
552
569
498
490
551
574
561
583
563
529
511
482
510
534
560
532
528
535
525
537
530
549
538
521
529
569
542
591
583
546
606
593
534
572
593
563
555
599
611
575
588
604
591
589
567
592
536
565
568
579
648
598
629
554
547
619
610
613
536
612
599
599
635
633
570
589
607
607
650
591
599
592
641
654
621
592
602
641
628
629
601
562
604
646
647
651
620
619
620
673
661
653
632
634
640
656
648
651
622
653
632
680
646
657
644
666
645
644
636
657
651
673
655
704
648
618
685
688
662
685
670
693
693
656
648
675
683
728
650
651
677
659
695
714
653
696
669
637
659
683
680
687
711
657
655
689
705
714
695
734
677
646
671
677
676
685
691
682
683
707
666
644
688
709
674
695
693
736
660
727
705
736
696
677
712
693
685
694
708
698
713
708
684
682
714
706
745
687
682
711
694
702
731
746
712
718
716
704
757
700
773
655
739
671
702
701
754
663
761
783
765
724
687
694
696
702
747
760
721
714
702
675
711
657
748
727
727
734
711
678
733
699
753
701
690
714
725
710
698
720
729
724
752
682
697
705
759
702
732
708
729
708
715
729
703
717
690
674
719
703
687
771
718
701
761
749
739
675
686
693
723
735
744
703
738
730
686
683
646
784
723
690
714
705
688
707
691
725
683
712
751
687
761
696
712
714
696
725
674
671
741
764
689
746
667
693
723
692
670
718
701
734
710
701
726
696
724
711
699
676
706
735
687
727
683
737
674
751
693
704
689
689
688
729
732
672
708
663
684
662
647
635
640
706
627
693
635
616
688
685
656
676
633
675
634
620
719
664
713
674
634
628
647
675
666
664
652
669
608
682
633
656
664
643
639
665
656
675
655
649
722
643
628
659
661
630
609
647
622
679
635
635
641
667
599
677
615
629
637
603
623
659
618
605
597
605
617
625
670
637
628
620
632
610
635
633
635
629
568
591
612
581
575
600
592
611
620
659
596
642
565
580
586
586
574
606
618
604
569
569
601
569
596
579
581
569
603
577
593
524
572
557
553
575
557
598
599
561
494
587
566
582
553
517
576
607
579
558
600
573
557
534
511
567
547
519
535
527
543
556
568
527
559
544
533
539
556
543
555
525
517
499
506
497
497
538
502
504
499
509
520
494
492
488
481
475
469
495
481
449
506
453
490
499
497
485
448
467
456
468
465
483
465
493
491
464
435
452
439
441
466
474
466
454
490
447
478
475
443
439
476
466
459
440
457
474
446
481
446
429
385
449
461
431
428
416
415
440
435
431
432
400
386
400
430
392
387
426
416
435
381
459
410
408
390
404
356
383
410
364
400
396
437
344
384
377
364
402
369
369
391
376
361
350
387
366
416
337
368
396
350
327
381
387
355
356
365
372
339
336
352
358
314
341
324
368
311
354
339
362
356
332
343
346
325
314
329
295
340
292
323
326
354
330
317
336
354
330
323
303
321
321
312
297
315
335
329
349
296
315
302
301
324
308
288
308
299
292
297
282
310
297
288
272
277
282
287
258
306
266
282
272
263
289
296
266
258
260
271
286
270
272
308
305
270
294
323
259
229
272
260
273
265
286
294
322
282
248
241
286
241
258
278
240
234
262
236
260
247
279
250
227
236
247
218
235
193
242
222
216
220
236
211
204
247
230
211
190
218
239
216
234
265
224
230
216
201
231
201
208
214
217
182
187
211
207
206
181
233
181
220
201
197
199
204
195
189
187
217
191
175
195
200
190
189
184
187
166
176
201
189
191
160
186
176
171
175
180
177
160
183
185
158
176
150
165
172
157
187
170
162
176
168
156
146
150
155
160
148
157
163
158
140
173
172
141
179
152
184
184
137
153
150
125
145
168
125
162
164
159
158
133
147
157
150
139
138
153
144
130
160
127
129
129
121
127
121
134
119
122
131
126
141
135
145
132
125
135
122
121
121
135
118
98
126
115
144
126
131
154
129
118
119
140
109
107
122
101
103
111
140
112
126
125
107
115
136
132
106
118
115
122
90
112
122
94
107
95
89
118
91
100
114
109
102
113
90
108
103
115
112
88
83
103
102
75
88
112
97
86
88
93
102
86
96
85
100
91
84
87
89
81
104
92
88
101
74
100
83
78
72
68
67
78
85
76
75
87
71
75
89
91
74
74
77
84
83
78
71
82
95
87
99
78
86
90
82
79
58
74
81
70
70
75
80
64
70
79
87
63
68
84
69
73
71
78
51
76
67
61
80
59
62
72
55
79
68
56
60
65
75
53
50
53
62
63
61
67
56
71
62
63
58
54
57
63
71
67
59
60
71
48
56
69
52
50
43
60
50
47
52
45
56
52
54
50
50
46
56
45
56
53
53
34
57
43
53
53
49
48
63
45
38
51
51
61
32
56
45
51
63
36
54
43
48
43
37
40
39
48
39
36
41
46
42
43
50
54
42
47
47
37
44
48
46
38
50
36
36
31
37
44
47
39
30
46
42
45
37
48
44
29
36
41
42
46
39
31
33
40
41
29
33
52
41
40
36
38
37
18
35
31
33
27
43
31
32
27
52
33
27
40
27
34
38
41
33
32
36
31
33
41
29
26
34
33
33
28
31
31
23
30
28
28
30
32
33
33
21
32
26
27
21
40
35
30
30
26
21
22
30
35
22
21
29
33
25
21
20
21
27
18
32
26
23
36
23
27
30
22
20
28
31
26
21
19
23
24
27
24
14
22
24
31
30
25
24
16
22
27
16
18
22
22
21
25
26
19
24
17
26
16
20
24
22
19
26
26
16
26
15
17
23
20
28
23
16
20
15
14
24
26
26
15
30
21
18
20
18
23
18
16
17
27
29
24
20
23
20
30
15
24
13
25
27
13
13
20
18
15
19
22
13
21
21
19
18
13
18
17
18
28
15
18
24
24
19
17
16
13
25
13
18
24
13
19
11
11
18
17
9
20
22
19
13
11
14
18
25
23
19
13
19
12
16
15
18
24
17
17
16
14
14
21
18
10
16
27
10
17
17
11
15
16
18
17
12
13
15
16
15
23
21
12
26
12
18
13
22
14
10
15
11
19
12
18
17
15
25
19
15
15
19
7
16
9
12
17
14
18
12
20
19
15
13
12
8
19
9
12
13
16
17
15
20
13
10
14
18
17
18
16
12
12
9
19
22
14
15
15
11
10
16
9
10
8
12
15
16
7
17
16
11
20
10
16
16
11
13
11
11
12
12
16
7
16
16
14
11
22
8
11
18
17
17
9
10
6
11
9
16
18
13
6
14
11
10
13
12
10
6
7
4
12
9
12
13
8
15
15
16
7
10
6
17
14
9
6
16
10
11
9
14
13
13
9
9
10
8
13
8
12
7
20
10
14
8
13
9
16
14
14
11
11
12
18
10
6
17
17
8
11
9
9
15
16
9
22
13
11
8
13
13
16
6
11
15
15
13
10
21
8
11
6
10
15
7
10
9
7
14
14
7
10
7
13
11
7
15
11
12
12
13
13
11
7
5
4
11
8
9
14
6
14
14
5
12
15
11
12
8
12
12
12
17
11
11
6
10
6
11
16
12
10
9
15
14
11
13
10
11
8
8
15
9
7
7
9
8
11
7
11
19
3
10
6
12
7
14
12
10
13
7
11
10
16
11
4
19
13
16
12
12
6
8
13
11
10
13
10
10
18
9
9
7
9
13
11
10
11
9
11
8
12
11
8
12
7
10
12
12
7
9
9
13
18
11
8
22
10
7
6
9
8
8
9
9
10
12
14
3
6
11
10
9
10
5
7
13
14
13
3
7
9
9
6
10
11
13
6
14
14
9
9
13
11
12
4
7
20
7
6
6
14
8
8
8
8
8
8
6
11
13
12
15
11
6
5
9
10
10
7
4
12
10
11
9
11
11
14
9
7
10
9
9
8
10
13
13
5
9
9
12
14
12
6
13
6
3
10
10
7
7
13
3
8
8
15
13
10
13
19
4
7
6
7
8
12
7
15
6
7
7
7
8
12
8
10
13
9
13
5
7
9
6
5
13
6
13
9
9
9
3
13
11
11
18
13
2
10
11
16
7
6
9
4
6
7
8
13
7
7
12
9
10
13
3
8
10
11
8
8
12
7
8
7
12
11
4
4
17
4
9
5
14
8
5
8
9
13
10
9
12
12
7
10
8
10
7
11
6
6
8
9
11
6
8
10
11
9
9
13
11
4
15
7
6
9
4
8
10
11
6
9
9
12
9
9
7
13
4
20
12
5
10
12
9
8
3
13
10
13
10
6
8
7
7
10
11
8
14
6
6
5
14
10
9
11
3
8
14
11
15
12
7
9
15
9
11
10
8
10
9
13
10
7
9
6
9
13
10
5
15
12
5
11
12
6
9
3
13
10
11
7
5
14
15
10
11
9
5
8
7
6
11
10
9
8
7
8
8
10
8
9
6
7
6
9
6
10
9
7
10
3
10
4
11
8
6
7
10
10
4
10
5
13
14
13
9
8
6
6
3
4
5
11
7
7
8
11
10
13
9
9
9
10
8
8
9
10
12
10
12
10
15
7
8
11
9
12
10
14
13
12
5
8
14
11
10
8
8
15
7
11
15
9
9
10
4
11
8
6
15
14
5
11
8
11
16
7
10
12
10
9
9
12
14
5
4
10
6
11
9
9
7
13
6
11
9
9
3
11
12
9
6
7
7
8
7
6
10
17
7
8
8
7
7
6
10
7
7
7
6
9
12
5
10
9
10
5
8
3
6
4
10
7
10
12
6
9
9
5
8
8
9
7
5
7
7
11
7
10
13
12
8
6
7
6
9
10
9
9
6
10
6
10
9
5
10
10
11
5
5
9
4
14
7
7
8
6
4
8
3
14
5
11
10
4
8
3
7
6
13
8
7
8
7
10
13
9
9
10
7
5
6
9
7
11
7
6
13
7
9
5
10
11
10
8
8
9
9
9
12
6
6
7
8
6
7
7
14
10
9
12
7
7
7
6
7
9
9
8
7
13
8
11
6
10
6
8
10
5
8
6
8
7
8
6
10
12
9
8
6
9
6
12
8
7
8
10
5
10
9
8
13
8
5
10
6
9
4
8
4
8
7
7
6
3
6
8
5
4
5
8
6
0
7
10
9
12
15
11
5
8
7
7
4
11
8
5
7
5
10
7
10
8
5
5
8
5
7
9
10
8
7
7
8
8
8
9
5
6
10
11
7
8
5
5
9
7
4
7
4
6
10
7
8
11
8
5
6
10
9
12
8
9
8
6
11
13
8
5
9
4
6
9
12
8
7
13
5
10
8
7
11
6
11
6
6
14
4
14
4
8
10
7
5
6
8
14
8
7
10
5
6
11
6
9
6
6
7
3
2
11
6
7
9
7
6
5
9
6
10
8
10
7
4
6
9
6
6
11
11
11
6
4
8
6
6
6
11
9
9
7
11
6
9
14
4
6
7
6
4
13
6
12
5
6
6
8
6
4
6
9
3
3
6
4
6
8
5
3
5
4
6
7
11
8
8
9
6
6
9
3
5
10
6
9
2
10
8
10
6
10
7
9
8
3
9
3
8
7
7
6
6
8
5
7
6
7
6
13
5
9
3
7
6
8
9
6
5
6
8
10
3
8
10
6
5
6
9
4
4
4
11
13
8
8
11
7
8
10
7
8
8
3
5
11
4
8
12
6
4
5
8
4
9
7
11
6
5
6
5
12
9
4
7
7
9
6
9
7
11
10
9
6
6
2
10
6
7
2
4
4
14
6
4
11
8
8
7
7
5
8
8
9
9
8
6
4
12
6
8
6
4
7
7
13
6
9
5
7
8
4
10
10
11
10
7
10
8
9
8
5
11
8
10
7
8
13
5
4
7
1
7
1
8
10
8
8
11
6
7
4
14
7
5
8
8
9
2
4
9
5
13
7
5
5
9
5
5
5
11
8
7
7
8
7
10
6
7
10
14
5
7
8
10
9
6
6
6
3
9
7
11
4
8
14
7
4
7
8
9
8
8
8
5
8
7
8
4
10
8
8
8
5
9
8
6
11
7
9
9
5
7
10
6
7
8
7
6
3
6
8
11
10
12
9
12
10
5
7
6
6
9
16
8
12
9
8
8
10
5
9
9
9
9
10
5
6
4
8
7
6
9
6
8
8
10
6
7
5
8
7
8
10
5
4
7
5
8
11
6
2
0
4
7
7
10
12
7
10
0
14
6
8
8
11
6
10
7
7
6
8
7
11
3
10
6
12
6
5
10
9
7
9
10
5
11
4
8
7
9
6
10
4
4
4
7
6
3
5
5
9
7
12
5
10
7
8
9
5
8
10
7
12
8
5
6
10
8
5
4
6
12
7
7
4
8
7
9
2
9
5
5
7
8
8
11
8
3
6
4
5
3
14
6
5
4
4
6
10
8
6
4
8
7
3
6
8
12
8
10
6
7
3
6
7
8
6
8
14
10
6
5
8
6
6
7
8
4
6
14
7
4
6
5
6
11
4
6
3
1
10
7
14
9
8
4
12
7
8
11
8
6
10
7
7
8
8
2
7
5
11
4
11
4
6
6
6
6
5
11
5
6
9
5
11
4
8
2
8
7
10
8
5
4
5
5
6
6
10
14
8
13
12
9
7
3
3
10
6
3
6
9
7
6
7
10
10
7
5
5
7
3
5
7
4
8
10
7
6
12
6
6
7
7
4
4
5
5
6
7
5
9
5
7
8
7
12
5
8
10
7
9
11
7
8
7
4
6
7
10
4
11
6
7
2
9
7
6
9
7
6
4
8
9
8
10
4
7
4
11
8
7
8
6
8
9
14
12
8
8
10
5
6
5
12
3
10
4
7
6
10
6
5
4
3
8
10
5
4
8
7
5
9
10
7
5
9
9
6
11
4
5
11
10
9
7
7
6
9
10
9
8
10
10
10
4
6
10
4
8
8
10
5
6
14
5
2
7
3
4
6
6
7
15
7
7
8
5
7
8
11
17
7
12
10
6
8
10
5
12
10
8
4
6
12
6
6
8
6
7
16
10
5
12
8
3
8
8
6
7
7
14
7
5
4
6
2
7
9
6
8
10
7
4
6
3
9
3
6
6
6
9
10
7
6
12
9
7
11
9
9
7
10
9
9
7
9
8
10
5
7
10
9
5
6
6
9
6
3
10
7
9
9
7
10
7
5
4
8
9
6
7
7
10
11
6
9
6
9
6
7
8
12
10
7
5
5
7
4
5
6
17
7
9
11
9
9
9
8
5
10
6
5
5
7
6
5
7
13
5
12
8
8
9
7
6
12
10
9
4
9
10
3
11
8
7
4
12
9
8
8
9
10
5
9
15
6
14
6
2
6
5
8
6
7
5
8
11
12
6
9
11
5
10
6
6
2
5
4
8
12
8
3
14
5
10
9
12
6
9
15
6
2
7
10
10
8
6
4
7
4
7
8
12
11
4
5
5
3
14
8
11
9
8
12
9
10
11
4
10
10
6
8
1
8
12
4
7
6
6
4
9
4
7
5
9
9
5
7
11
10
7
15
8
9
13
8
6
17
9
12
9
9
3
6
9
5
7
12
7
14
7
10
7
7
6
12
7
2
9
6
7
8
7
7
6
9
4
6
8
8
4
8
9
5
12
4
13
8
17
11
9
11
7
3
11
4
5
5
6
7
6
6
11
7
5
7
5
10
11
7
6
11
5
8
8
9
7
8
12
10
6
11
8
6
7
8
13
4
5
6
5
13
10
11
11
7
8
3
5
12
8
11
8
7
11
7
14
3
9
6
2
5
11
4
9
6
8
9
4
6
3
7
5
10
4
5
6
11
9
4
4
8
11
10
5
8
7
5
5
4
7
5
9
8
5
10
9
11
8
8
8
8
9
9
11
10
8
4
9
6
6
9
3
4
4
12
4
4
8
3
5
2
7
11
5
4
7
7
7
11
9
8
10
7
9
8
4
8
12
8
9
10
8
9
6
3
3
6
3
6
12
6
6
5
6
1
3
13
10
5
6
5
8
8
11
4
6
7
5
4
8
10
2
6
8
3
9
9
15
6
6
3
5
5
7
8
2
8
6
6
6
4
6
7
11
4
12
6
5
5
0
6
6
9
6
4
4
7
7
13
8
8
6
12
7
6
9
6
8
8
8
7
9
6
10
5
2
7
8
6
15
9
7
15
5
7
1
6
7
7
4
7
7
6
6
7
7
9
4
9
4
8
9
5
6
4
4
9
4
8
11
1
8
7
9
8
6
6
10
5
0
9
4
6
4
10
4
5
12
12
7
8
7
7
4
6
8
4
4
7
6
0
3
7
11
3
5
2
12
9
11
6
4
8
5
8
13
4
7
3
12
6
8
8
8
8
8
9
9
10
5
5
5
3
8
9
6
4
10
11
4
12
7
9
10
5
6
4
8
5
7
5
4
3
5
6
4
4
5
5
9
8
9
5
7
8
4
5
7
5
7
4
11
5
1
5
4
4
4
9
5
5
6
8
1
6
5
7
7
5
6
7
4
8
4
11
1
6
5
8
3
4
8
4
5
3
4
3
4
5
4
7
1
6
6
8
5
4
2
12
7
7
3
7
7
6
8
2
4
4
7
3
0
6
3
5
5
3
7
4
6
2
7
6
3
9
5
4
6
7
5
4
6
6
10
5
8
3
5
5
6
3
8
4
10
3
6
3
3
4
4
5
3
9
7
5
4
8
7
10
6
5
5
2
6
3
6
6
6
9
6
7
6
4
8
1
8
7
8
7
5
6
7
5
6
9
2
4
6
6
3
5
2
3
8
9
5
5
5
4
2
3
7
5
4
6
4
9
3
2
0
8
8
3
7
7
4
7
6
6
5
4
6
5
3
4
3
5
2
5
1
7
5
3
2
6
5
13
3
4
4
2
3
3
10
5
4
3
4
2
4
6
5
6
4
2
7
6
2
3
4
10
3
10
2
6
4
3
4
4
2
7
4
4
5
6
1
4
3
6
3
4
8
6
4
0
3
3
1
2
3
5
6
3
4
1
3
4
3
6
2
5
4
6
4
4
3
3
7
4
5
4
6
2
6
3
6
4
1
5
5
9
3
3
4
4
3
8
4
2
1
1
3
1
2
5
1
1
3
2
5
1
2
4
3
3
0
5
2
6
6
2
3
4
2
3
5
4
2
2
4
3
2
3
5
3
3
1
5
1
4
3
2
2
1
3
2
5
4
5
4
4
1
4
3
3
4
5
5
1
2
6
1
2
4
4
4
1
2
1
5
3
2
3
1
1
2
2
6
3
3
2
3
7
7
6
1
3
5
1
3
5
2
2
3
4
3
4
4
2
3
1
4
5
6
3
1
0
3
4
5
2
5
3
5
2
2
0
1
0
2
3
3
3
1
4
3
2
2
4
2
4
2
1
2
0
3
7
0
4
2
3
1
1
0
4
4
1
1
2
0
4
0
2
1
1
1
3
1
3
1
6
4
3
2
1
2
2
1
1
2
2
3
5
2
5
3
1
0
1
7
3
1
3
2
4
1
4
1
0
3
2
0
0
1
1
1
2
3
3
4
3
5
1
2
4
1
2
4
3
2
2
1
4
1
1
1
3
4
4
3
1
2
1
2
7
2
2
3
0
2
2
2
5
3
3
2
3
3
1
3
2
2
0
3
3
1
3
1
3
2
3
1
3
2
2
2
1
2
0
1
1
5
5
3
1
0
2
1
0
3
4
1
0
3
6
2
1
4
1
2
0
0
2
1
3
1
5
1
3
1
6
3
1
0
2
1
1
0
3
1
3
1
2
0
2
3
0
2
2
2
1
2
2
1
1
2
1
2
3
1
2
1
2
2
2
2
1
1
0
0
2
0
2
0
1
0
1
3
4
6
1
0
0
0
2
0
1
2
2
1
4
2
0
1
1
0
1
5
1
4
1
1
1
1
2
4
3
0
2
1
2
1
2
1
3
3
1
0
1
1
5
1
3
0
0
0
1
0
1
1
3
2
0
0
2
0
1
0
0
0
2
2
0
0
0
2
3
0
2
1
0
0
0
1
4
1
1
0
3
0
0
0
1
1
2
0
0
1
1
1
0
0
0
3
0
0
3
1
1
2
0
1
1
1
1
1
1
0
2
6
0
1
0
0
2
2
4
1
1
4
2
4
2
1
0
1
2
1
1
1
1
1
1
3
0
1
2
1
1
2
0
1
0
1
0
0
3
2
0
1
0
2
1
0
1
3
1
0
1
0
0
0
0
1
0
1
0
2
0
1
2
0
2
0
3
0
0
0
0
0
0
0
1
1
1
0
0
0
0
1
0
2
1
0
0
1
2
2
2
1
1
1
2
1
0
1
2
0
0
1
1
0
0
1
0
1
0
0
1
1
0
1
1
0
1
0
1
1
1
1
2
1
1
0
0
0
3
0
1
1
2
0
1
0
2
1
1
1
0
1
0
0
0
1
0
1
0
2
0
0
0
2
1
1
2
1
1
1
2
1
3
1
1
2
1
1
1
2
0
1
0
1
2
3
1
0
0
1
0
0
1
0
1
3
0
1
0
0
0
0
2
0
1
0
0
0
0
0
0
1
1
0
0
0
0
2
0
1
0
1
3
0
2
2
1
0
0
0
0
0
0
2
1
1
1
0
1
1
1
0
0
1
1
0
0
1
1
1
4
0
0
1
1
0
0
0
0
1
0
0
0
1
0
0
0
0
1
0
0
0
1
0
0
1
0
0
0
1
1
0
1
0
0
0
0
1
0
0
0
0
3
0
0
0
0
0
0
0
1
0
0
0
0
0
1
0
1
0
0
0
0
0
0
1
0
0
0
0
1
0
0
1
0
1
0
0
0
0
0
0
1
0
0
0
0
0
0
0
0
0
2
2
1
1
2
0
0
0
0
0
1
0
0
0
0
0
3
2
1
0
0
0
1
0
0
0
1
0
0
0
0
0
0
1
0
0
0
0
1
0
3
0
0
0
0
0
0
0
0
0
0
0
1
0
0
0
0
1
0
0
0
1
0
0
2
1
0
0
0
1
0
0
0
0
0
1
1
0
0
0
0
0
0
0
1
0
1
0
0
0
1
0
0
0
0
0
0
0
1
0
0
0
0
1
0
0
0
0
0
0
0
1
1
0
1
1
0
1
0
0
0
0
0
0
0
1
0
0
0
0
0
0
0
0
0
0
1
0
1
0
0
1
0
0
0
0
0
1
0
0
0
0
0
1
0