0
0
0
0
0
0
0
0
0
0
0
0
0
0
0
0
0
0
0
0
0
0
0
0
0
0
0
0
0
0
0
0
0
0
0
0
0
0
0
0
0
0
0
0
0
0
0
0
0
0
0
0
0
0
0
0
0
0
0
0
0
0
0
0
0
0
0
0
0
0
0
0
0
0
0
0
0
0
0
0
0
0
0
0
0
0
0
0
0
0
0
0
0
0
0
0
0
0
0
0
0
0
0
0
0
0
0
0
0
0
0
0
0
0
0
0
0
0
0
0
0
0
0
0
0
0
0
0
0
0
0
0
0
0
0
0
0
0
0
0
0
0
0
0
0
0
0
0
0
0
0
0
0
0
0
0
0
0
0
0
0
0
0
0
0
0
0
0
0
0
0
0
0
0
0
0
0
0
0
0
0
0
0
0
0
0
0
0
0
0
0
0
0
0
0
0
0
0
0
0
0
0
0
0
0
0
0
0
0
0
0
0
0
0
0
0
0
0
0
0
0
0
0
0
0
0
0
0
0
0
0
0
0
0
0
0
0
0
0
0
0
0
0
0
0
0
0
0
0
0
0
0
0
0
0
0
0
0
0
0
0
0
0
0
0
0
0
0
0
0
0
0
0
0
0
0
0
0
0
0
0
0
0
0
0
0
0
0
0
0
0
0
0
0
0
0
0
0
0
0
0
0
0
0
0
0
0
0
0
0
0
0
0
0
0
0
0
0
0
0
0
0
0
0
0
0
0
0
0
0
0
0
0
0
0
0
0
0
0
0
0
0
0
0
0
0
0
0
0
0
0
0
0
0
0
0
0
0
0
0
0
0
0
0
0
0
0
0
0
0
0
0
0
0
0
0
0
0
0
0
0
0
0
0
0
0
0
0
0
0
0
0
0
0
0
0
0
0
0
0
0
0
0
0
0
0
0
0
0
0
0
0
0
0
0
0
0
0
0
0
0
0
0
0
0
0
0
0
0
0
0
0
0
0
0
0
0
0
0
0
0
0
0
0
0
0
0
0
0
0
0
0
0
0
0
0
0
0
0
0
0
0
0
0
0
0
0
0
0
0
0
0
0
0
0
0
0
0
0
0
0
0
0
0
0
0
0
0
0
0
0
0
0
0
0
0
0
0
0
0
0
0
0
0
0
0
0
0
0
0
0
0
0
0
0
0
0
0
0
0
0
0
0
0
0
0
0
0
0
0
0
0
0
0
0
0
0
0
0
0
0
0
0
0
0
0
0
0
0
0
0
0
0
0
0
0
0
0
0
0
0
0
0
0
0
0
0
0
0
0
0
0
0
0
0
0
0
0
0
0
0
0
0
0
0
0
0
0
0
0
0
0
0
0
0
0
0
0
0
0
0
0
0
0
0
0
0
0
0
0
0
0
0
0
0
0
0
0
0
0
0
0
0
0
0
0
0
0
0
0
0
0
0
0
0
0
0
0
0
0
0
0
0
0
0
0
0
0
0
0
0
0
0
0
0
0
0
0
0
0
0
0
0
0
0
0
0
0
0
0
0
0
0
0
0
0
0
0
0
0
0
0
0
0
0
0
0
0
0
0
0
0
0
0
0
0
0
0
0
0
0
0
0
0
0
0
0
0
0
0
0
0
0
0
0
0
0
0
0
0
0
0
0
0
0
0
0
0
0
0
0
0
0
0
0
0
0
0
0
0
0
0
0
0
0
0
0
0
0
0
0
0
0
0
0
0
0
0
0
0
0
0
0
0
0
0
0
0
0
0
0
0
0
0
0
0
0
0
0
0
0
0
0
0
0
0
0
0
0
0
0
0
0
0
0
0
0
0
0
0
0
0
0
0
0
0
0
0
0
0
0
0
0
0
0
0
0
0
0
0
0
0
0
0
0
0
0
0
0
0
0
144
150
214
273
300
268
312
352
312
265
270
300
317
306
310
300
321
289
324
292
282
312
284
293
297
292
308
299
331
304
300
282
255
279
267
286
280
292
296
286
254
292
273
292
290
295
259
277
300
279
255
277
289
289
302
266
276
249
272
245
280
274
267
262
258
265
295
253
263
251
236
255
246
257
240
255
241
253
279
247
227
247
233
248
212
234
262
270
250
260
241
247
250
249
235
243
255
221
226
217
238
227
238
227
250
228
231
229
246
234
237
249
247
227
231
226
254
216
218
211
235
230
245
257
228
216
236
221
202
219
226
213
210
228
187
205
233
234
207
208
207
206
192
217
197
201
178
202
215
209
207
170
188
184
179
222
180
216
207
185
211
206
184
182
188
216
176
187
172
191
198
188
181
184
165
190
198
176
180
195
176
176
193
178
167
173
184
170
187
188
182
179
187
213
197
189
192
194
181
173
180
172
172
208
165
188
168
153
153
166
175
169
177
192
173
198
184
180
181
179
183
168
187
159
158
153
181
162
170
157
178
159
169
163
165
154
162
174
168
163
139
151
164
139
171
151
139
143
173
186
159
179
152
159
166
162
141
178
156
155
163
145
144
128
152
138
136
161
155
137
146
122
151
145
128
135
155
142
144
139
135
148
130
163
132
147
141
136
152
136
149
144
139
154
111
160
164
133
154
135
138
160
133
136
129
128
152
137
119
151
148
136
135
144
145
137
124
130
118
138
142
144
146
126
127
149
138
122
114
136
145
141
163
136
154
145
120
128
149
121
131
122
128
116
132
127
130
124
120
136
118
133
123
126
122
116
153
140
117
121
115
110
134
115
131
105
104
122
123
111
130
131
125
118
112
121
96
123
140
137
99
129
115
119
112
111
113
108
110
111
109
113
117
105
102
113
111
112
114
114
104
110
97
112
118
87
104
106
101
118
103
113
109
112
93
105
106
107
101
98
93
97
105
92
92
81
136
127
126
87
127
112
122
133
101
112
104
121
141
99
113
99
127
116
105
111
103
105
119
105
111
122
102
126
127
141
105
95
117
110
135
105
97
123
117
113
110
96
119
99
104
114
111
105
111
98
97
93
96
126
95
83
106
96
87
104
106
102
100
99
116
119
104
95
98
104
125
91
80
94
94
89
86
90
80
109
102
103
104
98
92
102
107
87
88
103
98
99
102
97
85
98
95
90
91
92
89
90
112
84
99
101
81
99
113
98
97
102
94
79
102
82
82
87
88
91
96
107
89
82
95
82
91
89
82
90
85
76
87
75
84
74
99
81
103
99
82
104
86
107
85
85
93
99
94
111
103
90
104
90
82
112
113
85
86
107
88
84
80
74
87
89
78
93
102
85
82
85
68
82
88
79
88
91
88
100
85
81
80
75
98
93
85
88
90
93
77
79
100
81
73
80
75
75
89
81
80
91
78
96
90
84
95
86
98
69
107
83
90
73
92
85
83
87
69
80
85
64
66
82
66
88
74
60
79
70
83
62
61
89
81
78
86
78
104
58
92
65
82
70
79
89
82
82
83
82
86
75
88
71
82
81
86
72
75
70
67
74
86
81
84
69
69
69
72
71
93
80
69
72
85
67
61
72
65
65
51
79
89
97
69
73
77
67
67
79
79
70
84
68
71
75
75
72
64
72
81
61
61
79
72
65
76
69
66
71
73
69
76
69
76
88
80
67
85
69
65
82
81
80
85
77
76
71
91
68
82
60
84
64
69
68
71
69
60
76
76
54
64
61
64
67
55
64
85
63
74
57
64
64
65
83
62
70
70
59
64
71
54
61
64
93
74
68
69
67
61
72
65
64
65
58
67
66
64
65
62
70
56
60
55
61
57
53
70
62
58
55
59
57
61
68
58
60
60
48
62
53
50
66
55
59
75
53
47
46
57
69
55
62
77
75
59
65
53
56
69
45
66
51
66
65
70
58
48
52
60
52
51
55
46
60
55
55
41
49
45
53
46
60
50
61
46
49
66
65
54
56
53
62
53
65
68
58
53
65
57
64
59
59
59
58
62
62
35
60
42
64
40
41
64
52
49
73
56
53
55
52
61
41
81
64
60
47
57
63
59
52
60
40
57
45
72
45
56
50
56
53
49
50
41
55
41
48
48
43
39
61
62
49
46
54
57
67
45
55
54
76
45
65
43
60
53
68
54
59
48
59
43
46
41
56
53
49
56
52
63
51
41
46
59
42
49
50
56
42
49
56
45
48
52
48
51
44
50
39
46
54
55
46
68
51
42
58
60
45
50
55
43
42
52
39
50
59
55
52
50
51
45
55
52
50
38
50
50
49
52
49
51
38
44
38
50
42
55
45
54
49
59
45
44
47
40
52
45
36
48
36
42
37
48
44
46
52
54
55
51
53
39
49
50
37
46
45
60
40
42
51
55
42
51
40
49
49
50
38
46
48
45
44
48
42
54
36
56
60
65
45
52
49
50
57
47
54
57
42
47
56
58
60
57
54
52
50
55
57
42
44
48
44
60
30
52
37
37
49
49
41
44
47
57
38
47
42
44
44
38
57
45
45
44
42
43
49
37
48
51
50
36
32
47
37
36
44
42
47
57
63
47
40
34
40
40
38
56
34
37
49
42
42
43
45
46
34
30
41
43
56
45
52
55
48
50
52
35
38
44
46
44
42
45
53
42
34
53
45
41
41
45
39
31
39
29
49
38
65
51
43
38
46
50
53
51
40
38
49
36
30
39
30
44
37
47
47
31
36
39
48
37
38
39
40
43
49
31
31
34
40
37
37
32
48
30
54
38
43
37
44
37
31
39
47
40
45
32
46
39
42
35
53
52
50
55
39
44
45
40
46
31
39
43
45
31
47
38
46
37
43
42
41
34
44
39
36
42
37
50
37
31
38
39
25
32
33
43
34
39
37
44
36
41
39
47
36
36
45
37
43
38
38
37
36
30
35
26
52
44
34
25
36
38
30
44
40
39
30
43
29
45
49
38
38
43
36
46
41
35
33
41
30
33
33
37
45
49
30
29
32
34
36
31
29
41
48
36
37
30
34
37
44
41
37
34
37
33
33
25
39
28
39
50
26
38
26
37
38
30
48
44
47
42
49
36
36
49
35
28
40
36
41
52
36
34
30
41
43
33
38
30
39
36
37
45
33
37
41
44
31
34
33
38
32
40
34
39
34
34
33
48
40
30
36
34
33
25
39
45
40
43
51
36
44
52
27
30
42
30
31
46
37
27
35
38
31
37
26
27
40
24
31
36
25
38
38
40
46
42
35
37
36
31
25
34
32
36
37
32
29
39
35
48
37
41
45
27
37
38
25
24
23
28
32
39
22
38
38
48
39
33
26
31
44
32
29
35
29
34
33
33
40
43
45
36
36
33
39
36
30
34
29
32
29
37
39
37
47
40
34
34
42
31
35
34
28
45
31
42
49
31
29
43
39
40
32
31
36
38
29
25
29
34
38
24
48
38
30
34
34
31
25
35
35
47
34
26
28
34
25
26
34
26
29
32
33
36
21
34
23
32
41
40
28
36
37
36
28
37
28
38
32
28
38
50
30
47
35
35
55
40
34
26
27
31
34
27
31
40
30
29
32
34
32
40
48
35
35
29
35
37
32
27
21
27
25
37
39
29
38
37
18
44
25
40
29
40
41
42
38
36
37
28
34
37
28
31
39
33
24
33
32
17
29
34
27
29
43
27
25
28
37
31
33
31
27
29
35
40
25
36
26
34
30
31
26
34
34
32
28
35
30
32
33
28
36
33
41
25
53
32
45
31
28
31
43
30
40
30
37
36
33
26
34
33
21
36
31
30
32
45
36
20
29
35
31
29
27
39
24
34
33
36
37
32
32
22
29
23
22
33
37
32
33
28
34
22
31
33
26
37
35
29
31
22
32
32
30
31
32
29
29
27
36
31
36
25
38
22
39
37
29
34
36
35
34
37
41
34
48
33
37
33
30
26
21
37
30
34
35
50
32
32
25
27
33
36
29
30
23
34
29
32
25
35
37
34
37
40
40
51
31
22
29
30
29
32
31
25
42
38
39
26
35
23
29
37
24
29
29
35
39
30
37
40
32
31
38
35
25
35
40
43
41
23
27
37
42
30
26
36
31
37
37
33
33
30
38
39
23
42
36
33
32
37
33
25
40
38
36
36
28
29
27
31
31
29
25
28
37
31
33
34
28
36
37
37
33
29
28
28
21
37
38
29
36
24
38
30
35
38
41
25
42
45
31
46
29
27
36
33
28
40
36
27
32
32
23
31
35
26
31
25
34
30
33
36
23
30
41
39
32
40
32
26
37
38
28
52
36
42
33
29
29
40
29
38
36
35
35
42
25
43
36
41
38
39
40
32
45
36
37
30
34
27
26
29
26
36
38
30
39
32
46
24
46
36
31
41
25
47
34
31
30
45
22
43
39
32
30
26
23
34
42
34
45
46
37
31
32
39
29
25
35
32
32
38
27
32
25
29
37
31
26
42
31
33
31
39
30
39
38
38
29
43
26
39
38
37
44
38
31
46
36
32
37
29
33
35
37
36
36
37
30
27
38
27
35
32
32
35
27
31
38
30
32
42
50
36
31
37
46
41
39
30
32
29
27
33
38
30
37
31
40
32
30
39
25
37
33
43
31
30
36
40
27
40
41
37
21
33
31
40
36
35
35
41
33
39
37
33
35
41
40
46
37
41
34
34
43
38
34
31
36
37
31
43
37
37
31
33
34
42
50
31
39
47
40
45
46
52
28
37
36
35
38
30
31
39
46
46
33
41
37
44
39
44
36
36
35
44
40
37
35
43
54
38
46
42
44
38
39
47
51
37
46
34
33
36
42
49
40
32
41
48
44
41
32
35
42
32
43
40
43
48
43
33
39
43
48
55
46
56
34
59
35
49
35
40
31
39
42
45
46
36
50
52
40
52
52
42
42
40
46
39
32
46
37
51
43
37
52
35
46
51
50
38
48
39
49
45
46
57
42
43
55
59
40
55
42
48
48
47
30
42
41
39
51
52
47
40
45
40
48
35
38
49
46
49
56
49
47
38
51
53
45
61
54
50
44
35
52
43
51
49
59
53
28
36
39
45
56
55
39
31
50
52
44
59
53
41
56
61
39
52
48
53
53
58
48
57
51
50
48
49
48
49
47
48
44
56
43
52
50
71
56
52
50
64
49
36
44
54
51
48
37
53
46
61
47
49
68
40
58
56
53
57
54
54
42
64
58
41
55
53
58
51
59
60
59
55
61
60
73
47
60
58
59
55
69
42
57
58
62
61
63
53
61
54
65
56
52
69
58
53
52
60
67
59
59
60
50
53
45
53
54
81
55
64
62
47
58
51
49
60
61
56
55
54
48
53
63
57
66
65
56
66
58
56
58
54
53
65
50
64
47
64
57
59
67
54
49
50
61
58
64
51
64
60
51
58
60
55
51
54
62
62
82
55
52
39
70
53
53
56
56
54
64
57
66
76
65
53
74
70
72
64
58
68
56
57
65
53
66
57
66
61
68
64
79
76
67
66
57
73
77
53
63
61
62
59
71
61
74
55
71
81
72
70
54
70
75
62
48
51
66
63
72
62
51
57
53
79
70
76
73
65
63
71
61
66
71
79
65
80
68
75
83
50
61
77
59
57
68
65
59
68
64
90
83
69
59
66
67
77
62
60
80
60
70
64
68
59
76
83
55
85
79
74
67
68
79
72
70
67
68
68
64
78
82
80
59
74
69
72
75
51
69
64
66
63
75
91
73
60
76
67
75
79
67
81
73
58
67
69
73
61
72
71
79
70
67
69
83
92
72
77
65
90
57
78
58
54
63
69
78
88
74
78
84
67
69
70
64
74
77
77
75
70
86
72
65
75
71
65
76
80
64
88
82
74
76
83
71
78
77
71
63
71
79
53
69
74
72
101
75
78
75
78
93
74
59
78
61
72
66
66
94
72
78
73
71
68
82
63
79
80
66
79
75
66
74
54
75
78
77
70
76
78
74
83
65
73
67
68
84
62
78
79
65
77
63
65
77
66
106
64
65
77
65
75
93
81
74
72
76
70
76
70
87
73
68
82
69
86
72
78
67
75
87
82
79
66
63
79
85
77
69
65
67
70
78
90
65
70
86
73
92
78
74
86
63
78
70
81
84
77
86
62
79
83
84
83
68
100
78
90
76
80
84
88
74
72
63
65
87
80
67
82
66
82
74
88
77
86
86
79
73
77
48
79
83
87
70
65
73
94
78
64
70
83
89
78
76
75
88
70
82
61
76
73
66
61
73
77
83
73
81
90
61
76
54
76
68
88
84
85
87
72
78
76
61
80
77
66
68
82
80
69
72
72
77
69
94
77
85
63
96
77
83
79
62
83
73
72
67
76
73
84
82
89
86
83
70
77
86
92
66
71
63
74
91
90
94
67
85
62
66
78
72
81
68
74
77
75
66
81
82
73
68
80
74
73
60
75
66
81
67
69
76
73
69
85
72
74
81
88
90
79
68
82
63
76
66
85
83
62
82
69
77
79
73
81
76
70
71
67
72
68
83
90
63
60
83
66
71
66
80
73
75
67
72
78
64
68
77
51
69
75
68
56
77
62
69
73
62
70
97
77
63
91
86
62
75
67
71
72
73
57
66
77
79
82
70
39
81
76
72
73
74
68
67
79
77
69
72
83
68
65
63
56
74
74
67
80
67
57
76
67
66
68
65
77
77
70
73
60
74
75
60
72
60
76
78
69
55
77
66
79
71
61
74
69
62
62
67
74
60
72
77
64
62
55
69
71
75
64
75
46
64
58
68
81
72
51
52
61
70
63
58
64
66
61
64
70
72
72
52
71
86
74
60
62
61
70
68
79
80
60
48
69
48
62
53
66
78
56
61
67
60
69
57
66
68
63
69
64
68
61
71
61
57
55
53
51
63
75
79
68
62
71
70
53
67
87
48
64
67
75
66
74
64
70
75
63
64
67
70
52
60
49
53
65
53
58
60
56
70
69
65
58
62
68
57
60
59
68
61
50
66
66
49
59
48
53
53
49
50
58
66
60
58
57
53
56
47
59
74
54
58
55
66
61
68
63
59
49
64
50
67
58
46
61
47
51
47
57
52
63
75
56
55
54
46
51
52
57
61
63
56
52
72
46
44
55
44
63
73
50
61
45
57
64
47
49
52
66
67
43
59
53
52
48
55
68
61
59
65
54
46
51
59
54
57
66
55
54
54
53
48
57
50
46
60
55
43
54
59
46
51
44
48
50
50
58
58
62
53
50
52
57
47
59
67
46
48
52
55
47
52
73
40
55
51
58
49
52
52
46
50
55
51
63
65
38
55
53
58
51
50
63
51
49
46
52
54
47
51
44
60
54
55
61
46
40
47
50
50
56
61
43
54
56
58
43
50
40
58
55
46
43
47
54
54
53
46
52
41
46
56
49
55
51
45
50
40
54
45
51
43
42
53
41
33
37
44
56
38
48
41
52
50
39
47
52
50
37
48
40
47
57
45
47
34
38
44
35
44
40
45
39
60
56
43
53
53
49
35
55
59
41
41
39
37
52
42
44
44
37
37
47
51
46
40
44
44
42
47
47
37
42
40
53
30
36
56
58
34
39
49
39
56
52
49
44
40
47
49
39
48
55
55
46
40
40
44
42
52
39
42
46
64
42
35
47
44
38
45
52
46
43
40
45
27
50
38
56
47
50
40
51
33
36
51
43
36
44
51
53
31
31
32
40
47
30
43
40
50
39
35
47
33
44
44
55
36
47
44
44
49
39
44
41
40
35
38
47
48
46
52
44
34
44
33
38
50
48
48
39
42
28
42
40
33
39
51
40
49
41
46
39
60
38
44
44
40
52
53
43
38
39
29
36
34
43
37
42
41
34
40
42
33
39
44
33
26
41
33
43
36
38
52
48
32
37
45
46
38
39
39
34
39
44
33
43
47
36
38
30
36
45
42
30
29
39
43
37
36
40
33
49
45
42
39
34
41
37
39
35
29
50
37
46
52
39
37
44
51
39
39
40
35
44
37
29
40
28
33
40
50
40
43
34
38
35
37
41
37
43
42
36
39
39
30
38
43
40
33
35
31
42
40
42
26
42
42
47
36
46
41
52
45
41
46
34
41
31
45
31
48
43
38
35
33
45
33
47
37
48
38
46
34
45
42
39
32
39
45
37
49
37
38
39
45
41
32
27
31
37
39
29
23
46
39
26
40
42
38
44
35
20
31
32
43
43
41
39
39
47
39
25
35
34
38
45
30
35
37
36
41
42
38
31
39
31
41
34
32
24
46
42
34
33
45
36
35
38
37
32
38
33
35
23
35
38
40
37
34
31
29
47
25
27
44
38
39
45
39
33
36
36
38
32
28
43
35
37
26
49
32
38
41
47
28
39
29
35
29
34
39
36
39
33
41
38
53
35
34
33
37
39
43
45
29
35
37
36
30
49
36
35
37
29
33
37
42
30
39
41
40
35
37
41
35
27
47
41
40
35
29
35
37
35
32
39
40
32
45
38
39
37
34
39
43
45
40
31
37
50
48
45
25
30
33
43
32
44
42
43
39
43
37
42
30
42
38
54
40
39
36
40
45
35
41
35
34
27
28
36
44
33
35
45
34
53
32
36
34
38
29
34
42
33
22
39
40
27
40
34
33
37
42
39
35
47
36
37
46
45
45
39
31
30
37
41
39
42
33
46
29
38
33
36
39
39
54
34
44
31
39
42
40
29
27
45
34
38
35
44
44
34
36
56
46
45
40
37
41
36
40
38
44
48
44
25
40
33
36
33
37
35
31
39
33
52
39
51
43
37
37
31
30
29
39
49
46
37
50
47
45
41
43
42
32
47
42
38
31
41
41
43
42
38
38
36
35
34
28
48
32
36
36
38
36
36
48
29
43
31
45
45
44
47
46
40
39
33
38
41
34
36
51
37
39
36
42
50
32
39
25
46
40
31
40
54
51
50
50
38
52
46
42
43
45
52
53
46
29
35
27
37
42
42
43
38
47
37
46
39
38
36
37
52
32
38
43
30
38
38
39
38
39
48
41
52
47
49
38
34
47
43
35
35
39
31
46
35
37
41
29
34
41
40
40
41
43
44
37
51
46
42
48
41
42
34
44
31
44
49
38
62
45
40
39
48
40
48
47
50
37
42
42
34
46
45
36
35
50
42
47
47
51
48
52
33
50
43
42
37
37
38
44
40
45
45
50
56
41
34
42
46
45
40
48
44
37
33
37
47
44
45
41
42
51
46
42
56
47
52
51
35
33
53
44
42
46
39
39
49
53
49
39
42
55
45
42
44
45
40
48
47
41
47
40
49
50
38
41
37
47
46
46
45
57
45
47
42
41
50
45
49
60
47
49
46
51
32
45
56
38
39
59
32
40
41
43
58
28
55
44
53
46
38
43
44
44
48
51
57
41
34
39
42
43
40
38
44
40
49
43
48
48
35
59
54
43
37
51
49
55
47
43
47
47
58
43
52
47
43
53
49
42
56
47
58
38
41
47
50
63
44
31
51
48
49
56
46
45
61
56
40
53
50
42
47
57
57
48
65
33
48
45
52
38
47
53
47
45
42
45
55
36
46
55
56
48
44
63
56
45
46
47
47
47
59
55
53
49
52
51
44
50
52
51
43
52
50
52
35
45
53
49
68
46
46
52
42
50
42
51
50
43
55
45
41
43
58
60
46
47
59
54
54
52
49
61
52
51
60
55
52
43
68
54
52
45
48
33
43
51
44
56
44
54
52
44
55
53
47
44
43
54
45
43
47
47
48
55
58
71
48
51
68
54
59
54
49
52
39
54
72
45
57
66
43
50
65
59
55
57
62
54
59
55
47
43
51
64
55
50
58
45
45
57
49
67
62
59
67
64
48
48
59
51
51
50
43
54
58
41
45
56
53
55
62
63
61
47
50
67
58
71
43
50
64
47
59
58
51
57
60
55
76
64
56
57
59
60
49
67
71
52
53
66
53
48
50
54
60
67
52
64
59
56
48
62
48
46
56
55
51
66
54
64
61
64
50
73
63
63
55
46
48
56
77
52
55
73
65
53
59
54
66
58
55
74
72
47
64
62
48
55
48
61
53
59
78
67
53
63
56
58
81
65
73
56
68
69
57
74
62
58
67
62
63
72
59
63
62
62
59
59
81
61
60
57
75
78
71
55
69
72
61
62
69
78
63
71
64
75
51
65
62
65
82
66
58
76
82
75
68
58
67
59
72
55
78
62
57
66
57
65
67
59
68
63
67
72
68
70
69
52
72
66
83
76
62
77
80
72
65
69
61
52
69
56
66
48
59
46
70
76
66
69
77
70
60
76
96
69
56
80
74
58
70
60
59
71
73
69
91
72
69
76
86
78
74
65
59
71
64
75
80
80
84
80
88
65
80
55
66
55
72
74
61
74
76
72
70
66
69
71
69
73
87
75
69
74
72
66
71
57
76
72
59
63
65
76
70
75
65
67
78
76
68
68
75
78
90
63
90
82
78
70
72
77
69
76
85
61
82
73
86
86
73
79
66
93
62
89
81
72
72
71
77
89
75
78
71
72
76
74
78
73
63
85
57
83
83
87
74
66
63
80
88
77
76
72
73
88
78
92
61
85
91
74
82
80
93
72
76
75
96
78
87
70
82
77
58
77
80
79
87
73
70
89
83
73
74
69
82
79
60
72
64
83
80
72
76
57
93
74
71
74
86
84
80
74
90
72
81
81
78
79
58
101
76
78
84
78
76
95
90
79
76
100
75
88
77
81
75
77
87
83
74
81
91
85
84
87
85
75
85
83
92
84
87
90
87
80
90
73
80
80
76
73
91
100
88
79
79
72
61
81
85
77
88
75
88
90
82
73
92
94
89
96
99
76
71
81
88
93
87
98
95
89
81
114
80
113
95
76
84
84
96
79
89
82
81
77
114
86
86
82
90
80
95
85
89
110
92
87
97
85
86
106
85
92
105
104
80
81
78
98
92
93
97
86
73
101
107
97
100
112
92
101
95
78
94
93
93
83
96
104
93
112
100
90
103
86
106
87
93
96
91
82
95
100
94
81
94
103
92
102
93
108
116
97
98
97
88
89
107
106
96
100
109
98
110
98
107
100
84
103
107
108
126
100
103
111
101
87
74
97
106
108
92
102
118
98
80
111
97
97
113
114
86
97
124
114
107
112
113
108
97
101
95
107
91
79
126
109
100
108
107
93
100
97
105
103
108
91
106
100
96
104
111
93
121
121
110
106
111
112
107
102
108
109
100
103
119
109
106
130
108
112
112
111
109
115
105
117
107
105
108
118
105
93
115
114
124
121
112
127
113
122
114
116
126
120
108
127
95
123
103
128
106
102
132
99
110
112
122
125
115
93
120
122
111
112
109
122
121
125
118
100
110
115
120
105
108
115
140
112
135
111
132
118
107
128
119
140
115
113
122
132
105
106
121
127
127
113
139
126
120
132
107
153
124
144
108
115
125
111
121
112
129
117
135
138
122
123
113
127
148
106
102
124
119
109
129
135
120
124
123
121
111
130
127
115
142
117
126
115
123
130
128
144
122
124
120
132
131
133
131
131
142
117
130
154
158
138
148
132
134
125
145
126
126
142
137
141
150
141
128
135
159
143
124
115
143
141
147
140
120
163
142
129
152
126
145
141
161
126
155
154
133
156
126
155
140
150
140
135
154
148
136
129
131
155
163
147
137
146
165
133
152
134
143
133
159
155
141
158
164
152
160
125
141
155
139
131
157
149
150
176
146
144
152
162
155
147
153
160
116
178
147
145
170
164
181
145
145
153
165
185
145
156
157
154
151
162
136
166
170
173
130
167
179
167
178
195
170
169
146
144
177
168
152
157
148
149
165
189
156
173
159
163
179
145
168
166
171
177
178
168
163
167
180
169
165
199
185
177
187
185
176
152
177
201
182
188
184
194
202
180
186
204
165
187
175
172
190
172
183
203
168
160
193
175
196
165
172
196
174
157
188
164
172
183
209
189
183
185
181
180
177
221
196
189
174
192
193
195
194
197
170
215
191
191
223
162
190
220
203
187
204
186
206
202
187
179
198
183
172
174
200
181
200
162
198
207
182
205
214
182
194
229
213
199
202
192
205
192
186
218
205
216
188
211
201
202
201
217
212
197
204
201
224
208
216
242
219
203
228
215
203
189
226
227
208
215
247
243
224
193
192
204
208
209
194
209
214
208
204
227
239
187
224
217
174
214
239
219
238
204
228
218
236
227
263
219
228
238
245
232
244
258
224
227
224
247
228
235
244
257
239
228
248
225
252
255
230
230
231
239
253
234
246
237
263
254
233
253
242
247
242
238
248
245
247
260
252
239
270
252
266
248
255
224
255
245
236
231
248
265
232
256
284
299
269
253
251
232
276
252
271
277
292
279
241
271
291
262
269
298
275
295
250
266
277
271
305
290
291
250
236
289
280
267
287
272
272
278
258
266
280
302
291
303
264
284
297
308
294
295
315
298
283
297
301
273
302
293
292
315
287
273
278
257
289
284
270
285
305
289
267
253
314
300
315
307
294
300
273
321
292
308
292
281
302
313
284
297
292
282
309
312
287
301
289
307
305
315
313
280
303
317
280
305
310
356
344
273
298
327
309
324
311
278
300
293
322
312
301
329
301
330
292
313
306
344
303
292
330
319
337
305
304
343
314
305
320
346
340
308
294
317
335
356
363
333
340
348
330
369
326
311
316
332
374
327
310
345
370
328
349
325
335
355
339
343
330
336
333
334
360
345
369
385
372
345
353
352
359
364
379
336
369
341
379
363
370
355
366
337
362
355
342
381
338
349
345
364
369
337
377
363
385
369
388
344
379
387
408
383
394
421
356
415
338
402
368
404
419
381
368
397
357
352
397
371
415
375
367
381
353
405
378
384
387
404
372
406
364
378
364
372
393
400
448
380
362
426
385
395
425
399
417
400
398
397
366
430
413
409
410
405
427
393
404
398
432
449
418
426
395
409
414
396
427
433
409
415
382
401
417
432
385
443
465
422
427
421
377
390
434
412
428
417
425
393
444
467
420
436
440
406
447
431
471
488
436
422
428
438
444
434
432
461
433
430
423
444
456
450
418
472
466
427
443
483
453
422
394
456
451
468
459
481
406
446
462
462
453
466
422
427
472
443
408
439
440
464
442
482
464
490
453
451
487
476
471
474
461
463
443
478
489
463
449
473
454
443
465
468
475
448
460
516
469
494
470
476
521
469
469
526
505
456
456
504
465
448
441
491
537
473
504
506
476
506
464
499
503
509
513
523
513
512
535
552
508
489
483
498
511
507
523
527
517
491
510
514
503
483
487
521
555
497
507
557
481
557
523
528
529
529
517
554
493
501
508
519
510
521
540
520
526
546
474
483
538
587
543
546
546
504
551
550
521
550
543
542
504
522
502
540
511
540
560
539
491
555
494
529
584
555
521
557
569
507
579
580
531
524
544
565
539
522
520
545
542
592
560
563
547
562
568
549
574
548
582
546
541
561
550
523
545
546
544
513
542
604
549
599
562
558
550
574
538
529
574
501
566
549
579
558
575
567
583
571
571
544
599
555
578
570
583
554
580
541
532
573
570
581
581
544
564
524
605
583
575
540
564
539
577
576
560
567
569
606
615
554
600
582
594
601
592
580
584
599
604
652
584
583
631
547
589
626
619
558
569
579
584
629
589
605
566
598
578
597
581
582
587
582
569
591
624
640
599
598
625
606
613
638
603
629
627
595
632
618
617
608
658
610
630
558
587
600
596
610
591
636
620
630
635
586
564
608
631
611
612
593
617
631
632
594
582
646
586
628
598
577
598
616
616
592
612
670
664
627
612
591
645
655
590
619
641
610
631
643
618
623
613
638
632
618
651
616
632
581
649
652
625
667
604
661
633
622
618
635
677
684
627
619
651
639
630
616
664
652
613
629
643
633
631
648
630
625
631
649
640
594
641
623
648
587
624
616
608
642
617
643
632
620
636
645
587
642
654
650
659
634
661
598
624
693
647
608
660
682
653
624
628
625
667
683
643
668
648
682
623
640
661
629
661
591
619
616
642
669
619
653
650
633
686
683
617
691
647
672
675
681
634
659
624
629
616
668
634
673
610
676
635
676
656
623
697
619
596
686
675
700
609
651
639
638
671
633
664
664
589
656
697
639
639
632
671
653
622
664
651
664
645
632
648
652
607
647
675
626
647
665
726
636
614
645
673
636
618
691
657
619
680
607
665
629
640
657
655
675
689
633
611
655
664
651
676
677
638
649
701
699
679
632
634
667
625
705
674
682
655
690
669
657
665
690
642
668
647
644
636
641
608
646
654
642
633
673
650
674
685
654
629
644
676
660
666
653
649
662
668
586
649
638
653
675
666
654
638
648
650
691
619
650
639
699
630
700
671
655
656
616
645
715
642
665
632
614
692
653
648
675
647
631
638
660
607
707
684
668
693
638
694
664
631
641
666
669
656
647
632
654
629
637
649
738
661
626
640
663
639
668
647
662
666
690
714
643
628
644
645
615
614
663
678
651
643
646
677
667
684
629
636
658
655
616
680
604
665
633
594
615
648
719
644
661
658
645
610
610
639
641
627
656
619
641
603
670
629
645
666
627
643
655
640
632
579
643
657
638
687
639
639
648
635
617
639
649
622
634
634
629
613
629
638
612
588
629
651
637
590
655
668
641
605
637
599
612
638
620
627
589
614
593
633
648
615
631
603
612
646
578
625
638
617
618
624
582
612
639
589
557
591
618
622
593
624
593
655
617
607
605
578
604
611
604
605
567
585
632
630
604
615
611
599
598
588
604
609
618
642
585
630
606
557
584
637
580
589
594
605
544
615
598
566
590
572
557
589
586
578
617
566
631
582
556
599
572
563
614
598
552
631
581
641
580
614
601
565
551
627
564
581
553
531
552
571
576
574
528
550
589
628
604
585
613
580
564
625
623
559
533
555
602
554
570
534
568
558
537
560
564
510
626
561
585
578
567
557
569
619
535
523
565
573
544
587
541
517
569
544
521
555
571
558
559
544
565
573
552
584
589
495
579
543
583
572
559
522
577
555
549
548
561
554
585
549
492
527
608
579
529
540
522
519
511
513
534
513
557
554
537
559
523
524
525
534
533
529
545
480
514
514
567
539
554
497
491
541
520
532
497
484
481
550
526
515
466
521
560
516
540
509
470
524
503
525
524
493
501
505
507
499
513
495
505
496
514
504
496
492
488
506
492
494
511
481
494
481
506
548
513
511
499
499
474
480
456
518
503
496
516
483
457
458
490
529
474
491
479
467
496
446
464
507
432
490
462
472
470
452
457
452
460
454
462
463
490
499
473
412
483
484
475
438
474
485
473
480
482
494
476
496
463
450
481
487
464
480
476
463
455
464
501
472
411
502
450
445
439
454
454
420
427
487
463
456
484
466
452
479
499
422
462
456
457
468
447
445
444
454
447
447
461
471
471
468
425
433
421
427
416
441
434
452
424
451
431
464
453
412
454
415
446
416
427
453
428
448
440
443
463
393
440
447
441
427
427
460
433
407
437
391
427
401
399
406
434
436
397
430
413
446
410
430
394
425
409
413
406
426
389
424
405
369
396
387
400
418
382
381
396
398
381
425
421
419
412
437
417
429
425
401
409
418
411
402
405
401
415
412
412
406
419
372
409
407
406
374
387
363
439
391
377
386
353
395
372
392
434
383
383
357
406
389
424
395
384
387
418
405
355
372
378
367
417
403
401
382
339
369
394
354
370
370
369
371
382
362
384
337
404
344
360
374
382
376
342
329
365
363
364
353
352
375
362
363
370
344
337
361
361
336
339
327
330
376
370
350
332
320
339
340
351
351
356
338
308
290
380
350
357
359
346
339
346
323
350
338
361
324
352
348
346
326
340
348
320
321
303
325
330
361
316
331
322
314
338
311
347
304
305
345
301
323
273
301
335
331
313
324
316
328
305
342
344
327
300
342
313
296
291
300
281
371
300
310
327
302
345
328
315
311
316
326
326
302
291
308
292
271
301
312
320
289
297
296
301
305
289
319
298
278
279
288
261
274
300
275
299
301
280
292
295
272
290
259
261
282
261
308
302
261
266
284
267
300
285
280
293
286
264
254
257
267
277
272
241
285
272
281
270
234
243
269
260
256
280
271
259
260
296
295
295
274
254
260
288
265
267
259
253
266
278
269
238
265
255
246
254
242
239
260
259
246
261
267
272
227
231
280
256
224
258
279
255
269
267
256
240
215
243
268
230
248
242
261
230
226
246
216
243
257
212
272
237
242
227
242
228
235
246
229
256
225
237
239
236
228
241
236
234
251
224
270
246
233
242
244
246
215
240
229
234
232
223
199
247
231
217
230
215
191
238
211
205
233
191
215
211
211
220
209
234
212
207
227
219
203
206
204
212
209
213
204
209
220
186
260
185
196
189
220
201
203
187
201
210
212
203
219
206
194
192
197
220
185
177
217
185
219
177
206
203
203
216
197
212
195
220
209
186
165
203
183
211
218
205
208
198
196
200
186
180
198
182
179
205
151
170
172
177
184
195
197
179
198
211
178
199
170
162
159
195
197
177
166
177
178
172
143
187
166
178
190
191
179
172
162
157
173
160
181
176
182
181
174
158
167
161
169
160
150
175
205
160
173
176
174
161
179
171
180
190
179
173
175
168
148
169
185
171
168
157
155
158
183
144
176
152
175
171
152
150
180
197
153
174
150
165
158