0
0
0
0
0
0
0
0
0
0
0
0
0
0
0
0
0
0
0
0
0
0
0
0
0
0
0
0
0
0
0
0
0
0
0
0
0
0
0
0
0
0
0
0
0
0
0
0
0
0
0
0
0
0
0
0
0
0
0
0
0
0
0
0
0
0
0
0
0
0
0
0
0
0
0
0
0
0
0
0
0
0
0
0
0
0
0
0
0
0
0
0
0
0
0
0
0
0
0
0
0
0
0
0
0
0
0
0
0
0
0
0
0
0
0
0
0
0
0
0
0
0
0
0
0
0
0
0
0
0
0
0
0
0
0
0
0
0
0
0
0
0
0
0
0
0
0
0
0
0
0
0
0
0
0
0
0
0
0
0
0
0
0
0
0
0
0
0
0
0
0
0
0
0
0
0
0
0
0
0
0
0
0
0
0
0
0
0
0
0
0
0
0
0
0
0
0
0
0
0
0
0
0
0
0
0
0
0
0
0
0
0
0
0
0
0
0
0
0
0
0
0
0
0
0
0
0
0
0
0
0
0
0
0
0
0
0
0
0
0
0
0
0
0
0
0
0
0
0
0
0
0
0
0
0
0
0
0
0
0
0
0
0
0
0
0
0
0
0
0
0
0
0
0
0
0
0
0
0
0
0
0
0
0
0
0
0
0
0
0
0
0
0
0
0
0
0
0
0
0
0
0
0
0
0
0
0
0
0
0
0
0
0
0
0
0
0
0
0
0
0
0
0
0
0
0
0
0
0
0
0
0
0
0
0
0
0
0
0
0
0
0
0
0
0
0
0
0
0
0
0
0
0
0
0
0
0
0
0
0
0
0
0
0
0
0
0
0
0
0
0
0
0
0
0
0
0
0
0
0
0
0
0
0
0
0
0
0
0
0
0
0
0
0
0
0
0
0
0
0
0
0
0
0
0
0
0
0
0
0
0
0
0
0
0
0
0
0
0
0
0
0
0
0
0
0
0
0
0
0
0
0
0
0
0
0
0
0
0
0
0
0
0
0
0
0
0
0
0
0
0
0
0
0
0
0
0
0
0
0
0
0
0
0
0
0
0
0
0
0
0
0
0
0
0
0
0
0
0
0
0
0
0
0
0
0
0
0
0
0
0
0
0
0
0
0
0
0
0
0
0
0
0
0
0
0
0
0
0
0
0
0
0
0
0
0
0
0
0
0
0
0
0
0
0
0
0
0
0
0
0
0
0
0
0
0
0
0
0
0
0
0
0
0
0
0
0
0
0
0
0
0
0
0
0
0
0
0
0
0
0
0
0
0
0
0
0
0
0
0
0
0
0
0
0
0
0
0
0
0
0
0
0
0
0
0
0
0
0
0
0
0
0
0
0
0
0
0
0
0
0
0
0
0
0
0
0
0
0
0
0
0
0
0
0
0
0
0
0
0
0
0
0
0
0
0
0
0
0
0
0
0
0
0
0
0
0
0
0
0
0
0
0
0
0
0
0
0
0
0
0
0
0
0
0
0
0
0
0
0
0
0
0
0
0
0
0
0
0
0
0
0
0
0
0
0
0
0
0
0
0
0
0
0
0
0
0
0
0
0
0
0
0
0
0
0
0
0
0
0
0
0
0
0
0
0
0
0
0
0
0
0
0
0
0
0
0
0
0
0
0
0
0
0
0
0
0
0
0
0
0
0
0
0
0
0
0
0
0
0
0
0
0
0
0
0
0
0
0
0
0
0
0
0
0
0
0
0
0
0
0
0
0
0
0
0
0
0
0
20
43
33
49
44
39
51
44
37
50
40
31
42
55
38
40
42
34
35
51
43
40
42
45
47
44
50
45
45
34
37
52
46
47
30
51
32
50
52
49
32
36
48
42
48
32
42
38
33
39
40
46
43
42
39
38
39
40
41
44
39
48
38
45
43
38
36
56
41
37
39
39
42
47
33
31
41
28
40
43
51
39
45
49
46
42
36
44
41
30
37
40
36
39
39
39
41
46
35
40
45
47
40
32
34
42
31
48
42
39
33
40
39
36
34
33
39
37
56
34
34
43
37
31
36
30
34
46
28
48
32
31
51
37
42
46
45
38
33
41
29
31
40
34
47
44
37
35
36
41
36
36
35
41
36
37
27
31
36
27
38
36
42
40
62
23
30
48
40
28
31
46
41
33
33
29
37
32
39
35
42
45
29
49
31
48
25
49
36
39
40
32
37
31
41
34
31
34
36
30
38
37
32
42
47
41
41
35
48
35
40
35
37
45
49
39
50
52
45
41
48
29
43
31
31
31
39
51
45
54
44
51
47
36
44
37
39
43
42
38
40
35
26
47
38
30
41
40
42
44
52
43
41
44
42
53
46
42
40
45
46
45
34
39
47
47
37
45
46
56
45
42
42
55
45
41
44
37
32
47
42
40
43
47
45
56
41
57
52
43
36
45
52
36
44
28
38
43
40
35
46
52
41
61
45
36
49
58
64
44
45
42
52
55
65
52
47
49
55
55
57
56
47
43
38
55
52
59
59
52
49
42
48
48
62
52
60
51
56
52
55
60
57
65
67
47
44
47
55
50
57
50
57
51
56
60
46
45
44
59
50
45
45
61
47
61
57
59
55
55
44
55
63
52
60
53
59
68
63
53
66
50
73
51
54
54
66
65
66
61
55
64
66
51
63
58
60
51
51
63
59
72
68
67
64
53
65
77
62
71
64
50
59
71
54
71
63
71
71
69
69
63
62
62
66
86
60
65
67
81
70
74
66
62
71
59
67
69
72
69
75
69
84
64
69
70
61
63
74
61
76
62
53
64
86
72
67
76
76
62
72
75
56
63
53
73
80
64
64
56
92
75
74
65
62
84
69
66
74
81
73
78
63
79
70
72
80
80
61
74
71
71
66
89
85
74
63
73
74
76
72
65
65
69
77
73
68
67
90
72
75
68
79
65
87
68
93
81
79
76
81
68
80
83
67
92
83
82
77
67
92
75
78
75
77
97
77
89
75
82
84
81
85
83
78
73
69
79
72
84
78
73
100
94
91
80
66
82
81
88
85
77
82
68
81
88
76
73
75
87
88
92
73
84
90
86
87
95
93
84
84
72
75
76
71
90
87
95
92
92
87
97
77
87
90
109
85
93
86
78
91
73
82
88
103
85
88
87
94
89
102
84
85
69
83
81
87
84
82
78
96
74
67
88
96
95
88
91
94
94
97
93
98
91
97
102
84
88
87
76
82
87
95
85
100
92
73
93
94
75
95
98
78
103
97
81
94
85
85
99
92
101
90
83
93
106
89
90
89
96
90
77
83
74
92
103
95
71
91
80
78
89
89
97
85
78
80
79
103
79
74
83
105
89
79
74
88
88
93
88
81
85
83
70
84
83
81
108
61
85
76
76
85
92
94
71
66
88
93
89
80
83
79
77
84
98
90
75
79
69
87
86
93
75
66
97
73
85
74
71
89
72
75
89
58
87
98
88
73
54
84
74
81
75
80
81
76
67
85
87
80
79
72
84
68
69
90
81
69
67
63
89
85
73
85
80
77
62
74
74
75
75
66
69
66
60
75
72
71
67
82
78
76
73
76
72
67
69
73
60
70
70
75
81
55
61
69
87
56
62
72
75
67
73
66
53
49
70
67
63
55
71
58
55
69
55
74
56
64
64
66
73
58
61
67
68
65
72
65
46
50
68
60
48
56
67
52
52
64
61
56
54
59
63
42
52
66
49
56
56
56
50
59
49
46
53
48
67
49
54
65
47
51
63
48
55
66
62
46
53
57
49
49
51
49
49
56
57
48
57
60
56
48
57
56
65
63
58
53
43
58
51
52
51
63
41
57
51
52
44
44
51
55
43
53
49
53
47
51
47
40
55
52
38
52
45
46
47
44
69
37
51
34
47
53
56
52
52
39
55
44
59
32
43
46
50
42
51
50
46
51
30
46
40
42
51
49
50
52
42
42
49
40
39
50
39
51
51
45
47
49
39
50
32
37
47
43
65
51
45
42
40
38
55
45
34
53
56
47
49
51
35
42
40
31
43
54
42
57
44
45
44
47
43
51
54
54
44
48
41
50
42
49
36
41
43
37
59
40
49
41
31
39
48
33
33
40
60
37
45
42
34
45
42
39
50
46
44
51
47
58
57
51
43
49
44
42
53
38
54
36
60
42
49
41
36
49
48
47
45
46
44
50
52
56
56
52
42
44
53
55
59
48
37
56
39
57
54
48
56
50
63
48
48
49
30
47
55
53
52
50
52
49
53
57
44
49
49
49
37
45
51
57
56
54
61
54
47
60
46
51
50
41
58
59
55
47
46
59
47
53
54
57
53
48
61
40
62
50
58
53
53
55
60
61
47
65
68
50
54
60
57
68
50
66
53
65
57
56
81
63
72
56
52
52
61
55
65
46
68
66
63
56
50
51
56
66
67
62
48
60
63
74
48
57
66
68
50
55
61
53
62
66
68
70
63
67
74
67
73
73
80
76
67
63
64
64
76
60
63
77
62
74
77
62
78
71
74
92
62
74
63
76
76
66
66
60
89
87
78
86
79
81
82
78
71
75
73
70
97
68
87
81
86
78
72
85
68
72
94
88
96
88
79
90
81
79
85
91
90
88
72
84
73
90
102
92
90
88
94
77
83
93
79
101
89
92
71
104
94
74
97
109
102
104
104
108
98
95
91
100
99
90
106
108
92
99
107
81
125
87
104
101
94
106
117
88
98
92
101
106
101
99
95
98
96
127
115
104
134
121
128
99
107
112
101
124
124
133
111
106
120
115
113
102
102
126
127
128
124
121
128
116
140
121
122
139
139
138
125
120
130
139
134
128
132
134
122
123
132
144
127
144
125
144
134
149
142
116
127
174
145
157
135
148
139
149
140
156
137
137
148
152
148
138
146
149
147
142
161
166
152
182
160
169
143
152
153
169
149
197
151
168
158
141
187
176
155
147
179
153
162
172
169
176
170
177
173
176
186
182
191
182
167
181
187
174
168
176
183
193
178
193
203
177
194
174
171
215
210
181
187
188
180
193
207
193
200
231
197
188
204
226
223
200
216
204
199
233
208
188
209
197
230
195
181
211
216
234
195
203
224
211
255
233
208
250
223
215
241
224
232
225
243
241
232
222
232
244
249
221
218
222
281
227
248
220
246
264
265
248
218
250
260
249
214
254
223
256
253
266
273
229
265
283
237
272
262
263
261
273
275
258
281
257
284
262
276
274
290
299
281
297
297
240
277
301
254
292
271
305
267
291
284
264
295
293
272
298
298
279
294
272
280
322
301
295
322
295
323
314
304
308
305
306
297
313
321
296
339
308
321
291
286
314
320
319
347
309
330
298
324
314
333
322
311
322
321
351
311
341
340
356
335
336
345
331
331
318
335
353
329
372
348
345
350
357
344
378
373
390
358
359
341
348
346
362
358
358
361
392
360
327
392
376
337
373
375
357
398
332
359
403
418
370
382
385
355
357
357
364
410
411
362
376
374
349
409
352
411
413
398
383
382
369
428
408
363
421
399
382
356
413
416
395
389
385
408
406
408
415
389
422
398
419
405
427
406
420
390
424
436
392
420
428
426
428
436
417
395
424
418
445
421
416
461
452
437
425
418
435
428
387
444
472
401
422
437
455
417
438
432
466
448
430
427
441
443
484
411
444
434
443
448
417
473
438
409
467
456
419
451
459
418
464
445
477
437
419
441
463
464
460
449
436
472
426
462
456
452
444
430
464
453
451
466
451
488
473
466
455
476
441
482
472
465
464
452
481
438
501
478
428
494
467
486
459
442
443
514
451
496
471
476
462
462
453
450
438
447
486
465
452
416
486
506
509
480
477
454
461
479
476
485
452
472
482
477
451
486
481
451
506
487
470
482
460
463
476
469
481
470
452
476
489
509
509
465
502
505
446
467
464
483
512
455
479
454
445
463
460
470
500
442
504
452
439
469
455
469
485
489
476
465
445
450
458
449
515
468
473
430
440
491
422
497
461
439
478
443
430
499
461
447
466
438
438
453
451
449
453
441
439
411
452
448
462
422
447
457
417
437
461
407
485
446
442
427
432
467
447
408
453
461
403
417
407
401
407
415
446
428
403
457
422
440
400
397
447
419
419
455
425
401
397
422
428
403
394
458
439
418
380
411
434
431
413
394
391
403
403
391
443
406
404
418
381
384
393
378
397
409
400
389
358
378
404
357
414
387
389
405
406
393
370
362
391
364
378
355
382
338
328
373
375
378
355
367
334
377
370
339
348
353
333
375
355
360
368
377
374
340
372
335
315
323
332
324
335
325
326
355
337
369
325
360
335
328
337
334
322
298
341
298
324
291
311
299
296
284
306
284
298
299
304
339
311
285
325
323
291
290
275
319
315
320
273
306
292
286
254
288
283
286
294
299
282
296
274
266
264
258
274
268
272
257
286
243
277
274
231
260
278
273
273
261
240
258
255
245
285
220
224
231
227
244
241
228
229
243
223
262
249
224
206
227
242
207
189
225
224
233
215
236
220
243
248
214
215
221
205
212
241
213
203
190
175
207
189
202
185
230
191
174
184
203
168
177
196
202
189
190
194
191
191
184
171
149
177
143
171
207
176
183
178
186
189
172
179
174
173
174
162
166
194
138
153
132
162
154
168
149
167
157
166
159
138
155
173
136
145
135
146
155
138
171
143
157
133
136
145
133
161
140
118
156
142
151
136
141
122
127
135
131
115
136
140
127
156
137
106
106
112
107
121
120
119
103
125
114
120
119
119
109
108
111
113
117
138
102
109
102
92
101
102
108
112
104
93
105
103
107
111
90
93
118
81
90
115
103
90
95
97
98
87
91
91
93
94
83
81
76
83
94
82
82
68
82
73
87
89
77
88
79
82
92
69
86
70
70
66
78
70
67
89
85
80
67
64
80
72
80
62
56
66
57
59
61
55
70
69
50
64
60
65
78
64
72
61
62
61
60
65
55
57
55
69
63
49
41
55
56
57
68
46
61
54
48
60
54
40
49
53
49
42
46
51
59
51
46
53
43
56
41
55
52
41
43
45
40
51
46
47
44
57
55
42
41
41
47
48
48
37
58
46
41
35
36
33
33
35
34
42
48
34
32
34
35
38
34
34
39
38
34
32
48
34
29
29
29
23
42
31
28
29
27
28
27
32
21
23
27
28
33
31
32
30
39
21
29
21
20
28
31
30
21
27
30
25
21
28
30
24
24
18
30
18
24
19
28
20
35
28
27
23
34
17
25
28
30
20
25
13
28
26
28
22
18
30
20
18
20
23
21
22
24
19
22
18
22
23
15
25
24
14
15
23
16
20
20
15
21
18
14
19
21
21
22
20
22
13
14
8
17
15
11
18
22
17
14
20
16
13
14
16
22
25
20
20
12
16
12
15
11
25
11
15
22
12
10
16
19
18
16
13
13
11
15
14
12
14
17
14
16
12
9
9
15
10
6
14
9
17
9
10
11
7
18
11
9
15
11
5
12
11
11
15
14
14
14
8
12
14
15
7
6
12
12
11
14
10
13
15
10
9
14
10
14
5
6
11
6
14
6
10
13
10
5
14
8
15
8
13
6
17
7
8
10
10
10
10
6
11
9
8
7
10
6
11
10
8
10
9
10
14
14
9
8
11
10
5
3
9
9
9
7
9
13
6
9
12
11
10
11
10
6
9
14
4
11
9
3
3
6
3
15
12
7
12
6
7
11
3
8
11
8
8
10
8
8
5
5
15
14
9
13
2
12
7
6
8
7
7
10
6
6
7
12
5
9
8
12
5
8
6
7
6
9
11
6
5
7
10
5
5
2
9
18
6
5
13
7
8
6
8
8
6
6
4
4
8
7
5
4
13
3
6
7
2
8
1
6
6
6
8
3
5
6
3
10
6
6
8
9
8
8
6
7
7
5
2
4
5
5
12
9
6
7
10
8
6
5
10
4
5
7
9
1
7
7
5
8
9
9
7
5
5
3
8
6
6
5
12
4
10
5
8
7
13
7
5
5
8
7
8
8
9
7
7
7
9
6
6
5
9
5
6
4
10
4
8
5
8
5
7
6
6
2
4
7
7
6
6
3
3
5
6
3
9
7
4
6
4
2
8
8
4
6
10
6
5
4
8
6
6
8
8
8
9
9
3
5
8
4
8
4
6
2
12
3
5
5
7
8
5
1
8
5
4
2
9
6
8
7
7
3
10
1
3
9
11
7
6
9
5
7
5
4
10
5
5
7
2
7
6
4
8
9
7
4
3
7
7
3
7
4
9
2
8
4
7
4
6
3
6
4
5
3
8
4
4
11
4
3
6
6
4
5
4
7
5
8
5
4
2
7
5
3
6
2
7
1
8
1
11
11
9
8
6
4
4
3
8
3
9
4
6
6
3
5
4
5
4
4
7
2
3
4
3
3
9
6
4
5
10
4
7
7
6
5
5
6
8
2
5
6
5
8
10
7
9
2
7
4
3
4
9
9
6
5
9
4
10
6
4
3
3
3
5
8
5
4
4
5
7
3
1
8
4
6
7
6
9
6
7
7
4
6
3
5
5
1
6
6
4
7
3
5
5
1
5
4
6
2
8
6
2
1
6
4
4
4
6
6
6
6
3
4
5
6
3
2
4
5
4
6
0
1
7
3
8
1
6
4
6
4
2
8
3
3
5
5
7
4
4
10
3
5
3
1
7
3
4
4
1
3
4
2
10
5
3
4
3
3
4
3
6
1
3
8
3
7
9
8
6
9
1
8
2
5
7
5
2
5
5
4
4
5
5
6
3
4
3
3
5
4
2
5
1
2
7
4
2
5
3
8
4
6
7
5
5
4
4
3
1
7
2
5
3
5
4
6
7
5
4
5
5
6
9
2
4
4
9
5
4
3
4
1
0
5
5
4
3
5
5
1
2
3
3
7
6
7
10
7
7
7
4
6
8
5
2
4
8
4
8
3
4
6
4
4
8
5
7
7
7
8
5
3
6
5
7
4
7
2
5
5
4
6
2
5
5
6
4
5
6
1
3
7
1
2
4
5
2
7
4
2
5
3
3
4
5
4
1
3
2
4
5
8
4
4
8
1
7
8
7
2
5
6
2
4
1
6
7
4
2
4
5
5
1
3
4
5
2
1
7
7
7
10
8
0
9
4
2
3
1
5
11
4
6
8
5
5
9
4
6
3
7
5
10
3
6
6
3
3
5
6
5
5
7
5
4
4
3
6
9
3
4
5
7
6
5
5
4
6
1
2
4
10
3
9
7
7
6
6
2
5
4
1
7
2
7
6
4
7
5
7
6
3
7
4
5
9
6
3
5
8
8
7
1
5
5
5
9
9
3
3
2
3
3
5
7
4
10
2
1
0
6
2
1
8
3
5
3
4
6
5
5
6
6
2
1
5
4
3
7
6
1
5
3
2
6
3
3
7
1
5
9
5
4
4
3
5
5
1
2
2
2
3
3
3
4
5
4
0
3
4
2
3
5
7
6
3
3
2
3
7
6
3
6
6
6
2
9
3
1
4
9
4
3
3
7
5
7
1
3
5
6
1
5
4
7
4
6
5
2
2
4
6
5
2
6
2
1
2
9
4
3
6
8
1
4
5
5
2
4
6
7
8
9
2
1
6
5
7
2
8
3
2
12
10
7
5
8
2
1
4
6
8
5
4
8
6
1
4
2
7
7
5
3
5
6
4
4
5
3
1
6
7
5
6
7
3
6
3
4
2
2
0
4
5
4
1
2
7
4
4
7
4
2
3
5
1
6
3
4
4
4
4
3
1
7
2
3
1
6
5
8
5
7
4
7
4
5
4
5
5
4
6
5
8
3
10
3
2
3
2
5
2
3
3
4
3
6
3
1
2
4
6
2
4
6
2
6
6
5
8
2
2
9
3
5
4
2
4
5
5
5
4
6
4
6
2
4
3
4
3
6
4
4
6
3
5
7
4
2
10
5
4
6
4
2
2
4
7
1
3
4
7
5
5
4
6
4
4
3
5
5
3
2
3
2
5
6
8
3
9
7
6
3
5
5
3
7
5
2
10
4
4
4
9
7
10
4
2
5
2
4
9
3
3
6
4
7
3
5
3
3
3
2
11
4
8
10
7
4
1
8
2
3
7
7
2
4
6
3
5
2
5
5
5
3
3
5
2
6
4
6
3
6
7
6
8
4
8
4
3
5
2
5
6
3
8
5
5
3
6
7
5
3
7
7
8
7
6
3
2
7
6
3
3
4
3
4
8
4
4
7
5
6
3
4
2
5
3
3
4
7
3
1
5
10
5
2
2
2
2
6
10
5
3
5
7
5
2
5
4
9
3
3
5
4
1
12
4
3
5
13
4
5
8
2
6
3
5
5
5
2
5
4
10
6
6
7
4
3
6
7
4
7
5
3
0
6
4
5
7
8
7
1
5
3
10
2
2
4
5
8
3
5
4
4
4
5
7
4
5
6
5
2
6
9
6
2
8
4
5
7
3
3
5
4
7
5
5
2
3
3
4
2
8
2
4
5
3
8
7
4
8
2
10
5
3
5
4
6
4
4
6
9
4
3
6
7
4
3
6
5
5
4
3
4
5
6
10
4
4
5
8
4
4
10
7
5
3
6
3
5
5
5
9
6
5
7
6
4
5
2
3
2
7
5
5
8
3
7
5
5
4
7
11
7
5
2
5
8
3
8
6
4
3
4
6
4
4
7
2
2
7
2
8
6
7
7
4
4
8
6
7
3
3
7
3
4
5
3
4
2
9
5
6
4
5
7
5
6
4
3
1
6
6
5
6
2
3
5
2
0
7
2
3
6
7
6
6
1
1
6
10
6
5
6
1
3
2
4
6
4
6
3
4
5
8
2
2
5
6
8
10
6
7
7
5
6
6
3
5
4
4
6
5
4
5
5
7
5
1
3
8
3
6
2
1
3
6
6
5
4
1
4
6
7
4
6
6
3
5
5
2
1
6
4
4
5
0
7
8
1
5
8
5
5
6
1
5
5
7
6
5
1
4
9
5
5
7
4
1
5
6
5
10
3
5
1
4
3
5
6
4
8
1
5
3
5
4
4
6
3
5
3
0
1
3
2
2
4
5
6
7
9
4
4
6
6
6
6
4
6
1
4
8
5
5
9
1
8
5
1
3
3
5
4
2
6
6
0
3
11
3
7
4
2
5
3
5
1
4
4
4
5
3
5
4
9
4
8
2
3
6
1
1
4
5
5
4
7
2
5
1
6
4
1
4
4
3
3
1
5
5
4
3
4
3
3
4
2
3
3
4
6
4
8
4
2
2
2
2
5
10
0
3
5
3
6
3
5
5
2
3
2
4
3
0
3
4
6
2
4
3
2
6
2
5
2
5
1
5
5
0
6
1
4
6
4
2
2
3
8
4
0
1
1
2
3
8
9
2
2
0
3
3
2
5
7
5
3
7
3
5
3
3
1
2
3
5
2
2
3
2
1
3
7
3
2
4
2
3
0
3
6
1
3
6
4
4
2
1
5
3
1
0
2
2
3
4
3
2
0
4
2
2
2
4
2
5
5
4
1
5
3
7
1
2
2
2
0
0
1
3
2
2
2
5
1
4
4
3
2
5
6
3
5
7
5
4
5
2
4
3
2
2
0
3
3
0
2
1
1
1
0
6
1
8
4
1
4
3
1
1
0
5
4
1
4
1
2
2
3
6
2
1
5
4
3
3
2
7
7
4
3
1
3
2
4
3
2
2
3
1
1
2
2
1
1
2
4
0
3
3
1
0
3
2
6
1
2
0
5
0
0
2
3
2
3
4
3
5
4
3
1
3
1
4
2
2
4
4
1
2
3
2
1
2
2
4
4
2
2
6
1
0
2
2
3
0
2
3
1
1
0
1
2
3
2
1
2
2
1
0
1
3
2
2
1
7
1
1
1
2
1
2
1
1
1
1
4
1
1
0
0
2
0
6
0
1
0
0
0
2
1
0
0
2
2
2
4
3
4
3
4
1
2
3
0
1
1
1
4
3
2
2
1
0
1
2
2
1
2
2
1
3
1
4
2
0
3
2
3
3
1
1
2
2
1
1
2
0
0
0
2
0
1
1
0
0
0
3
0
4
1
0
0
5
1
5
1
2
1
0
2
1
0
2
0
1
0
2
0
1
1
0
1
1
2
1
0
2
1
0
6
1
3
2
1
1
2
1
0
1
0
1
0
1
0
1
0
0
0
0
2
0
0
1
1
1
0
2
0
0
2
2
0
0
0
0
2
1
2
2
2
1
0
2
1
1
0
1
2
1
0
0
2
1
0
1
1
1
0
1
2
1
1
0
0
1
0
1
1
0
0
1
0
0
1
0
1
2
0
4
0
1
1
0
0
1
0
0
0
0
0
1
0
1
2
0
1
1
2
0
0
1
0
1
2
0
0
1
0
0
0
0
0
0
0
0
1
3
0
1
2
1
0
1
0
0
0
0
0
0
0
0
0
1
0
2
0
4
0
3
0
0
1
1
0
0
2
0
1
2
1
2
0
0
0
0
2
1
2
0
0
0
1
1
2
1
1
0
0
2
0
1
0
0
1
0
1
1
0
0
1
1
0
0
0
1
0
1
0
1
0
1
0
1
1
0
0
0
0
0
1
0
0
0
0
1
0
0
0
0
2
0
1
0
2
1
1
0
0
1
0
0
0
0
1
0
1
1
1
0
1
0
0
1
0
0
0
0
0
0
1
0
0
1
0
0
1
1
1
0
1
1
0
2
0
1
0
0
2
0
0
1
0
0
3
0
0
1
0
0
0
0
1
0
0
2
0
1
0
1
0
1
0
0
0
0
0
0
2
0
0
0
0
0
0
0
0
0
0
0
0
0
0
0
0
0
0
1
1
0
0
1
0
0
0
0
0
0
0
0
1
0
1
0
0
1
0
0
0
0
0
2
0
1
1
0
0
0
0
0
0
1
1
0
1
0
0
0
0
1
0
0
0
0
0
0
1
0
0
1
1
0
0
0
0
0
0
0
0
0
0
0
0
1
0
0
0
1
0
0
1
0
0
0
0
1
0
0
0
0
0
1
0
0
0
0
1
1
0
0
0
1
0
1
0
0
0
1
0
0
1
1
0
0
0
0
1
0
0
1
0
0
0
0
0
0
0
0
0
0
0
0
1
0
0
0
0
0
0
0
1
0
1
0
0
0
0
0
0
0
0
0
0
0
0
0
0
0
0
1
0
0
0
0
0
0
0
0
0
0
0
0
0
0
0
0
0
0
0
1
0
0
0
0
0
0
0
0
0
0
0
0
0
0
0
0
0
0
1
0
0
0
1
0
0
0
0
0
0
1
0
0
0
0
0
0
0
1
0
0
0
1
0
0
0
0
1
0
0
0
1
0
0
0
1
0
0
0
0
0
0
0
0
0
0
0
0
0
0
0
0
0
0
0
0
0
0
0
0
0
1
0
0
0
0
0
0
0
0
0
0
0
0
0
0
1
0
1
0
0
0
0
0
0
0
0
0
0
0
0
0
0
1
0
0
0
0
0
0
0
0
0
0
2
0
0
0
0
0
1
0
0
0
0
0
0
0
0
1
0
1
0
0
0
0
1
0
1
0
0
0
0
0
1
0
0
1
0
0
0
0
0
0
0
0
0
0
0
0
0
0
0
0
0
0
0
1
0
0
0
0
1
0
0
1
0
0
0
0
0
0
0
0
0
1
1
0
0
0
0
0
0
1
1
0
0
0
0
0
0
0
0
1
0
0
0
0
0
0
0
0
0
0
0
0
0
0
0
0
0
0
0
0
0
0
0
0
0
0
0
0
0
0
0
0
0
1
0
0
0
1
0
0
0
0
0
0
0
1
0
0
1
0
0
0
0
0
0
0
0
0
0
0
0
0
0
1
0
0
0
0
0
0
0
0
0
0
0
0
0
0
0
0
0
0
0
0
0
1
1
0
0
0
1
0
0
0
1
0
0
0
0
0
0
0
1
1
0
0
0
0
0
0
0
0
0
0
0
0
0
0
0
0
0
0
0
0
0
1
0
0
1
0
0
0
0
0
0
0
0
0
0
0
0
0
0
0
0
0
0
0
0
0
0
0
0
1
0
0
0
0
0
0
0
0
0
0
0
0
0
0
0
0
0
0
0
0
0
0
1
0
0
0
0
0
0
0
0
1
0
0
1
0
0
1
0
0
0
0
1
0
1
0
0
0
0
0
0
0
1
0
0
0
0
1
0
0
0
0
0
0
0
0
0
0
0
0
0
0
0
0
0
0
1
1
0
0
0
0
0
0
0
1
0
0
0
0
0
0
0
0
0
0
0
1
0
0
0
1
0
1
0
0
0
0
0
1
0
0
0
0
0
0
0
0
0
0
0
0
0
0
0
0
0
0
0
1
2
0
0
0
0
0
0
0
0
0
0
0
0
0
0
1
0
0
0
0
0
0
0
0
0
0
0
0
0
0
0
0
0
0
0
0
0
0
0
0
0
0
0
0
0
0
0
0
0
0
0
0
0
0
0
0
0
0
0
0
0
0
0
0
0
0
0
0
0
0
0
0
0
0
0
0
0
0
0
0
0
0
0
0
0
0
0
0
0
0
0
0
0
0
1
0
0
0
0
0
0
0
1
0
0
0
0
0
0
0
0
0
0
0
0
0
0
0
0
0
0
0
0
0
0
1
0
0
0
0
1
0
0
0
0
0
0
0
0
0
0
0
0
0
0
0
0
0
0
0
0
0
0
0
0
0
0
0
0
0
0
0
0
0
0
0
0
0
0
0
0
0
1
0
1
0
0
0
0
0
0
0
0
0
0
0
0
0
0
0
1
0
0
0
0
0
0
0
0
0
0
0
1
0
1
0
0
0
0
0
0
0
1
0
0
0
0
0
0
1
0
0
0
0
0
0
0
0
0
1
0
0
0
0
0
0
0
0
0
0
0
0
0
0
0
0
0
0
0
0
0
1
0
0
0
1
1
0
0
0
0
0
0
1
0
0
0
0
0
0
0
0
0
0
0
0
0
0
0
0
0
0
0
0
0
0
0
0
1
0
0
0
0
0
0
0
0
0
0
0
0
0
0
0
0
0
0
0
0
0
0
0
0
0
0
0
0
0
0
0
0
0
0
0
0
0
0
0
0
0
0
0
0
0
0
0
0
0
0
0
0
0
0
0
1
1
0
0
0
0
0
0
0
0
0
0
1
0
1
0
0
0
0
0
1
0
0
0
1
0
0
1
0
0
0
0
0
0
0
0
1
0
0
0
1
0
0
0
0
0
0
0
0
0
0
0
1
0
0
0
0
1
0
0
0
1
0
0
1
0
0
0
0
0
0
0
0
0
0
0
0
0
0
0
0
1
0
0
0
1
0
0
0
0
0
1
0
0
0
0
0
0
0
0
0
0
0
0
0
0
0
0
0
0
0
0
0
0
0
0
0
0
0
0
0
0
0
0
0
0
1
0
0
0
0
0
0
0
0
0
0
0
0
0
0
0
0
0
0
0
0
0
0
0
0
0
0
0
0
0
0
0
0
0
0
0
0
0
0
0
0
0
0
0
0
0
0
0
0
0
0
0
0
0
0
0
0
0
0
0
0
0
0
0
0
0
0
0
0
0
0
0
0
0
0
0
0
0
0
0
0
0
0
0
0
0
0
0
0
0
0
0
0
0
0
0
0
0
0
0
0
0
0
0
0
0
0
0
0
0
0
1
0
0
0
0
1
0
0
0
0
0
1
0
1
0
0
0
0
0
0
0
0
0
0
0
0
1
0
0
0
0
0
0
0
0
0
0
0
0
0
1
0
0
0
1
0
0
0
0
0
1
0
0
0
0
0
0
0
0
0
0
0
0
0
0
0
0
0
0
0
0
0
0
0
0
0
0
0
0
0
0
0
0
0
1
0
0
1
0
0
0
0
1
0
0
0
0
0
0
0
0
0
0
0
0
0
0
0
0
0
0
0
0
0
0
0
0
0
0
0
0
1
0
0
0
0
0
0
0
0
0
0
0
0
0
0
0
0
0
0
0
0
0
0
0
0
0
0
0
0
0
0
0
0
1
0
0
0
0
0
0
0
0
0
0
0
0
0
0
1
0
0
0
0
0
0
0
0
0
1
0
0
0
0
0
0
0
0
0
0
0
0
0
0
0
0
0
0
0
0
0
0
0
0
0
0
1
0
0
0
1
0
0
0
0
0
0
0
1
0
0
0
0
0
0
0
0
0
0
0
0
0
0
0
0
0
0
1
0
1
0
0
0
0
0
0
0
0
0
0
0
0
0
0
0
0
0
0
0
0
0
0
0
0
0
0
0
0
0
0
0
0
0
0
0
0
0
0
0
0
0
0
0
0
0
0
0
0
0
0
0
0
0
0
0
1
0
0
0
1
0
0
0
1
0
1
0
0
0
0
0
1
0
0
0
0
0
0
0
0
0
0
0
0
0
0
0
0
0
0
0
0
1
0
0
0
0
1
0
0
0
0
0
0
0
0
0
0
0
0
0
0
0
0
0
0
0
0
0
0
0
0
0
0
0
0
0
0
0
0
0
0
0
0
0
0
0
0
0
0
0
0
1
0
0
0
0
1
0
1
0
0
0
0
0
0
0
0
0
0
0
0
0
0
0
0
0
0
0
0
0
0
0
0
0
0
0
0
0
0
0
0
0
0
0
0
1
0
0
0
0
0
0
0
0
0
0
0
0
0
1
0
0
0
0
0
0
2
0
1
0
0
0
0
0
0
0
0
0
0
0
0
0
0
0
0
0
0
0
0
0
0
0
0
0
0
0
0
0
0
0
0
0
0
1
0
0
1
0
0
0
0
0
0
0
0
0
0
0
0
0
0
0
0
0
0
0
0
0
0
0
0
0
0
0
0
0
0
0
0
0
0
0
0
0
0
0
0
0
0
0
0
0
0
0
1
0
0
0
0
0
0
0
0
1
0
0
1
0
0
0
0
0
1
0
0
0
0
0
0
0
0
0
0
0
0
0
0
0
0
0
0
0
0
0
0
0
0
0
0
0
0
0
0
0
0
0
0
0
0
0
0
1
0
0
0
0
0
0
0
0
0
0
0
0
0
0
0
0
0
0
0
0
0
0
0
0
0
0
0
0
0
0
0
0
0
0
0
0
0
0
0
0
0
0
0
0
0
0
0
0
0
0
0
0
0
0
0
0
0
0
0
0
0
0
0
0
0
0
0
0
0
0
0
0
0
0
0
0
0
0
0
0
0
0
0
0
0
1
0
0
0
0
0
0
1
0
0
0
0
0
0
0
0
0
0
0
0
0
0
0
0
0
0
0
0
0
0
0
0
0
0
0
0
0
0
0
0
0
0
0
0
0
0
0
0
0
0
0
0
0
0
0
0
0
0
0
0
0
0
0
0
0
0
0
0
0
0
0
0
0
0
0
0
0
0
0
0
0
0
0
0
0
0
0
0
0
0
0
0
0
0
0
0
0
0
0
0
0
0
0
0
0
0
0
0
0
0
0
0
0
0
0
0
0
0
0
0
0
0
0
0
0
0
0
0
0
0
0
0
0
0
0
0
0
0
0
0
0
0
0
0
0
0
0
0
0
0
0
0
0
0
0
0
0
0
0
1
0
0
0
0
0
0
0
0
0
0
0
0
0
0
0
0
0
0
0
0
0
0
0
0
0
0
0
0
0
0
0
0
0
0
0
0
0
1
0
0
0
0
0
0
0
0
0
1
0
0
0
0
0
0
0
0
0
0
0
0
1
0
0
0
0
0
0
0
0
0
0
1
0
0
0
0
0
0
0
0
0
0
0
0
0
0
0
0
0
0
0
0
0
0
0
0
0
0
0
0
0
0
0
0
0
0
0
0
0
0
0
0
0
0
0
0
0
0
0
0
0
0
0
0
0
0
0
0
0
0
0
0
0
0
0
0
0
0
0
0
0
0
0
0
0
0
0
0
0
0
0
0
0
0
0
0
0
0
0
0
0
0
0
0
0
0
0
0
0
0
0
1
0
0
0
0
0
0
0
0
0
0
0
0
0
0
0
0
0
0
0
0
0
0
0
0
0
0
0
0
0
0
0
0
1
0
0
0
0
0
0
0
0
0
0
0
0
0
0
0
0
0
0
0
0
0
0
0
0
0
0
0
0
0
0
0
0
0
0
0
0
0
0
0
0
0
0
0
0
0
0
0
0
0
0
0
0
0
0
0
0
0
0
0
0
0
0
0
0
0
0
0
0
0
0
0
0
0
0
0
0
0
0
0
1
0
0
0
0
1
0
0
0
0
0
0
0
0
0
0
0
0
0
0
0
0
0
0
0
0
0
0
0
0
0
0
0
0
0
0
0
0
0
0
0
0
0
0
0
1
0
0
0
0
0
0
0
0
0
0
0
0
0
0
0
0
0
0
0
0
0
0
0
0
0
0
0
0
0
0
0
0
0
0
0
0
0
0
0
0
0
0
0
0
0
0
0
0
0
0
0
0
0
0
0
0
0
0
0
0
0
0
0
0
0
0
0
0
0
0
0
0
0
0
0
0
0
0
0
0
0
0
0
0
0
0
0
0
0
0
0
0
0
0
0
0
0
0
0
0
0
0
0
0
0
0
0
0
0
0
0
0
0
0
0
0
0
0
0
0
0
0
0
0
0
0
0
0
0