0
0
0
0
0
0
0
0
0
0
0
0
0
0
0
0
0
0
0
0
0
0
0
0
0
0
0
0
0
0
0
0
0
0
0
0
0
0
0
0
0
0
0
0
0
0
0
0
0
0
0
0
0
0
0
0
0
0
0
0
0
0
0
0
0
0
0
0
0
0
0
0
0
0
0
0
0
0
0
0
0
0
0
0
0
0
0
0
0
0
0
0
0
0
0
0
0
0
0
0
0
0
0
0
0
0
0
0
0
0
0
0
0
0
0
0
0
0
0
0
0
0
0
0
0
0
0
0
0
0
0
0
0
0
0
0
0
0
0
0
0
0
0
0
0
0
0
0
0
0
0
0
0
0
0
0
0
0
0
0
0
0
0
0
0
0
0
0
0
0
0
0
0
0
0
0
0
0
0
0
0
0
0
0
0
0
0
0
0
0
0
0
0
0
0
0
0
0
0
0
0
0
0
0
0
0
0
0
0
0
0
0
0
0
0
0
0
0
0
0
0
0
0
0
0
0
0
0
0
0
0
0
0
0
0
0
0
0
0
0
0
0
0
0
0
0
0
0
0
0
0
0
0
0
0
0
0
0
0
0
0
0
0
0
0
0
0
0
0
0
0
0
0
0
0
0
0
0
0
0
0
0
0
0
0
0
0
0
0
0
0
0
0
0
0
0
0
0
0
0
0
0
0
0
0
0
0
0
0
0
0
0
0
0
0
0
0
0
0
0
0
0
0
0
0
0
0
0
0
0
0
0
0
0
0
0
0
0
0
0
0
0
0
0
0
0
0
0
0
0
0
0
0
0
0
0
0
0
0
0
0
0
0
0
0
0
0
0
0
0
0
0
0
0
0
0
0
0
0
0
0
0
0
0
0
0
0
0
0
0
0
0
0
0
0
0
0
0
0
0
0
0
0
0
0
0
0
0
0
0
0
0
0
0
0
0
0
0
0
0
0
0
0
0
0
0
0
0
0
0
0
0
0
0
0
0
0
0
0
0
0
0
0
0
0
0
0
0
0
0
0
0
0
0
0
0
0
0
0
0
0
0
0
0
0
0
0
0
0
0
0
0
0
0
0
0
0
0
0
0
0
0
0
0
0
0
0
0
0
0
0
0
0
0
0
0
0
0
0
0
0
0
0
0
0
0
0
0
0
0
0
0
0
0
0
0
0
0
0
0
0
0
0
0
0
0
0
0
0
0
0
0
0
0
0
0
0
0
0
0
0
0
0
0
0
0
0
0
0
0
0
0
0
0
0
0
0
0
0
0
0
0
0
0
0
0
0
0
0
0
0
0
0
0
0
0
0
0
0
0
0
0
0
0
0
0
0
0
0
0
0
0
0
0
0
0
0
0
0
0
0
0
0
0
0
0
0
0
0
0
0
0
0
0
0
0
0
0
0
0
0
0
0
0
0
0
0
0
0
0
0
0
0
0
0
0
0
0
0
0
0
0
0
0
0
0
0
0
0
0
0
0
0
0
0
0
0
0
0
0
0
0
0
0
0
0
0
0
0
0
0
0
0
0
0
0
0
0
0
0
0
0
0
0
0
0
0
0
0
0
0
0
0
0
0
0
0
0
0
0
0
1096
1536
2001
2363
2657
2874
3013
2992
3129
3144
3207
3115
3254
3210
3157
3140
3093
3178
3220
3179
3168
3180
3155
3142
3078
3183
3124
3201
3108
3132
3159
3077
3115
3042
3138
3090
3022
3161
3067
3091
3067
3227
3038
3124
3114
3123
3023
3041
3042
3058
3064
3150
3041
3090
3115
3025
3099
3072
3032
3037
2998
2976
2997
3146
3013
3055
3059
3005
3020
3064
2983
3040
3079
3014
3036
3144
3047
3087
2951
3094
2965
3057
3095
3017
2974
3036
3078
3115
2974
2866
3006
2988
3026
3003
3049
3011
3048
2857
2938
3049
2853
2996
2915
2916
2952
2972
2857
3048
2928
2962
2949
2968
2974
2938
3020
2965
2853
2850
2914
2830
2900
2951
2860
2899
2871
2915
3011
2989
2897
2857
2959
2983
2853
2888
2890
2915
2894
2946
2850
2871
2806
2945
2901
2891
2935
2984
2893
2954
3075
2943
2985
2890
2940
2923
2960
2962
2883
2951
2821
2834
2910
2906
2852
2829
2819
2874
2820
2859
2915
2807
2837
2864
2820
2828
2860
2835
2822
2763
2822
2769
2747
2805
2786
2846
2614
2726
2742
2752
2773
2653
2754
2783
2728
2740
2715
2803
2682
2715
2687
2761
2724
2722
2774
2727
2712
2716
2722
2752
2628
2647
2593
2572
2632
2620
2713
2683
2569
2662
2563
2610
2606
2578
2570
2594
2611
2648
2552
2588
2639
2570
2608
2511
2608
2540
2506
2475
2544
2530
2576
2491
2543
2528
2492
2492
2498
2564
2420
2377
2443
2429
2446
2395
2390
2413
2300
2387
2356
2339
2318
2297
2321
2404
2292
2301
2305
2305
2327
2381
2337
2370
2446
2177
2296
2311
2326
2302
2212
2312
2375
2333
2304
2218
2207
2233
2162
2154
2235
2167
2212
2079
2112
2096
2056
2168
2147
2177
2182
2165
2165
2171
2083
2028
2186
2033
2074
2031
2115
2027
2061
2109
2059
1984
1986
2008
2035
1986
2028
1955
1897
1928
1975
2008
1968
1967
1987
2003
1924
1934
1910
1950
1854
1922
1862
1970
1919
1880
1986
1841
1797
1908
1915
1838
1890
1947
1897
1929
1854
1831
1948
1852
1893
1906
1877
1844
1847
1868
1938
1877
1824
1924
1889
1848
1830
1893
1891
1963
1944
1907
1841
1854
1859
1892
1841
1858
1953
1955
1857
1849
1848
1882
1965
1897
1852
1915
1814
1874
1864
1916
1921
1902
1948
1958
1917
1827
1906
1898
2072
2001
1967
1893
1944
2027
1950
1953
1986
1886
2029
1931
1981
2022
1974
2030
2014
2067
1937
2036
2067
1998
2100
2061
1970
2011
2022
2075
2106
1996
2033
2047
2119
2092
2076
2179
2202
2067
2222
2066
2235
2123
2148
2290
2310
2182
2233
2137
2204
2228
2274
2164
2155
2175
2261
2283
2222
2276
2268
2252
2167
2223
2295
2299
2253
2364
2323
2274
2325
2354
2346
2423
2391
2367
2363
2290
2335
2429
2417
2579
2509
2392
2345
2434
2377
2458
2520
2460
2456
2438
2580
2513
2537
2509
2650
2604
2537
2640
2505
2542
2637
2573
2769
2656
2638
2601
2744
2633
2716
2726
2726
2661
2742
2687
2728
2781
2658
2777
2781
2825
2839
2860
2849
2887
2860
2908
3006
2824
2855
2923
2976
3035
3007
3014
3013
3003
3098
2993
3005
3136
3051
3091
3225
3088
3040
3159
3243
3178
3186
3090
3183
3259
3222
3151
3187
3171
3137
3271
3187
3305
3280
3165
3255
3362
3252
3356
3300
3326
3401
3384
3392
3454
3367
3385
3481
3404
3402
3453
3486
3464
3438
3483
3481
3452
3555
3387
3546
3508
3421
3487
3428
3426
3614
3512
3643
3544
3590
3708
3602
3589
3650
3627
3543
3661
3579
3669
3648
3683
3800
3709
3587
3647
3788
3839
3772
3787
3716
3796
3776
3749
3698
3760
3888
3753
3754
3797
3825
3811
3774
3720
3831
3912
3837
3865
3841
3857
3782
3857
3848
3836
3838
3970
3866
3981
3943
3956
3884
3867
4005
3938
3952
3959
4002
3928
3992
3880
4028
4088
4099
3981
4121
4002
3961
3913
4114
4049
4111
4086
4022
4054
3972
4017
4055
3966
4093
4012
4069
4163
4070
4182
4097
4243
4142
4119
4016
4175
4150
4207
4180
4203
4128
4139
4204
4294
4095
4247
4183
4230
4235
4194
4261
4262
4156
4206
4257
4192
4216
4326
4269
4231
4376
4365
4402
4336
4273
4348
4288
4248
4307
4291
4296
4296
4207
4306
4345
4301
4331
4302
4245
4367
4414
4369
4295
4299
4425
4288
4335
4385
4346
4356
4243
4387
4365
4407
4316
4251
4428
4461
4378
4318
4325
4411
4421
4375
4369
4333
4435
4432
4329
4486
4386
4409
4413
4555
4540
4297
4378
4353
4393
4504
4524
4438
4465
4405
4467
4475
4465
4522
4442
4514
4391
4445
4301
4546
4298
4579
4459
4415
4562
4618
4354
4448
4467
4395
4490
4387
4608
4388
4434
4357
4444
4405
4526
4509
4468
4539
4461
4396
4440
4484
4524
4515
4466
4409
4502
4508
4428
4560
4503
4462
4406
4486
4516
4551
4585
4429
4439
4442
4500
4325
4443
4473
4445
4420
4356
4376
4374
4428
4383
4426
4437
4291
4399
4406
4336
4248
4408
4416
4390
4455
4419
4222
4314
4320
4293
4399
4301
4300
4312
4371
4153
4196
4350
4195
4288
4314
4304
4256
4336
4187
4177
4188
4148
4178
4184
4112
4046
4105
4139
4117
3990
3987
3940
4108
4020
4039
3865
3962
3911
4007
3900
3928
3871
3926
3838
3776
3878
3992
3848
3825
3844
3784
3790
3703
3764
3723
3733
3836
3590
3645
3719
3701
3746
3715
3770
3636
3654
3679
3698
3537
3543
3631
3548
3654
3659
3544
3494
3540
3486
3541
3408
3316
3468
3300
3461
3344
3377
3341
3305
3216
3261
3161
3203
3091
3212
3235
3177
3087
3150
3101
3092
3034
3061
3103
3024
2949
3089
2996
2911
2931
2875
2933
2804
2862
2896
2915
2814
2757
2718
2744
2762
2771
2650
2591
2681
2613
2665
2605
2684
2613
2542
2613
2618
2538
2577
2556
2522
2506
2433
2503
2365
2433
2447
2433
2249
2331
2348
2199
2306
2227
2152
2174
2181
2150
2134
2162
2096
2145
2088
2079
2093
2041
1952
2000
2028
1972
1930
1912
1911
1920
1880
1864
1773
1791
1869
1849
1819
1770
1732
1640
1806
1680
1685
1724
1596
1662
1638
1616
1676
1660
1542
1504
1516
1561
1518
1472
1492
1452
1493
1448
1481
1455
1386
1394
1390
1402
1350
1384
1306
1396
1299
1306
1286
1275
1264
1266
1269
1238
1202
1212
1175
1236
1123
1168
1174
1141
1125
1106
1090
1033
1114
1097
1094
1008
996
1081
1030
973
985
946
897
908
963
897
879
885
913
892
833
852
894
888
792
765
787
775
752
757
819
724
748
734
749
690
690
709
682
699
734
713
652
689
694
662
610
609
603
637
597
589
609
607
579
572
563
560
544
556
542
555
538
478
564
493
536
537
477
470
477
514
509
489
467
470
491
416
449
456
485
400
405
406
389
392
392
391
385
382
356
372
368
362
357
329
321
325
349
358
317
325
315
321
308
294
300
292
320
294
316
297
272
269
259
247
241
273
270
237
251
267
216
257
257
261
230
228
243
245
226
253
256
238
235
215
231
223
198
243
185
177
194
200
196
205
173
162
191
175
207
183
179
167
153
174
174
194
161
157
166
174
178
156
155
144
150
142
153
164
165
145
132
137
148
125
125
136
143
126
129
121
121
116
124
128
116
131
121
126
114
120
109
114
109
124
114
117
93
105
101
103
103
100
100
116
88
91
99
90
97
95
71
89
106
109
103
81
74
106
88
102
79
80
77
59
77
104
87
80
91
85
90
87
106
96
102
97
68
70
81
66
93
73
71
70
67
78
76
70
66
61
62
66
52
67
69
61
58
41
57
64
68
53
62
86
77
61
74
73
57
59
57
55
48
59
47
55
63
50
42
60
42
60
56
64
58
53
71
59
55
59
42
37
52
56
46
52
53
43
34
50
51
49
46
35
40
56
44
40
48
47
47
42
45
44
41
52
33
41
44
47
48
41
31
41
41
33
42
25
45
47
37
45
39
50
39
40
38
41
19
34
31
49
37
47
25
36
41
44
37
45
31
39
36
37
49
47
25
35
37
40
41
32
26
32
33
47
33
38
28
25
36
41
31
43
37
32
37
31
27
29
28
31
25
33
31
42
42
37
41
42
40
39
29
29
48
41
39
26
29
27
25
28
39
32
32
24
32
26
36
26
31
27
36
39
39
36
31
40
30
27
32
28
30
30
29
28
26
31
30
26
18
23
31
32
30
25
24
35
34
22
20
28
36
33
26
25
27
30
30
26
27
34
29
35
29
23
29
33
25
28
33
23
23
21
24
25
34
26
34
27
30
30
19
32
28
19
28
22
24
24
23
32
30
23
30
33
15
31
20
21
24
17
19
27
25
31
25
26
25
26
18
27
28
24
31
18
22
24
30
30
29
30
26
28
24
24
28
20
20
29
36
30
34
32
35
26
42
23
30
30
27
36
35
34
29
26
34
19
27
24
26
19
23
35
26
20
30
32
27
25
28
19
25
22
28
20
22
14
23
24
18
27
17
19
15
18
19
24
19
23
18
24
24
14
23
21
24
18
23
24
23
31
18
25
28
26
15
24
19
22
23
19
22
18
18
21
24
11
19
24
27
19
25
21
20
23
14
33
20
19
18
26
16
27
25
18
18
16
20
26
20
15
23
17
12
16
13
23
23
22
15
25
16
23
22
23
26
27
27
22
31
28
24
14
24
19
12
16
14
21
25
16
21
25
16
17
13
23
17
23
16
22
18
24
21
17
19
18
15
19
16
22
20
23
19
13
27
29
25
25
16
26
11
16
18
17
28
23
18
20
23
21
26
15
27
10
14
22
22
17
14
26
23
19
12
15
13
17
16
12
20
12
12
29
25
21
21
20
21
14
16
22
19
11
23
12
16
34
19
11
19
14
21
22
12
15
19
23
29
16
25
17
13
18
19
19
20
11
21
27
14
33
21
15
14
10
23
19
18
12
24
16
21
22
16
18
18
24
26
15
16
21
19
28
22
20
19
13
18
19
18
14
18
14
15
15
19
12
11
23
9
22
19
14
20
18
18
21
18
27
20
24
19
12
15
15
21
20
21
14
18
19
19
18
19
16
20
20
16
24
25
27
24
18
21
15
19
24
10
13
19
13
19
16
20
23
12
20
10
14
14
23
14
14
9
17
19
15
18
16
21
17
17
17
18
12
12
24
16
19
14
20
18
13
20
15
14
13
13
16
13
24
20
15
15
23
26
19
16
26
18
20
15
20
15
13
11
13
17
17
12
16
20
16
29
18
20
12
14
10
20
15
21
12
21
9
17
13
15
18
10
16
19
13
20
24
24
20
14
16
17
15
18
13
16
18
10
13
23
16
21
11
22
18
10
17
18
18
20
10
9
17
19
22
15
10
15
22
13
7
19
20
14
19
10
20
14
13
17
13
17
14
19
14
16
18
13
13
20
15
15
11
21
20
20
17
20
13
13
12
14
17
18
24
24
15
17
18
17
16
17
9
17
12
15
13
20
20
16
18
12
21
14
13
16
16
28
16
19
14
19
22
13
20
19
11
16
8
17
19
17
11
15
11
16
18
25
12
13
17
12
16
9
14
25
16
14
14
10
15
10
18
21
24
22
22
16
15
14
12
18
17
24
11
6
13
17
25
9
20
16
16
13
13
14
19
16
13
12
11
16
12
21
19
21
21
26
17
12
14
15
13
18
16
15
16
14
8
22
14
21
16
17
15
13
20
14
10
13
24
22
16
12
13
13
17
13
14
15
18
12
15
20
15
13
14
9
11
17
15
11
15
11
8
10
12
10
14
9
17
18
16
15
15
11
14
12
12
12
10
2
14
19
9
14
12
13
14
9
12
8
14
6
10
7
11
7
9
11
8
19
10
5
9
13
14
9
9
7
16
9
14
9
7
5
13
5
13
9
10
15
19
5
12
6
9
12
6
13
8
9
12
8
9
7
16
15
10
13
9
11
10
6
10
10
13
9
7
12
4
4
9
8
7
7
9
3
7
8
9
8
10
12
7
14
10
11
16
13
7
13
11
8
7
9
9
8
10
7
8
7
10
8
5
5
3
12
2
10
11
13
10
11
8
9
6
5
7
5
5
7
10
7
8
8
6
8
9
9
9
7
8
11
6
9
10
8
10
9
6
6
4
6
5
8
7
11
12
7
6
3
9
9
7
3
7
8
4
4
8
7
9
8
7
7
3
2
7
1
7
8
8
5
2
12
7
5
6
3
8
5
2
3
6
1
2
7
8
5
6
2
5
9
4
7
8
10
8
7
4
4
5
5
8
7
4
4
4
4
8
1
8
6
7
6
4
3
5
1
3
6
6
7
5
4
3
4
4
1
5
2
3
5
3
5
1
6
3
2
4
3
2
5
4
5
3
4
3
3
3
9
3
1
3
5
3
1
5
1
3
2
4
2
4
4
3
5
2
3
4
2
4
2
2
4
2
1
0
3
4
2
3
3
5
0
3
0
5
1
3
2
3
2
1
3
4
4
1
1
2
1
0
2
4
1
2
3
3
2
2
3
3
4
3
1
4
4
3
1
0
2
1
4
3
1
2
4
1
2
0
0
1
5
1
5
4
2
1
0
0
2
2
3
1
0
0
0
1
4
4
2
2
1
3
0
2
1
0
2
2
0
1
3
0
0
2
2
4
4
0
2
3
4
0
1
2
1
1
1
0
0
1
1
0
0
0
1
0
3
0
1
0
2
2
2
1
1
0
1
1
0
2
1
2
0
1
1
0
0
0
3
2
2
1
2
0
0
0
0
2
1
0
1
2
1
1
1
0
0
0
0
2
1
2
0
0
1
1
2
0
2
1
0
1
3
1
0
1
1
2
1
0
0
1
2
1
0
0
0
2
2
3
0
1
1
0
1
0
1
0
1
1
0
2
0
0
1
0
0
2
1
0
0
0
1
2
1
0
0
0
1
3
1
3
0
0
0
0
1
1
0
0
0
1
0
0
1
2
0
0
0
0
0
2
0
2
0
1
0
0
1
0
0
1
1
0
0
2
1
1
1
0
0
3
2
1
1
0
0
1
0
0
0
1
0
1
1
2
2
1
0
0
0
1
1
1
0
1
1
1
0
0
0
0
0
0
1
0
1
1
1
0
0
0
2
1
0
0
0
1
0
0
0
0
1
0
0
0
2
0
1
1
1
1
0
0
1
1
1
1
1
0
0
1
0
1
0
1
0
0
1
1
0
1
0
1
0
0
0
0
0
0
1
0
1
1
0
0
0
0
0
0
0
1
0
0
0
1
2
0
0
1
1
0
0
1
0
4
0
0
0
0
0
0
0
0
0
0
0
0
0
1
0
0
0
1
0
1
0
0
0
1
0
0
0
1
0
0
1
0
1
0
0
0
0
0
1
0
0
2
0
1
0
0
2
1
0
3
1
1
0
1
1
0
1
0
1
0
0
0
0
0
0
0
1
0
0
0
0
0
0
0
1
0
2
0
1
1
1
0
0
0
1
0
0
0
1
0
0
1
1
0
0
1
0
2
0
0
0
1
0
1
0
0
1
1
0
0
0
0
0
1
0
0
0
0
1
1
0
0
0
0
0
1
0
0
0
0
0
1
0
0
1
0
0
1
0
1
0
0
0
0
0
1
0
1
1
0
0
0
1
0
0
0
0
0
0
0
1
1
0
0
0
1
0
0
1
0
0
0
1
0
0
0
1
0
0
0
1
0
0
0
0
0
0
0
0
0
0
0
0
0
1
0
0
0
0
0
1
0
2
0
0
0
0
0
1
0
0
2
0
0
0
1
0
0
1
0
2
0
0
0
1
0
0
1
0
0
0
2
1
1
0
0
0
0
0
0
0
0
0
0
0
0
1
0
0
2
0
0
0
0
0
0
0
0
0
0
2
0
1
0
0
0
0
0
0
0
0
1
0
1
1
0
0
0
0
1
0
2
0
0
1
0
0
0
1
0
1
0
0
0
0
0
0
0
0
0
0
0
0
0
0
0
0
0
0
0
0
0
0
0
0
0
1
0
0
0
0
0
0
2
0
1
1
1
0
0
0
0
1
0
0
1
1
0
0
0
0
0
0
0
0
0
0
0
0
0
0
0
0
0
0
0
1
0
0
0
0
0
0
2
0
0
0
0
0
0
0
1
0
0
0
0
1
1
1
0
0
0
2
0
0
0
0
0
0
0
0
0
0
0
0
0
1
0
1
0
0
0
0
0
0
0
0
1
1
0
0
0
0
0
1
0
0
0
0
1
1
0
0
0
0
1
1
0
0
0
0
0
0
1
0
0
1
0
0
1
0
0
0
0
0
0
0
0
0
0
0
0
0
1
1
1
0
0
0
0
0
1
0
0
1
0
1
0
0
0
0
0
0
2
0
1
0
0
1
0
0
0
0
0
1
0
1
0
0
0
2
0
0
1
0
0
0
1
0
1
0
0
0
0
0
1
0
1
0
0
0
1
0
0
0
0
1
0
0
0
1
0
0
0
0
1
1
0
0
0
0
0
1
0
1
0
0
0
0
1
2
0
1
0
0
1
0
0
0
0
0
0
0
1
0
1
0
1
0
0
1
0
0
0
0
0
1
0
0
0
0
0
0
0
0
0
0
0
0
0
0
1
1
0
0
0
0
0
0
0
0
0
0
0
0
0
0
0
0
0
0
0
0
0
0
0
0
0
0
0
0
1
0
0
0
1
0
1
0
0
0
0
0
0
0
0
0
0
0
0
0
0
0
0
0
0
0
0
0
0
0
0
1
0
0
0
0
0
0
0
0
1
1
0
0
0
2
2
0
0
0
0
0
0
0
0
0
0
0
0
0
0
0
0
0
0
0
0
0
0
0
0
0
0
0
0
0
0
0
0
0
0
1
0
0
0
0
0
0
0
0
0
0
0
2
0
0
0
0
0
0
0
0
0
1
0
1
0
0
0
0
0
0
0
0
0
0
1
0
0
0
0
0
0
0
0
0
0
0
1
0
0
1
1
0
0
0
0
0
0
0
0
0
0
0
0
0
0
0
0
0
0
0
0
0
0
0
1
0
0
1
0
0
0
0
0
0
0
0
0
0
0
0
0
0
0
0
0
0
0
0
0
1
0
0
0
0
0
0
0
0
0
0
0
0
0
1
0
0
0
0
0
1
0
0
0
0
0
0
0
0
0
0
0
0
0
0
1
0
0
0
0
0
0
0
0
0
0
0
0
0
1
0
0
0
0
0
0
0
0
0
0
0
0
0
0
0
0
0
0
0
0
0
0
0
0
0
0
0
0
0
0
0
1
0
0
0
0
0
0
0
0
0
0
0
0
0
0
0
0
0
1
0
0
0
0
0
0
0
0
0
0
0
0
0
0
0
0
0
0
0
0
0
1
0
0
0
0
0
0
0
0
0
0
0
0
0
0
0
0
0
0
0
0
1
0
0
1
0
0
0
0
0
0
0
0
0
1
0
0
0
0
0
0
0
0
0
0
0
0
0
1
0
0
0
0
0
1
0
0
0
0
0
0
0
0
0
1
0
1
0
0
0
0
0
0
0
0
0
0
0
0
0
0
1
0
0
0
0
0
0
0
0
0
0
0
1
0
0
0
0
0
0
0
0
0
0
0
0
0
0
0
0
0
0
0
0
0
0
0
0
0
0
0
0
0
1
0
0
0
0
0
0
0
1
0
1
0
0
0
0
0
0
0
0
0
0
0
0
0
0
0
0
0
0
0
0
0
0
0
0
0
0
0
0
0
0
0
0
0
0
0
0
0
0
0
0
1
0
0
0
0
0
0
0
0
0
0
0
0
0
0
0
0
0
0
0
0
0
0
0
0
0
0
0
0
0
0
0
0
0
0
0
0
0
0
0
0
0
0
0
0
0
0
0
0
0
0
0
0
0
0
0
0
0
0
0
0
0
0
0
0
0
0
0
0
0
0
0
0
0
1
0
0
0
0
0
0
0
0
0
0
0
0
0
0
0
0
0
0
1
0
0
0
0
0
0
0
0
0
0
0
0
1
0
0
0
0
0
0
0
0
0
0
0
0
0
0
0
0
0
0
0
0
0
0
0
0
0
0
0
0
0
0
0
0
0
0
0
0
0
0
0
0
0
0
0
0
0
0
0
0
0
0
0
0
0
0
0
0
0
0
0
0
0
0
0
0
0
0
0
0
0
0
0
0
0
0
0
0
1
0
0
0
0
0
0
0
0
0
0
0
0
0
0
0
0
0
0
0
0
0
0
0
0
0
0
0
0
0
1
0
0
0
0
0
0
0
0
0
0
0
0
0
0
0
0
0
0
0
0
0
0
0
0
0
0
0
0
0
0
0
0
0
0
0
0
0
0
0
0
0
0
0
0
0
0
0
0
0
0
0
0
0
0
0
0
0
0
0
0
0
0
0
0
0
0
0
0
0
0
1
0
0
0
0
0
0
0
0
0
0
0
0
0
0
0
0
0
0
0
0
0
0
0
0
0
0
0
0
0
0
0
0
0
0
0
0
0
0
0
0
0
0
0
0
0
0
0
0
0
0
0
0
0
0
0
1
0
0
0
0
0
0
0
0
0
0
0
0
0
0
0
0
0
0
0
0
0
0
0
0
0
0
0
0
0
0
0
0
0
0
0
0
0
0
0
1
0
0
0
0
0
0
0
0
0
0
0
0
0
0
0
0
0
0
0
0
0
0
0
0
0
0
0
0
0
0
0
0
0
0
0
0
0
0
0
0
0
0
0
0
0
0
0
0
0
0
0
0
0
0
0
0
0
0
0
0
0
0
0
0
0
0
0
0
0
0
0
0
0
0
1
0
0
0
0
0
0
0
0
0
0
0
0
0
1
0
0
0
0
0
0
0
0
0
0
0
0
0
0
0
0
0
0
0
0
0
0
0
0
0
0
0
0
0
0
0
0
0
0
0
0
0
0
0
0
0
0
0
0
0
0
0
0
0
0
0
0
0
0
0
0
0
0
0
0
0
0
0
0
0
0
0
0
0
0
0
0
0
0
0
0
0
0
0
0
0
1
0
0
0
0
0
0
0
0
0
0
0
0
0
0
0
0
0
0
0
0
0
0
0
0
0
0
0
0
0
0
0
0
0
0
0
0
0
0
0
0
0
0
0
0
0
0
0
0
0
0
0
0
0
0
0
0
0
0
0
0
0
0
0
0
0
0
0
1
0
0
0
0
0
0
0
0
0
0
0
0
0
0
0
0
0
0
0
0
0
0
0
0
0
0
0
0
0
0
0
0
0
0
0
1
0
0
0
0
0
0
1
0
0
0
0
0
0
0
0
0
0
0
0
0
1
0
0
0
0
0
0
0
0
0
0
0
0
0
0
0
0
0
0
0
0
0
0
0
0
1
0
0
0
0
0
0
0
0
0
0
0
0
1
0
0
0
0
0
0
0
0
0
0
0
0
0
0
0
0
0
0
0
0
0
0
0
0
0
0
0
0
0
0
0
0
0
0
0
0
0
0
0
0
0
0
0
0
0
0
0
0
0
0
0
0
0
0
0
0
0
0
0
0
0
0
0
0
0
0
0
0
0
0
0
0
0
0
0
0
0
0
0
0
0
0
0
0
0
0
0
0
0
0
1
0
0
0
0
0
0
0
0
0
0
0
0
0
0
0
0
0
0
0
0
0
0
0
0
0
0
0
0
0
0
0
0
0
0
0
0
0
0
0
0
0
0
0
0
0
0
0
0
0
0
0
0
0
0
0
0
0
0
0
0
0
0
0
0
0
0
0
0
0
0
0
0
0
0
0
0
0
0
0
0
0
0
1
0
0
0
0
0
0
0
0
0
0
0
0
0
0
0
0
0
0
0
0
0
0
0
0
0
0
0
0
0
0
0
0
0
0
0
0
0
0
1
0
0
0
0
0
0
0
0
0
0
0
0
0
0
0
0
0
0
0
0
0
0
0
0
0
0
1
0
0
0
0
0
0
0
0
0
0
0
0
0
0
0
0
0
0
0
0
0
0
0
0
0
0
0
0
0
0
0
0
0
0
0
0
0
0
0
0
0
0
0
0
0
0
0
0
0
0
0
0
0
0
0
0
0
0
0
0
0
0
0
0
0
0
0
0
0
0
0
0
0
0
0
0
1
0
0
0
0
0
0
0
0
0
0
0
0
0
0
0
0
0
0
0
0
0
0
0
0
0
0
0
0
0
0
0
0
0
0
0
0
0
0
0
0
0
0
0
0
0
0
0
0
0
0
0
0
0
0
0
0
0
0
0
0
0
0
0
0
0
0
0
0
0
0
0
0
0
0
0
0
0
0
0
0
0
0
0
0
0
1
0
0
0
0
0
0
0
0
0
0
0
0
0
0
0
0
0
0
0
0
0
0
0
0
0
0
0
0
0
0
0
0
0
0
0
0
0
0
0
0
0
0
0
0
0
0
0
0
0
0
0
0
0
0
0
0
0
0
0
0
0
0
0
0
0
0
1
0
0
0
0
0
0
0
0
0
0
0
0
0
0
0
0
0
0
0
0
0
0
0
0
0
0
0
0
0
0
0
0
0
0
0
0
0
0
0
0
0
0
0
0
0
0
0
0
0
0
0
0
0
0
0
0
0
0
0
0
0
0
0
0
0
0
0
0
0
0
0
0
0
0
0
0
0
0
0
0
0
0
0
0
0
0
0
0
0
0
0
0
0
0
0
0
0
0
0
0
0
0
0
0
0
0
0
0
0
0
0
0
0
0
0
1
0
0
0
0
0
0
0
0
0
0
0
0
0
0
0
0
0
0
0
0
0
0
0
0
0
0
0
0
0
0
0
0
0
0
0
0
0
0
0
0
0
0
0
0
0
0
0
0
0
0
0
0
0
0
0
0
0
0
0
0
0
0
0
0
0
0
0
0
0
0
0
0
0
0
0
0
1
0
0
0
0
0
0
0
0
0
0
0
0
0
0
0
0
0
0
0
0
0
0
0
0
0
0
0
0
0
0
0
0
0
0
0
0
0
0
0
0
0
0
0
0
0
0
0
0
0
0
0
0
0
0
0
0
0
0
0
0
0
0
0
0
0
0
0
0
0
0
0
0
0
0
0
0
0
0
0
0
0
0
0
0
0
0
0
0
0
0
0
0
0
0
0
0
0
0
0
0
0
0
0
0
0
0
0
0
0
0
0
0
0
0
0
0
0
0
0
0
0
0
0
0
0
0
0
0
0
0
0
0
0
0
0
0
0
0
0
0
0
0
0
0
0
0
0
0
0
0
0
0
0
0
0
0
0
0
0
0
0
0
0
0
0
0
0
0
0
0
0
0
0
0
0
1
0
0
0
1
0
0
1
0
0
0
0
0
0
0
0
0
0
0
0
0
0
0
0
0
1
0
0
0
0
0
0
0
0
0
0
0
0
0
0
0
0
2
0
0
0
1
0
0
0
0
0
0
0
0
0
0
0
0
0
0
0
0
0
0
0
0
0
0
0
0
0
0
0
0
0
0
0
0
0
0
0
0
0
0
0
0
0
0
0
1
0
0
1
0
0
0
0
0
0
0
0
0
0
0
0
0
0
0
0
0
0
0
0
0
0
0
0
0
0
0
0
0
1
0
0
0
0
0
0
0
0
0
0
0
0
0
0
0
0
0
0
0
0
0
0
0
0
0
0
0
0
0
0
0
0
0
0
0
0
0
0
0
0
0
0
0
0
0
0
0
0
0
0
0
0
0
0
0
0
0
0
0
0
0
0
0
0
0
0
0
0
0
0
0
0
0
0
0
0
0
0
0
0
0
0
0
0
0
0
0
0
0
0
0
0
0
0
0
0
0
0
0
0
0
0
0
0
0
0
0
0
0
0
0
0
0
0
0
0
0
0
0
0
0
0
0
0
0
0
0
0
0
0
0
0
0
0
0
0
0
0
0
0
0
0
0
0
0
0
0
0
0
0
0
0
0
0
0
0
0
0
0
0
0
0
0
0
0
0
0
0
0
0
0
0
0
0
0
0
0
0
0
0
0
0
0
0
0
0
0
0
0
0
0
0
0
0
0
0
0
0
0
0
0
0
0
0
0
0
0
0
0
0
0
0
0
0
0
0
0
0
0
0
0
0
0
0
0
0
0
0
0
0
0
0
0
0
0
0
0
0
0
0
0
0
0
0
0
0
0
0
0
0
0
0
0
0
0
0
0
0
0
0
0
0
0
0
0
0
0
0
0
0
0
0
0
0
0
0
0
0
0
0
0
0
0
0
0
0
0
0
0
0
0
0
0
0
0
0
0
0
0
0
0
0
0
0
0
0
0
0
0
0
0
0
0
0
0
0
0
0
0
0
0
0
0
0
0
0
0
0
0
0
0
0
0
0
0
0
0
0
0
0
0
0
0
0
0
0
0
0
0
0
0
0
0
0
0
0
0
0
0
0
0
0
0
0
0
0
0
0
0
0
0
0
0
0
0
0
0
0
0
0
0
0
0
0
0
0
0
0
0
0
0
0
1
0
0
0
0
0
0
0
0
0
0
0
0
0
0
0
0
0
0
0
0
0
0
0
0
0
0
0
0
0
0
0
0
0
0
0
0
0
0
0
0
0
0
0
0
0
0
0
0
0
0
0
0
0
0
0
0
0
0
0
0
0
0
0
0
0
0
0
0
0
0
0
0
0
0
0
0
0
0
0
0
0
0
0
0
0
0
0
0
0
0
0
0
0
0
0
0
0
0
0
0
0
0
0
0
0
0
0
0
0
0
0
0
0
0
0
0
0
0
0
0
0
0
0
0
0
0
0
0
0
0
0
0
0
0
0
0
0
0
0
0
0
0
0
0
0
0
0
0
0
0
0
0
0
0
0
0
0
0
0
0
0
0
0
0
0
0
0
0
0
0
0
1
0
0
0
0
0
0
0
0
0
0
0
0
0
0
0
0
0
0
0
0
0
0
0
0
0
0
0
0
0
0
0
0
0
0
0
0
0
0
0
0
0
0
0
0
0
0
0
0
0
0
0
0
0
0
0
0
0
0
0
0
0
0
0
0
0
0
0
0
0
0
0
0
0
0
0
0
0
0
0
0
0
0
0
0
0
0
0
0
0
0
0
0
0
0
0
0
0
0
0
0
0
0
0
0
0
0
0
0
0
0
0
0
0
0
0
0
0
0
0
0
0
0
1
0
0
0
0
0
0
0
0
0
0
0
0
0
0
0
0
0
0
0
0
0
1
0
0
0
0
0
0
1
0
0
0
0
0
0
0
0
0
0
0
0
0
0
0
0
0
0
0
0
0
0
0
0
0
0
0
0
0
0
0
0
0
0
0
0
0
0
0
0
0
0
0
0
0
0
0
0
0
0
0
0
0
0
0
0
0
0
0
0
0
0
0
0
0
0
0
0
0
0
0
0
0
0
0
0
0
0
0
0
0
0
0
0
0
0
0
0
0
0
0
0
0
0
0
0
0
0
0
0
0
0
0
0
0
0
0
0
0
0
0
0
0
0
0
0
0
0
0
0
0
0
0
0
0
0
0
0
0
0
0
0
0
0
0
0
0
0
0
0
0
0
0
0
0
0
0
0
0
0
0
0
0
0
0
0
0
1
0
0
0
0
0
1
0
0
0
0
0
0
0
0
0
0
0
0
0
0
0
0
0
0
0
0
0
0
0
0
0
0
0
0
0
0
0
0
0
0
0
0
0
0
0
0
0
0
0
0
0
0
0
0
0
0
0
0
0
0
0
0
0
0
0
0
0
0
0
0
0
0
0
0
0
0
0
0
0
0
0
0
0
0
0
0
0
0
0
0
0
0
0
0
0
0
0
0
0
0
0
0
0
0
0
0
0
0
0
0
0
0
0
0
0
0
0
0
0
0
0
0
0
0
0
0
0
0
0
0
0
0
0
0
0
0
0
0
0
0
0
0
0
0
0
0
0
0
0
0
0
0
0
0
0
0
0
0
0
0
0
0
0
0
0
0
0
0
0
0
0
0
0
0
0
0
0
0
0
0
0
0
0
0
0
0
0
0
0
0
0
0
0
0
0
0
0
0
0
0
0
0
0
0
0
0
0
0
0
0
0
0
0
0
0
0
0
0
0
0
0
0
0
0
0
0
0
0
0
0
0
0
0
0
0
0
0
0
0
0
0
0
0
0
0
0
0
0
0
0
0
0
0
0
0
0
0
1
0
0
0
0
0
0
0
0
0
0
0
0
0
0
0
0
0
0
0
0
0
0
0
0
0
0
0
0
0
0
0
0
0
0
0
0
0
0
0
0
0
0
0
0
0
0
0
0
0
0
0
0
0
0
0
0
0
0
0
0
0
0
0
0
0
0
0
0
0
0
0
0
0
0
0
0
0
0
0
0
0
0
0
0
0
0
0
0
0
0
0
0
0
0
0
0
0
0
0
0
0
0
0
0
0
0
0
0
0
0
0
0
0
0
0
0
0
0
0
0
0
0
0
0
0
0
0
0
0
0
0
0
0
0
0
0
0
0
0
0
0
0
0
0
0
0
0
0
0
0
0
0
0
0
0
0
0
0
0
0
0
0
0
0
0
0
0
0
0
0
0
0
0
0
0
0
0
0
0
0
0
0
0
0
0
0
0
0
0
0
0
0
0
0
0
0
0
0
0
0
0
0
0
0
0
0
0
0
0
0
0
0
0
0
0
0
0
0
0
0
0
0
0
0
0
0
0
0
0
0
0
0
0
0
0
0
0
0
0
0
0
0
0
0
0
0
0
0
0
0
0
0
0
0
0
0
0
0
0
0
0
0
0
0
0
0
0
0
0
0
0
0
0
0
0
0
0
0
0
0
0
0
0
0
0
0
0
0
0
0
0
0
0
0
0
0
0
0
0
0
0
0
0
0
0
0
0
0
0
0
0
0
0
0
0
0
0
0
0
0
0
0
0
0
0
0
0
0
0
0
0
0
0
0
0
0
0
0
0
0
0
0
0
0
0
0
0
0
0
0
0
0
0
0
0
0
0
0
0
0
0
0
0
0
0
0
0
0
0
0
0
0
0
0
0
0
0
0
0
0
0
0
0
0
0
0
0
0
0
0
0
0
0
0
0
0
0
0
0
0
0
0
0
0
0
0
0
0
0
0
0
0
0
0
0
0
0
0
0
0
0
0
0
0
0
0
0
0
0
0
0
0
0
0
0
0
0
0
0
0
0
0
0
0
0
0
0
0
0
0
0
0
0
0
0
0
0
0
0
0
0
0
0
0
0
0
0
0
0
0
0
0
0
0
0
0
0
0
0
0
0
0
0
0
0
0
0
0
0
0
0
0
0
0
0
0
0
0
0
0
0
0
0
0
0
0
0
0
0
0
0
0
0
0
0
0
0
0
0
0
0
0
0
0
0
0
0
0
0
0
0
0
0
0
0
0
0
0
0
0
0
0
0
0
0
0
0
0
0
0
0
0
0
0
0
0
0
0
0
0
0
0
0
0
0
0
0
0
0
0
0
0
0
0
0
0
0
0
0
0
0
0
0
0
0
0
0
0
0
0
0
0
0
0
0
0
0
0
0
0
0
0
0
0
0
1
0
0
0
0
0
0
0
0
0
0
0
0
0
0
0
0
1
0
0
0
0
0
0
0
0
0
0
0
0
0
0
0
0
0
0
0
0
0
0
0
0
0
0
0
0
0
0
0
0
0
0
0
0
0
0
0
0
0
0
0
0
0
0
0
0
0
0
0
0
0
0
0
0
0
0
0
0
0
0
0
0
0
0
0
0
0
0
0
0
0
0
0
0
0
0
0
0
0
0
0
0
0
0
0
0
0
0
0
0
0
0
0
0
0
0
0
0
0
0
0
0
0
0
0