0
0
0
0
0
0
0
0
0
0
0
0
0
0
0
0
0
0
0
0
0
0
0
0
0
0
0
0
0
0
0
0
0
0
0
0
0
0
0
0
0
0
0
0
0
0
0
0
0
0
0
0
0
0
0
0
0
0
0
0
0
0
0
0
0
0
0
0
0
0
0
0
0
0
0
0
0
0
0
0
0
0
0
0
0
0
0
0
0
0
0
0
0
0
0
0
0
0
0
0
0
0
0
0
0
0
0
0
0
0
0
0
0
0
0
0
0
0
0
0
0
0
0
0
0
0
0
0
0
0
0
0
0
0
0
0
0
0
0
0
0
0
0
0
0
0
0
0
0
0
0
0
0
0
0
0
0
0
0
0
0
0
0
0
0
0
0
0
0
0
0
0
0
0
0
0
0
0
0
0
0
0
0
0
0
0
0
0
0
0
0
0
0
0
0
0
0
0
0
0
0
0
0
0
0
0
0
0
0
0
0
0
0
0
0
0
0
0
0
0
0
0
0
0
0
0
0
0
0
0
0
0
0
0
0
0
0
0
0
0
0
0
0
0
0
0
0
0
0
0
0
0
0
0
0
0
0
0
0
0
0
0
0
0
0
0
0
0
0
0
0
0
0
0
0
0
0
0
0
0
0
0
0
0
0
0
0
0
0
0
0
0
0
0
0
0
0
0
1
7
9
6206
9024
11861
13713
14818
15809
16110
16635
16966
17529
17054
17431
17443
17126
17222
16883
16859
16625
16306
16278
16185
16186
15876
15848
15495
15702
15454
15402
15110
15309
14957
14925
14696
14502
14407
14447
14509
14247
14301
14338
14417
14026
14144
13816
13805
13591
13673
13750
13371
13425
13458
13308
13164
13159
12990
13041
13083
12990
12777
13017
12612
12859
12643
12582
12461
12397
12466
12204
12095
12242
12183
12123
12007
12034
11981
11953
11678
11810
11850
11651
11854
11638
11779
11595
11579
11705
11571
11390
11656
11237
11208
11237
11144
11110
11670
11178
10957
11113
11357
11142
11080
10893
11149
10965
10888
10923
10949
11169
10874
10850
10689
10838
10874
10780
10714
10708
10676
10675
10706
10763
10740
10590
10710
10641
10507
10516
10498
10295
10372
10367
10460
10334
10334
10358
10291
10276
10255
10294
10438
10191
10360
10180
10158
10128
9998
10168
10051
10084
9833
10044
10013
10073
9943
10121
9924
10015
9830
9955
9772
10119
9892
10128
9798
9847
9906
9769
9702
9728
9851
9725
9738
9721
9690
9622
9549
9665
9550
9581
9606
9555
9532
9510
9558
9392
9598
9308
9341
9469
9389
9466
9361
9340
9189
9122
9330
9243
9217
9297
9174
9179
8982
9083
9037
9071
9049
9036
9116
9057
9001
9020
8994
9004
8862
8929
8884
8826
8866
8761
8904
8914
8982
8644
8970
8796
8771
8648
8660
8723
8807
8596
8513
8414
8501
8550
8717
8636
8392
8532
8502
8513
8330
8358
8252
8419
8388
8361
8405
8261
8415
8160
8153
8185
8103
8170
8087
7845
8104
8069
8006
7916
7956
7898
7692
7643
7765
7635
7853
7725
7603
7571
7648
7533
7460
7504
7436
7409
7386
7185
7234
7267
7167
7236
7181
7141
7041
7023
6887
6902
7157
6884
6894
6985
6773
6704
6833
6752
6797
6579
6471
6622
6587
6669
6488
6615
6445
6375
6368
6483
6300
6290
6245
6211
6202
6049
6239
6097
5946
6123
6075
5882
5869
6041
5924
5819
5890
5915
5967
5781
5872
5688
5496
5667
5598
5713
5442
5575
5531
5380
5464
5489
5359
5472
5323
5261
5314
5427
5298
5373
5357
5246
5186
5218
5415
5194
5395
5299
5164
5230
5145
5212
5219
5146
5195
5139
5166
5060
5024
5088
5129
5151
5075
5106
5181
4958
5182
5128
5183
5111
5182
5141
5054
5019
5205
5022
5073
5254
5074
5232
5169
5205
5119
5176
5332
5172
5356
5219
5359
5188
5231
5417
5309
5336
5419
5513
5401
5438
5456
5546
5474
5660
5507
5589
5545
5510
5781
5652
5608
5713
5659
5860
5794
5797
5658
5825
5785
5963
5975
6022
6019
5973
5991
6139
6148
6151
6143
6297
6104
6400
6441
6328
6408
6470
6414
6562
6492
6761
6454
6647
6751
6738
6711
6845
6772
6896
6957
6913
7022
7208
7048
7262
7180
7332
7369
7353
7376
7480
7492
7503
7518
7612
7681
7724
7791
7907
7890
7907
8081
8069
8165
8230
8225
8241
8333
8588
8454
8442
8670
8659
8812
8948
8911
9054
8955
9027
9201
9295
9274
9238
9444
9309
9303
9780
9672
9550
9795
9905
9791
9921
10235
10105
10191
10273
10329
10480
10428
10657
10672
10831
10715
10778
10782
11082
11133
11031
11302
11269
11242
11419
11545
11471
11707
11592
11831
12109
11773
12065
12000
12185
12124
12213
12194
12225
12141
12532
12583
12480
12673
12814
12692
13005
12807
12923
12940
13377
13150
13240
13506
13429
13533
13446
13564
13744
13730
13697
13760
13902
14078
14165
13966
14083
14018
14282
14177
14417
14467
14515
14671
14609
14562
14782
14731
14921
14947
14727
14745
15082
14998
15224
15117
15300
15132
15250
15537
15508
15570
15589
15545
15719
15586
15997
15428
15734
15821
15747
15834
16029
15750
16025
16231
16252
16183
16309
16081
16098
16163
16482
16568
16295
16453
16390
16432
16843
16699
16887
16588
16853
16972
16822
17018
16970
16733
17158
16876
17117
17151
17294
17306
17099
17151
17162
17192
17317
17176
17209
16910
17296
17393
17240
17111
17162
17162
17293
17292
17277
17052
17228
17249
17477
17512
17301
17076
17091
17181
17097
17408
17093
17225
17186
16952
16897
17090
17091
17011
17046
16970
16833
16864
17061
16779
16823
16673
16565
16631
16499
16616
16499
16612
16286
16527
16470
16475
16607
16427
16061
16273
16170
16294
16238
16304
16268
16016
15938
15758
15869
15943
15746
15725
15402
15518
15364
15340
15305
15228
15202
14933
14903
14759
14704
14644
14345
14604
14420
14235
14229
14047
14026
14103
13767
13817
13582
13558
13494
13349
13316
13216
13188
12898
13043
12912
12819
12627
12657
12581
12358
12396
12055
12153
12227
12045
12057
11882
11522
11484
11466
11346
11171
11112
11043
10974
10747
10716
10463
10325
10405
10160
10108
9880
9986
9668
9776
9742
9333
9394
9357
9122
8936
8717
8790
8577
8705
8345
8335
8219
8094
8093
7813
7833
7772
7578
7601
7421
7375
7349
7375
7249
7074
7058
6791
6714
6724
6586
6536
6334
6328
6194
6255
6004
5900
5998
5803
5856
5613
5641
5350
5345
5222
5071
5079
4984
4938
4942
4824
4615
4675
4609
4491
4397
4203
4215
4271
4061
4046
3972
3936
3828
3744
3767
3698
3621
3583
3397
3468
3314
3202
3255
3298
3131
3072
2949
3030
2896
2851
2895
2710
2668
2676
2648
2483
2571
2512
2410
2360
2333
2333
2167
2187
2212
2098
2146
2023
2025
1972
2015
1932
1952
1778
1820
1806
1696
1727
1713
1658
1665
1646
1629
1546
1583
1436
1481
1402
1400
1469
1410
1288
1329
1340
1265
1235
1191
1188
1179
1176
1098
1074
1082
1173
1060
1036
969
1012
933
892
976
953
901
913
910
840
851
814
820
813
775
765
731
725
727
718
769
664
699
723
669
594
673
615
621
571
601
585
561
548
581
528
527
547
559
507
503
511
542
484
469
466
475
452
446
466
437
419
422
393
418
435
376
419
419
377
354
388
401
407
373
362
365
380
342
367
362
342
343
341
333
343
317
308
324
302
292
263
316
265
260
297
284
317
241
308
255
292
298
318
251
291
275
255
259
266
249
265
245
251
205
222
225
227
192
197
222
243
197
206
226
231
220
236
204
215
220
242
197
212
236
226
197
220
228
185
220
209
188
194
213
173
203
195
227
199
172
176
194
185
174
175
191
184
158
160
189
163
178
165
178
157
198
190
162
198
172
155
168
186
184
177
171
174
164
168
176
158
183
170
173
190
172
165
185
169
171
154
163
164
147
150
148
150
144
155
149
147
140
127
134
155
157
136
124
134
149
144
156
146
164
137
135
142
164
149
136
142
160
155
138
133
179
151
149
116
166
138
146
145
174
144
143
149
136
150
143
142
138
124
154
160
152
106
130
105
132
129
148
144
104
125
113
138
117
153
138
131
110
122
115
124
118
116
118
119
147
135
124
111
117
126
126
95
128
141
123
97
125
119
137
115
110
99
120
125
113
118
112
108
104
110
107
114
106
116
102
111
89
99
102
121
97
115
117
120
106
97
110
112
100
109
123
76
111
113
97
101
90
99
130
93
115
102
94
96
93
107
112
108
109
115
104
104
90
89
91
95
101
105
113
100
113
88
85
111
108
103
107
100
103
90
94
92
99
106
87
93
97
85
93
97
72
82
82
79
84
73
90
81
84
83
93
107
76
81
87
82
81
91
89
76
75
75
85
96
82
79
79
79
91
85
76
84
78
89
84
79
74
82
88
103
91
82
96
63
76
96
79
87
82
78
94
81
74
88
97
72
89
83
80
82
81
75
82
87
75
87
86
94
72
73
92
78
73
90
83
71
72
82
88
65
85
76
74
78
79
75
73
82
106
82
72
70
82
78
81
93
78
73
60
72
73
84
74
68
69
64
55
63
68
72
61
70
70
61
60
65
65
71
72
94
65
78
64
62
74
60
65
63
88
63
69
64
81
71
70
62
60
73
87
80
78
77
90
63
82
67
78
79
42
52
68
72
59
77
60
77
72
78
63
61
58
70
51
69
60
75
74
68
60
64
58
69
65
59
42
61
58
73
67
52
55
57
65
58
66
85
77
62
60
58
54
56
65
60
60
59
67
55
60
55
56
66
50
52
48
61
57
62
68
65
44
57
65
56
55
42
45
62
66
62
63
54
58
52
59
40
61
57
53
46
57
71
44
73
56
70
46
68
52
51
46
58
56
47
56
55
69
47
58
59
65
53
48
58
58
50
55
55
54
48
61
55
41
39
56
46
49
55
70
35
57
50
60
49
49
44
46
51
51
44
45
47
46
41
51
39
51
40
42
40
42
48
36
44
39
45
46
50
48
49
49
42
53
51
51
47
50
49
34
45
36
47
48
49
50
44
47
56
44
37
37
51
46
35
41
37
39
29
31
28
40
38
34
34
30
36
40
39
29
35
38
38
41
24
39
29
45
44
36
32
42
30
31
32
46
28
35
36
38
32
40
31
30
39
33
31
31
39
24
35
29
26
20
17
36
24
33
22
24
24
25
27
23
29
29
22
23
21
28
25
26
23
24
29
26
19
23
25
17
20
25
23
22
24
21
25
27
26
25
23
16
23
17
26
16
19
23
17
16
15
21
18
20
14
20
15
19
19
9
17
9
27
18
18
23
24
17
13
18
19
16
12
19
13
15
12
12
16
10
15
17
13
15
14
15
12
16
8
20
8
13
14
9
15
9
12
9
13
9
13
12
11
13
12
11
16
12
5
13
12
9
11
13
9
12
17
8
8
14
7
7
12
13
7
9
7
10
14
6
10
10
6
8
9
13
12
9
10
8
8
6
12
9
8
11
10
6
9
10
8
9
10
3
6
5
5
8
4
4
6
6
4
4
6
6
0
5
5
8
3
5
2
3
7
5
6
1
10
5
6
2
3
3
4
5
11
2
4
4
4
1
5
6
6
7
5
7
4
0
7
2
2
3
2
2
4
6
1
5
1
3
2
7
2
1
2
0
5
2
1
2
3
1
6
1
3
3
6
4
2
2
2
3
3
0
1
3
1
0
0
1
1
1
0
2
1
0
1
3
1
1
1
2
2
1
3
0
0
2
3
1
1
0
1
2
3
1
3
1
2
2
1
1
3
3
3
7
1
0
1
3
3
2
3
1
3
1
0
0
0
2
3
2
0
1
1
1
0
3
0
2
1
2
2
0
1
1
1
0
3
1
4
0
0
0
0
2
0
1
1
1
1
2
1
3
0
3
0
3
1
0
2
3
1
2
2
1
2
1
1
0
1
2
3
1
0
4
2
1
2
3
1
0
1
0
0
0
0
0
2
3
1
2
1
1
1
1
0
2
1
1
0
1
1
2
0
1
0
2
0
0
0
0
1
2
1
1
1
0
1
0
1
0
0
1
0
1
1
0
1
0
1
1
1
0
2
1
5
1
1
0
1
0
0
2
0
1
1
3
0
0
0
0
0
0
1
0
1
0
3
0
2
0
0
0
0
0
1
0
0
1
1
1
1
0
1
1
1
0
2
0
0
0
0
1
1
0
0
0
0
0
0
0
1
0
0
2
0
0
0
0
3
0
1
2
2
0
1
0
0
0
0
0
0
1
0
0
0
1
1
0
0
0
0
0
0
0
1
0
3
1
1
1
0
0
0
1
0
0
1
1
0
2
0
0
0
2
0
2
1
0
1
1
1
0
0
1
0
0
0
0
0
1
0
3
1
3
1
0
1
1
0
0
0
0
0
1
0
2
0
1
0
0
1
0
1
0
0
0
0
0
1
2
0
1
0
0
0
1
1
0
0
0
1
1
0
0
0
0
1
1
0
1
0
1
1
0
0
0
0
0
0
1
0
1
0
0
0
0
1
1
0
0
0
0
0
0
0
2
0
0
0
0
1
1
0
0
2
1
0
1
0
0
0
0
0
0
1
0
2
0
0
1
0
0
0
1
0
0
0
0
0
1
1
0
0
1
1
0
2
0
0
0
1
0
0
1
0
0
1
0
1
0
0
0
0
1
0
0
1
0
0
0
0
1
0
0
0
0
1
0
1
0
1
3
1
0
0
0
0
0
0
0
0
0
0
1
1
1
0
0
1
0
0
1
0
0
0
0
0
0
0
0
0
0
0
0
1
0
1
1
0
0
1
0
0
0
0
0
0
1
0
0
1
0
1
2
0
0
1
1
0
0
0
0
1
0
0
1
0
0
0
0
0
0
0
0
1
2
0
0
0
0
0
1
0
1
0
0
1
0
0
0
2
0
1
1
0
1
1
0
1
0
0
1
0
0
0
1
1
0
0
0
0
0
1
0
1
0
0
1
0
0
0
0
0
0
0
0
0
0
0
0
1
0
0
0
0
0
1
0
0
0
1
0
0
0
0
0
0
1
0
0
0
0
0
1
0
0
0
1
0
0
0
0
0
0
1
0
0
0
0
0
0
0
0
0
0
0
0
1
1
0
1
0
0
0
0
0
0
0
0
0
0
0
0
1
0
0
0
1
0
0
0
0
0
0
0
1
1
0
0
0
0
0
1
0
1
0
1
0
0
0
0
0
0
0
0
1
0
0
1
0
0
0
0
0
0
0
0
0
0
0
0
0
0
0
0
0
0
0
0
0
0
0
1
0
0
0
0
0
0
0
2
0
0
0
1
0
0
0
0
0
0
2
0
0
0
0
0
0
1
2
0
0
2
0
2
0
0
0
0
0
0
0
0
0
0
0
0
1
0
0
0
0
0
0
0
0
0
1
0
0
0
0
0
0
0
1
0
0
0
0
0
0
0
0
0
0
0
0
0
0
1
0
0
0
0
0
0
0
0
0
0
0
0
1
0
0
0
0
0
0
0
0
0
0
0
1
0
0
0
1
0
0
0
0
0
0
0
0
0
0
0
0
0
0
0
0
0
0
0
0
0
0
0
0
0
0
0
0
0
0
0
1
1
0
0
0
0
0
0
0
0
0
0
0
0
0
1
0
0
0
0
0
0
0
0
0
0
0
0
0
0
1
0
1
0
0
0
0
0
0
0
0
0
0
0
0
0
0
0
0
0
0
1
0
0
0
0
0
1
0
0
0
1
0
1
0
0
0
0
0
0
0
0
0
0
0
0
0
0
0
0
0
0
0
0
0
0
0
0
0
0
0
0
0
0
1
0
0
0
0
0
0
0
0
0
0
0
0
0
0
0
0
1
0
0
0
0
0
0
0
0
0
0
0
1
0
0
0
0
0
0
0
0
0
0
0
0
0
0
0
0
0
0
0
0
0
0
0
0
0
0
0
0
0
0
0
1
0
0
0
0
0
0
0
0
0
0
0
0
0
0
0
0
0
0
1
0
0
0
0
0
0
0
0
0
0
0
0
0
0
0
0
0
0
0
0
0
0
0
0
0
0
0
0
0
0
0
0
0
0
0
0
0
0
0
0
0
0
0
0
0
0
0
0
0
0
0
0
0
0
0
0
0
0
0
0
0
0
0
0
0
0
0
0
0
0
0
0
0
0
0
0
0
0
0
0
0
0
0
0
0
0
0
0
0
0
0
0
0
0
1
0
0
0
0
0
0
1
1
0
0
0
0
0
0
0
0
0
0
0
0
0
0
0
0
1
0
0
0
0
0
0
0
0
0
0
0
0
0
0
0
0
0
0
0
0
0
0
0
0
0
0
0
0
0
0
1
0
0
0
0
0
0
0
0
0
0
0
0
0
0
0
0
0
0
0
0
0
0
0
0
0
0
0
1
0
0
0
0
0
0
0
0
0
0
0
0
0
0
0
0
0
0
0
0
0
0
0
0
0
0
0
0
0
0
0
0
0
0
1
0
0
0
0
0
0
1
0
0
0
0
0
0
0
0
0
0
0
0
0
0
0
0
0
1
0
0
0
0
0
0
0
0
0
0
0
0
0
0
0
0
0
0
0
0
0
0
1
0
0
0
0
0
0
0
0
0
0
0
0
0
0
0
0
0
0
0
0
0
0
0
0
0
0
0
0
0
0
0
0
0
0
0
0
1
0
0
0
0
0
0
0
0
0
0
0
0
0
0
0
0
0
0
0
0
0
0
0
0
0
0
0
0
0
0
0
0
0
1
0
0
0
0
0
0
0
0
0
0
0
0
0
0
0
0
0
1
0
0
0
0
0
0
0
0
0
0
0
0
0
0
0
0
0
0
0
0
0
0
0
0
0
0
0
0
0
0
0
0
0
0
0
0
0
0
0
0
0
0
0
0
0
0
0
0
0
0
0
0
0
0
0
0
0
0
0
0
0
0
0
0
0
0
0
0
0
0
0
0
0
0
0
0
0
0
0
0
0
0
0
0
0
0
0
0
0
1
0
1
0
0
0
0
0
0
0
0
0
0
0
0
0
0
0
0
0
0
0
0
0
0
1
0
0
0
0
0
0
0
0
0
0
0
0
0
0
0
0
0
0
0
0
0
0
0
0
0
0
0
0
0
0
0
0
0
0
0
0
0
0
0
0
0
0
0
0
0
0
0
0
0
0
0
0
0
0
0
0
0
0
0
0
0
0
0
0
0
0
0
0
0
0
0
0
0
0
0
0
0
0
0
0
0
0
0
0
0
0
0
0
0
0
0
0
1
0
0
0
0
0
0
0
0
0
0
0
0
0
0
0
0
0
0
0
0
0
0
0
0
0
0
0
0
0
0
0
0
0
0
0
0
0
0
0
0
0
0
0
0
0
0
0
1
0
0
0
0
0
1
0
0
0
0
0
0
0
0
0
0
0
0
0
0
0
0
0
0
0
0
0
0
0
0
0
0
0
0
0
0
0
0
0
0
0
0
0
0
0
0
0
0
0
0
0
0
0
0
0
0
0
0
0
0
0
0
0
0
0
0
0
0
0
0
0
0
0
0
0
0
0
0
0
0
0
0
0
0
0
0
0
0
0
0
0
0
0
0
0
0
0
0
0
0
1
0
1
0
0
0
0
0
0
0
0
0
0
0
0
0
0
0
0
0
0
0
0
0
0
0
0
0
0
0
0
0
0
0
0
0
0
0
0
0
0
0
0
0
0
0
0
0
0
0
0
0
0
0
0
0
0
0
0
0
0
0
0
0
0
0
0
0
0
0
0
0
0
0
0
0
0
0
0
0
0
0
0
0
0
0
0
0
0
0
0
0
0
0
0
0
0
0
0
0
0
0
0
0
0
0
0
0
0
0
0
0
0
0
0
0
0
0
0
1
0
0
0
0
0
0
0
0
0
0
0
0
0
0
0
0
0
0
0
0
0
0
0
0
0
0
0
1
1
0
0
0
0
0
0
0
0
0
0
0
0
0
0
0
0
0
0
0
0
0
0
0
0
0
0
0
0
0
0
0
0
0
0
0
0
0
0
0
0
0
0
0
0
0
0
0
0
0
0
0
0
0
0
0
0
0
0
0
0
0
0
0
0
0
0
0
0
0
0
0
0
0
0
0
0
1
0
0
0
0
0
0
0
0
0
0
0
0
0
0
0
0
0
0
0
0
0
0
0
0
0
0
0
0
0
0
0
0
0
0
0
0
0
0
0
0
0
0
0
0
0
0
0
0
0
0
0
0
0
0
0
0
0
0
0
0
0
0
0
1
0
0
0
0
0
0
0
0
0
0
0
0
0
0
0
0
0
0
0
0
0
0
0
0
0
0
0
0
0
0
0
0
0
0
0
0
0
0
0
0
0
0
0
0
0
0
0
0
0
0
0
0
0
0
0
0
0
0
0
0
0
0
0
0
0
0
0
0
0
0
0
0
0
0
0
0
0
0
0
0
0
0
0
0
0
0
0
0
0
0
0
0
0
0
0
0
0
0
0
0
0
0
0
0
0
0
0
0
0
0
0
0
0
0
0
0
0
0
0
0
0
0
0
0
0
0
0
0
0
0
0
0
0
0
0
0
0
0
0
0
0
0
0
0
0
0
0
0
0
0
0
0
0
0
0
0
0
0
0
0
0
0
0
0
0
0
0
0
0
0
0
0
0
0
0
0
0
0
0
0
0
0
0
0
0
0
0
0
0
0
0
0
0
0
0
0
0
0
0
0
0
0
0
0
0
0
0
0
0
0
0
0
0
0
0
1
0
0
0
0
0
0
0
0
0
0
0
0
0
0
0
1
0
0
0
0
0
0
0
0
0
0
0
0
0
0
0
0
0
0
0
0
0
0
0
0
0
0
0
0
0
0
0
0
0
0
0
0
0
0
0
0
0
0
0
0
0
0
0
0
0
0
0
0
0
0
0
0
0
0
0
0
0
0
0
0
0
0
0
0
0
0
0
0
0
0
0
0
0
0
0
1
0
0
0
0
0
0
0
0
0
0
0
0
0
0
0
0
0
0
0
0
0
0
0
0
0
0
0
0
0
0
0
0
0
0
0
0
0
0
0
0
0
0
0
0
0
0
0
0
0
0
0
0
0
0
0
0
0
0
0
0
0
0
0
0
0
0
0
0
0
0
0
0
0
0
1
0
0
0
0
0
0
0
0
0
0
0
0
0
1
0
0
0
0
0
0
0
0
0
0
0
0
0
0
0
0
0
0
0
0
0
0
0
0
0
0
0
0
0
0
0
0
0
0
0
0
0
0
1
0
0
0
0
0
0
0
0
0
0
0
0
0
0
0
0
0
0
0
0
0
0
0
0
1
0
0
0
0
0
0
0
0
0
0
0
0
0
0
0
0
0
0
0
0
0
0
0
0
0
0
0
0
0
0
0
0
0
0
0
0
0
0
0
0
0
0
0
0
0
0
0
0
0
0
0
0
0
0
0
0
0
0
0
0
0
0
0
0
0
0
0
0
0
0
0
0
0
0
0
0
0
0
0
0
0
0
0
0
0
0
0
0
0
0
0
0
0
0
0
0
0
0
0
0
0
0
0
0
0
0
0
0
0
0
0
0
0
0
0
0
0
0
0
0
0
0
0
0
0
0
0
0
0
0
0
0
0
0
0
0
0
0
0
0
0
0
0
0
0
0
0
0
0
0
0
0
0
0
0
0
0
0
0
0
0
0
0
0
0
0
0
0
0
0
0
0
0
0
0
0
0
0
0
0
0
0
0
0
0
0
0
0
0
0
0
0
0
0
0
0
0
0
0
0
0
0
0
0
0
0
0
0
0
0
0
0
0
0
0
0
0
0
0
0
0
0
0
0
0
0
0
0
0
0
0
0
0
0
0
0
0
0
0
0
0
0
0
0
1
0
0
0
0
0
0
0
0
0
0
0
0
0
0
0
0
0
0
0
0
0
0
0
0
0
0
0
0
0
0
0
0
0
0
0
0
0
0
0
0
0
0
0
0
0
0
0
0
0
0
1
0
0
0
0
0
0
0
0
0
0
0
0
0
0
0
0
0
0
0
0
0
0
0
0
0
0
0
0
0
0
0
0
0
0
0
0
0
0
0
0
0
0
0
0
0
0
0
0
0
0
0
0
0
0
0
0
0
0
0
0
0
0
0
0
0
0
0
0
0
0
0
0
0
0
0
0
0
0
0
0
0
0
0
0
0
0
0
0
0
0
0
0
0
0
0
0
0
0
0
0
0
0
0
0
0
0
0
0
0
0
0
0
0
0
0
0
1
0
0
0
0
0
0
0
0
0
0
0
0
0
0
0
0
0
0
0
0
0
0
0
0
0
0
0
0
0
0
0
0
0
0
0
0
0
0
0
0
0
0
0
0
0
0
0
0
0
0
0
0
0
0
0
0
0
0
0
0
0
0
0
0
0
0
0
0
0
0
0
0
0
0
0
0
0
0
0
0
0
0
0
0
0
0
0
0
0
0
0
0
0
0
0
0
0
1
0
0
0
0
0
0
0
0
0
0
0
0
0
0
0
0
0
0
0
0
0
0
0
0
0
0
0
0
0
0
0
0
0
0
0
0
0
0
0
0
0
0
0
0
0
0
0
0
0
0
0
0
0
0
0
0
0
0
0
0
0
0
0
0
0
0
0
0
0
0
0
0
0
0
0
0
0
0
0
0
0
0
0
0
0
0
0
0
0
0
0
0
0
0
0
0
0
0
0
0
0
0
0
0
0
0
0
0
0
0
0
0
0
0
0
0
0
0
0
0
0
0
0
0
0
0
0
0
0
0
0
0
0
0
0
0
0
0
0
0
0
0
0
0
0
0
0
0
0
0
0
0
0
0
0
0
0
0
0
0
0
0
0
0
0
0
0
0
0
0
0
0
0
0
0
0
0
0
0
0
0
0
0
0
0
0
0
0
0
0
0
0
0
0
0
0
0
0
0
0
0
0
0
0
0
0
0
0
0
0
0
0
0
0
0
0
0
0
0
0
0
0
0
0
0
0
0
0
0
0
0
0
0
0
0
0
0
0
0
0
0
0
0
0
0
0
0
0
0
0
0
0
0
0
0
0
0
0
0
0
0
0
0
0
0
0
0
0
0
0
0
0
0
0
0
0
0
0
0
0
0
0
0
0
0
0
0
0
0
0
0
0
0
0
0
0
0
0
0
0
0
0
0
0
0
0
0
0
0
0
0
0
0
0
0
0
0
0
0
0
0
0
0
0
0
0
0
0
0
0
0
0
0
0
0
0
0
0
0
0
0
0
0
0
0
0
0
0
0
0
0
0
0
0
0
0
0
0
0
0
0
0
0
0
0
0
0
0
0
0
0
0
0
0
0
0
0
0
0
0
0
0
0
0
0
0
0
0
0
0
0
0
0
0
0
0
0
0
0
0
0
0
0
0
0
0
0
0
0
0
0
0
0
0
0
0
0
0
0
0
0
0
0
0
0
0
0
0
0
0
0
0
0
0
0
0
0
0
0
0
0
0
0
0
0
0
0
0
0
0
0
0
0
0
0
0
0
0
0
0
0
0
0
0
0
0
0
0
0
0
0
0
0
0
0
0
0
0
0
0
0
0
0
0
0
0
0
0
0
0
0
0
0
0
0
0
0
0
0
0
0
0
0
0
0
0
0
0
0
0
0
0
0
0
0
0
0
0
0
0
0
0
0
0
0
0
0
0
0
0
0
0
0
0
0
0
0
0
0
0
0
0
0
0
0
0
0
0
0
0
0
0
0
0
0
0
0
0
0
0
0
0
0
0
0
0
0
0
0
0
0
0
0
0
0
0
0
0
0
0
0
0
0
0
0
0
0
0
0
0
0
0
0
0
0
0
0
0
0
0
0
0
0
0
0
0
0
0
0
0
0
0
0
0
0
0
0
0
0
0
0
0
0
0
0
0
0
0
0
0
0
0
0
0
0
0
0
0
0
0
0
0
0
0
0
0
0
0
0
0
0
0
0
0
0
0
0
0
0
0
0
0
0
0
0
0
0
0
0
0
0
0
0
0
0
0
0
0
0
0
0
0
0
0
0
0
0
0
0
0
0
0
0
0
0
0
0
0
0
0
0
0
0
0
0
0
0
0
0
0
0
0
0
0
0
0
0
0
0
0
0
0
0
0
0
0
0
0
0
0
0
0
0
0
0
0
0
0
0
0
0
0
0
0
0
0
0
0
0
0
0
0
0
0
0
0
0
0
0
0
0
0
0
0
0
0
0
0
0
0
0
0
0
0
0
0
0
0
0
0
0
0
0
0
0
0
0
0
0
0
0
0
0
0
0
0
0
0
0
0
0
0
0
0
0
0
0
0
0
0
0
0
0
0
0
0
0
0
0
0
0
0
0
0
0
0
0
0
0
0
0
0
0
0
0
0
0
0
0
0
0
0
0
0
0
0
0
0
0
0
0
0
0
0
0
0
0
0
0
0
0
0
0
0
0
0
0
0
0
0
0
0
0
0
0
0
0
0
0
0
0
0
0
0
0
0
0
0
0
0
0
0
0
0
0
0
0
0
0
0
0
0
0
0
0
0
0
0
0
0
0
0
0
0
0
0
0
0
0
0
0
0
0
0
0
0
0
0
0
0
0
0
0
0
0
0
0
0
0
0
0
0
0
0
0
0
0
0
0
0
0
0
0
0
0
0
0
0
0
0
0
0
0
0
0
0
0
0
0
0
0
0
0
0
0
0
0
0
0
0
0
0
0
0
0
0
0
0
0
0
0
0
0
0
0
0
0
0
0
0
0
0
0
0
0
0
0
0
0
0
0
0
0
0
0
0
0
0
0
0
0
0
0
0
0
0
0
0
0
0
0
0
0
0
0
0
0
0
0
0
0
0
0
0
0
0
0
0
0
0
0
0
0
0
0
0
0
0
0
0
0
0
0
0
0
0
0
0
0
0
0
0
0
0
0
0
0
0
0
0
0
0
0
0
0
0
0
0
0
0
0
0
0
0
0
0
0
0
0
0
0
0
0
0
0
0
0
0
0
0
0
0
0
0
0
0
0
0
0
0
0
0
0
0
0
0
0
0
0
0
0
0
0
0
0
0
0
0
0
0
0
0
0
0
0
0
0
0
0
0
0
0
0
0
0
0
0
0
0
0
0
0
0
0
0
0
0
0
0
0
0
0
0
0
0
0
0
0
0
0
0
0
0
0
0
0
0
0
0
0
0
0
0
0
0
0
0
0
0
0
0
0
0
0
0
0
0
0
0
0
0
0
0
0
0
0
0
0
0
0
0
0
0
0
0
0
0
0
0
0
0
0
0
0
0
0
0
0
0
0
0
0
0
0
0
0
0
0
0
0
0
0
0
0
0
0
0
0
0
0
0
0
0
0
0
0
0
0
0
0
0
0
0
0
0
0
0
0
0
0
0
0
0
0
0
0
0
0
0
0
0
0
0
0
0
0
0
0
0
0
0
0
0
0
0
0
0
0
0
0
0
0
0
0
0
0
0
0
0
0
0
0
0
0
0
0
0
0
0
0
0
0
0
0
0
0
0
0
0
0
0
0
0
0
0
0
0
0
0
0
0
0
0
0
0
0
0
0
0
0
0
0
0
0
0
0
0
0
0
0
0
0
0
0
0
0
0
0
0
0
0
0
0
0
0
0
0
0
0
0
0
0
0
0
0
0
0
0
0
0
0
0
0
0
0
0
0
0
0
0
0
0
0
0
0
0
0
0
0
0
0
0
0
0
0
0
0
0
0
0
0
0
0
0
0
0
0
0
0
0
0
0
0
0
0
0
0
0
0
0
0
0
0
0
0
0
0
0
0
0
0
0
0
0
0
0
0
0
0
0
0
0
0
0
0
0
0
0
0
0
0
0
0
0
0
0
0
0
0
0
0
0
0
0
0
0
0
0
0
0
0
0
0
0
0
0
0
0
0
0
0
0
0
0
0
0
0
0
0
0
0
0
0
0
0
0
0
0
0
0
0
0
0
0
0
0
0
0
0
0
0
0
0
0
0
0
0
0
0
0
0
0
0
0
0
0
0
0
0
0
0
0
0
0
0
0
0
0
0
0
0
0
0
0
0
0
0
0
0
0
0
0
0
0
0
0
0
0
0
0
0
0
0
0
0
0
0
0
0
0
0
0
0
0
0
0
0
0
0
0
0
0
0
0
0
0
0
0
0
0
0
0
0
0
0
0
0
0
0
0
0
0
0
0
0
0
0
0
0
0
0
0
0
0
0
0
0
0
0
0
0
0
0
0
0
0
0
0
0
0
0
0
0
0
0
0
0
0
0
0
0
0
0
0
0
0
0
0
0
0
0
0
0
0
0
0
0
0
0
0
0
0
0
0
0
0
0
0
0
0
0
0
0
0
0
0
0
0
0
0
0
0
0
0
0
0
0
0
0
0
0
0
0
0
0
0
0
0
0
0
0
0
0
0
0
0
0
0
0
0
0
0
0
0
0
0
0
0
0
0
0
0
0
0
0
0
0
0
0
0
0
0
0
0
0
0
0
0
0
0
0
0
0
0
0
0
0
0
0
0
0
0
0
0
0
0
0
0
0
0
0
0
0
0
0
0
0
0
0
0
0
0
0
0
0
0
0
0
0
0
0
0
0
0
0
0
0
0
0
0
0
0
0
0
0
0
0
0
0
0
0
0
0
0
0
0
0
0
0
0
0
0
0
0
0
0
0
0
0
0
0
0
0
0
0
0
0
0
0
0
0
0
0
0
0
0
0
0
0
0
0
0
0
0
0
0
0
0
0
0
0
0
0
0
0
0
0
0
0
0
0
0
0
0
0
0
0
0
0
0
0
0
0
0
0
0
0
0
0
0
0
0
0
0
0
0
0
0
0
0
0
0
0
0
0
0
0
0
0
0
0
0
0
0
0
0
0
0
0
0
0
0
0
0
0
0
0
0
0
0
0
0
0
0
0
0
0
0
0
0
0
0
0
0
0
0
0
0
0
0
0
0
0
0
0
0
0
0
0
0
0
0
0
0
0
0
0
0
0
0
0
0
0
0
0
0
0
0
0
0
0
0
0
0
0
0
0
0
0
0
0
0
0
0
0
0
0
0
0
0
0
0
0
0
0
0
0
0
0
0
0
0
0
0
0
0
0
0
0
0
0
0
0
0
0
0
0
0
0
0
0
0
0
0
0
0
0
0
0
0
0
0
0
0
0
0
0
0
0
0
0
0
0
0
0
0
0
0
0
0
0
0
0
0
0
0
0
0
0
0
0
0
0
0
0
0
0
0
0
0
0
0
0
0
0
0
0
0
0
0
0
0
0
0
0
0
0
0
0
0
0
0
0
0
0
0
0
0
0
0
0
0
0
0
0
0
0
0
0
0
0
0
0
0
0
0
0
0
0
0
0
0
0
0
0
0
0
0
0
0
0
0
0
0
0
0
0
0
0
0
0
0
0
0
0
0
0
0
0
0
0
0
0
0
0
0
0
0
0
0
0
0
0
0
0
0
0
0
0
0
0
0
0
0
0
0
0
0
0
0
0
0
0
0
0
0
0
0
0
0
0
0
0
0
0
0
0
0
0
0
0
0
0
0
0
0
0
0
0
0
0
0
0
0
0
0
0
0
0
0
0
0
0
0
0
0
0
0
0
0
0
0
0
0
0
0
0
0
0
0
0
0
0
0
0
0
0
0
0
0
0
0
0
0
0
0
0
0
0
0
0
0
0
0
0
0
0
0
0
0
0
0
0
0
0
0
0
0
0
0
0
0
0
0
0
0
0
0
0
0
0
0
0
0
0
0
0
0
0
0
0
0
0
0
0
0
0
0
0
0
0
0
0
0
0
0
0
0
0
0
0
0
0
0
0
0
0
0
0
0
0
0
0
0
0
0
0
0
0
0
0
0
0
0
0
0
0
0
0
0
0
0
0
0
0
0
0
0
0
0
0
0
0
0
0
0
0
0
0
0
0
0
0
0
0
0
0
0
0
0
0
0
0
0
0
0
0
0
0
0
0
0
0
0
0
0
0
0
0
0
0
0
0
0
0
0
0
0
0
0
0
0
0
0
0
0
0
0
0
0
0
0
0
0
0
0
0
0
0
0
0
0
0
0
0
0
0
0
0
0
0
0
0
0
0
0
0
0
0
0
0
0
0
0
0
0
0
0
0
0
0
0
0
0
0
0
0
0
0
0
0
0
0
0
0
0
0
0
0
0
0
0
0
0
0
0
0
0
0
0
0
0
0
0
0
0
0
0
0
0
0
0
0
0
0
0
0
0
0
0
0
0
0
0
0
0
0
0
0
0
0
0
0
0
0
0
0
0
0
0
0
0
0
0
0
0
0
0
0
0
0
0
0
0
0
0
0
0
0
0
0
0
0
0
0
0
0
0
0
0
0
0
0
0
0
0
0
0
0
0
0
0
0
0
0
0
0
0
0
0
0
0
0
0
0
0
0
0
0
0
0
0
0
0
0
0
0
0
0
0
0
0
0
0
0
0
0
0
0
0
0
0
0
0
0
0
0
0
0
0
0
0
0
0
0
0
0
0
0
0
0
0
0
0
0
0
0
0
0
0
0
0
0
0
0
0
0
0
0
0
0
0
0
0
0
0
0
0
0
0
0
0
0
0
0
0
0
0
0
0
0
0
0
0
0
0
0
0
0
0
0
0
0
0
0
0
0
0
0
0
0
0
0
0
0
0
0
0
0
0
0
0
0
0
0
0
0
0
0
0
0
0
0
0
0
0
0
0
0
0
0
0
0
0
0
0
0
0
0
0
0
0
0
0
0
0
0
0
0
0
0
0
0
0
0
0
0
0
0
0
0
0
0
0
0
0
0
0
0
0
0
0
0
0
0
0
0
0
0
0
0
0
0
0
0
0
0
0
0
0
0
0
0
0
0
0
0
0
0
0
0
0
0
0
0
0
0
0
0
0
0
0
0
0
0
0
0
0
0
0
0
0
0
0
0
0
0
0
0
0
0
0
0
0
0
0
0
0
0
0
0
0
0
0
0
0
0
0
0
0
0
0
0
0
0
0
0
0
0
0
0
0
0
0
0
0
0
0
0
0
0
0
0
0
0
0
0
0
0
0
0
0
0
0
0
0
0
0
0
0
0
0
0
0
0
0
0
0
0
0
0
0
0
0
0
0
0
0
0
0
0
0
0
0
0
0
0
0
0
0
0
0
0
0
0
0
0
0
0
0
0
0
0
0
0
0
0
0
0
0
0
0
0
0
0
0
0
0
0
0
0
0
0
0
0
0
0
0
0
0
0
0
0
0
0
0
0
0
0
0
0
0
0
0
0
0
0
0
0
0
0
0
0
0
0
0
0
0
0
0
0
0
0
0
0
0
0
0
0
0
0
0
0
0
0
0
0
0
0
0
0
0
0
0
0