0
0
0
0
0
0
0
0
0
0
0
0
0
0
0
0
0
0
0
0
0
0
0
0
0
0
0
0
0
0
0
0
0
0
0
0
0
0
0
0
0
0
0
0
0
0
0
0
0
0
0
0
0
0
0
0
0
0
0
0
0
0
0
0
0
0
0
0
0
0
0
0
0
0
0
0
0
0
0
0
0
0
0
0
0
0
0
0
0
0
0
0
0
0
0
0
0
0
0
0
0
0
0
0
0
0
0
0
0
0
0
0
0
0
0
0
0
0
0
0
0
0
0
0
0
0
0
0
0
0
0
0
0
0
0
0
0
0
0
0
0
0
0
0
0
0
0
0
0
0
0
0
0
0
0
0
0
0
0
0
0
0
0
0
0
0
0
0
0
0
0
0
0
0
0
0
0
0
0
0
0
0
0
0
0
0
0
0
0
0
0
0
0
0
0
0
0
0
0
0
0
0
0
0
0
0
0
0
0
0
0
0
0
0
0
0
0
0
0
0
0
0
0
0
0
0
0
0
0
0
0
0
0
0
0
0
0
0
0
0
0
0
0
0
0
0
0
0
0
0
0
0
0
0
0
0
0
0
0
0
0
0
0
0
0
0
0
0
0
0
0
0
0
0
0
0
0
0
0
0
0
0
0
0
0
0
0
0
0
0
0
0
0
0
0
0
0
0
0
0
0
0
0
0
0
0
0
0
0
0
0
0
0
0
0
0
0
0
0
0
0
0
0
0
0
0
0
0
0
0
0
0
0
0
0
0
0
0
0
0
0
0
0
0
0
0
0
0
0
0
0
0
0
0
0
0
0
0
0
0
0
0
0
0
0
0
0
0
0
0
0
0
0
0
0
0
0
0
0
0
0
0
0
0
0
0
0
0
0
0
0
0
0
0
0
0
0
0
0
0
0
0
0
0
0
0
0
0
0
0
0
0
0
0
0
0
0
0
0
0
0
0
0
0
0
0
0
0
0
0
0
0
0
0
0
0
0
0
0
0
0
0
0
0
0
0
0
0
0
0
0
0
0
0
0
0
0
0
0
0
0
0
0
0
0
0
0
0
0
0
0
0
0
0
0
0
0
0
0
0
0
0
0
0
0
0
0
0
0
0
0
0
0
0
0
0
0
0
0
0
0
0
0
0
0
0
0
0
0
0
0
0
0
0
0
0
0
0
0
0
0
0
0
0
0
0
0
0
0
0
0
0
0
0
0
0
0
0
0
0
0
0
0
0
0
0
0
0
0
0
0
0
0
0
0
0
0
0
0
0
0
0
0
0
0
0
0
0
0
0
0
0
0
0
0
0
0
0
0
0
0
0
0
0
0
0
0
0
0
0
0
0
0
0
0
0
0
0
0
0
0
0
0
0
0
0
0
0
0
0
0
0
0
0
0
0
0
0
0
0
0
0
0
0
0
0
0
0
0
0
0
0
0
0
0
0
0
0
0
0
0
0
0
0
0
0
0
0
0
0
0
0
0
0
0
0
0
0
0
0
0
0
0
0
0
0
0
0
0
0
0
0
0
0
0
0
0
0
0
0
0
0
0
0
0
0
0
0
0
0
0
0
0
0
0
0
0
0
0
1
1
728
1095
1550
1769
1912
2041
2136
2150
2218
2245
2200
2131
2116
2098
2169
2207
2195
2131
2149
2161
2198
2185
2158
2148
2329
2168
2156
2109
2093
2141
2051
2141
2071
2174
2093
2087
2183
2083
2009
2098
2019
2132
2103
2033
2086
2057
1923
2068
2108
1996
2026
2044
2110
2027
2010
2014
2033
2009
1989
2008
1932
1998
2011
2006
1954
1987
2020
2057
2062
2048
2041
2018
1987
1993
1948
1935
1991
1987
2008
1917
2006
1959
1981
1967
1924
1930
1868
1997
1944
1938
1932
1953
1966
1962
1982
1839
1935
1929
1938
1932
1939
1964
1899
1907
1952
1930
1960
1862
1958
1879
1889
1895
1971
1840
1901
1885
1879
1861
1892
1907
1901
1843
1832
1859
1863
1836
1861
1887
1791
1796
1841
1856
1833
1834
1809
1835
1901
1795
1808
1762
1764
1780
1723
1743
1803
1779
1782
1865
1788
1795
1827
1822
1771
1745
1788
1865
1814
1778
1806
1742
1756
1867
1785
1821
1780
1781
1854
1751
1750
1747
1767
1783
1737
1766
1812
1715
1675
1716
1710
1754
1734
1702
1758
1745
1823
1699
1813
1789
1751
1782
1777
1751
1832
1776
1627
1721
1727
1758
1804
1723
1774
1706
1734
1741
1727
1793
1713
1734
1732
1692
1735
1695
1713
1655
1685
1771
1748
1729
1750
1716
1739
1654
1703
1735
1695
1712
1713
1767
1699
1713
1699
1743
1678
1665
1718
1668
1626
1721
1691
1684
1632
1660
1617
1672
1643
1618
1624
1581
1623
1677
1603
1618
1565
1682
1629
1587
1616
1630
1635
1710
1648
1665
1607
1638
1610
1619
1644
1627
1611
1552
1608
1605
1552
1570
1575
1615
1621
1648
1612
1569
1656
1618
1570
1640
1624
1611
1602
1594
1668
1598
1575
1606
1542
1514
1603
1615
1597
1591
1599
1584
1618
1575
1535
1502
1594
1575
1518
1586
1542
1572
1551
1616
1493
1486
1545
1549
1562
1451
1550
1528
1489
1611
1524
1568
1526
1627
1498
1584
1561
1508
1535
1622
1530
1535
1573
1551
1569
1581
1526
1574
1627
1547
1535
1591
1588
1527
1607
1484
1475
1555
1568
1517
1469
1485
1512
1553
1447
1598
1489
1523
1545
1522
1531
1524
1497
1504
1506
1500
1516
1527
1480
1481
1510
1446
1462
1465
1493
1444
1415
1424
1434
1475
1500
1551
1434
1479
1487
1507
1472
1444
1455
1508
1508
1455
1403
1480
1437
1444
1445
1467
1416
1408
1478
1485
1460
1444
1400
1433
1451
1401
1424
1361
1321
1375
1403
1342
1373
1364
1415
1353
1346
1361
1300
1350
1400
1350
1333
1360
1352
1320
1292
1362
1322
1273
1318
1302
1246
1347
1243
1315
1309
1257
1281
1286
1328
1236
1261
1278
1321
1265
1325
1260
1263
1286
1225
1260
1232
1220
1261
1265
1237
1197
1214
1188
1193
1125
1232
1194
1209
1177
1154
1187
1238
1163
1167
1183
1097
1114
1171
1171
1103
1095
1125
1075
1031
1142
1122
1045
1144
1123
1098
1077
1089
1054
1050
1111
1062
1085
1091
982
1029
1008
1027
1039
1024
1029
968
1080
1024
980
1029
1011
1062
996
1030
1026
962
952
1030
950
970
932
981
901
982
916
898
909
931
977
971
928
885
854
852
892
970
882
821
874
885
856
911
859
852
868
815
865
844
816
820
864
886
847
864
796
876
845
850
818
837
829
851
808
853
769
785
828
765
840
791
840
804
799
846
765
796
758
723
774
811
802
787
757
783
769
731
765
733
689
723
712
754
676
718
686
697
720
679
650
675
693
684
694
689
672
628
699
651
684
695
674
672
671
723
662
699
689
664
685
670
706
651
664
679
643
641
641
668
672
652
620
641
669
636
652
659
637
582
673
657
634
618
684
635
609
607
664
636
650
685
628
680
633
609
602
670
600
668
602
608
569
592
658
595
601
639
650
609
584
590
562
609
616
585
637
626
650
610
681
674
566
613
587
637
637
600
577
631
608
637
552
600
606
601
614
604
583
642
610
638
612
674
603
629
646
652
612
625
629
659
614
603
602
651
652
643
667
660
643
629
648
641
645
638
643
641
631
604
629
686
591
590
603
646
685
683
621
636
637
626
631
690
685
688
700
700
659
682
687
706
648
620
633
647
675
711
681
698
668
709
707
619
716
721
695
705
668
697
721
662
726
736
701
715
716
674
700
665
733
702
729
693
745
744
733
698
749
789
806
780
741
769
739
772
746
752
778
761
824
730
740
768
813
814
803
775
767
759
774
840
780
811
824
808
795
798
823
828
791
828
871
824
850
784
828
843
844
820
817
864
859
849
869
844
895
835
904
853
898
933
901
871
919
960
915
919
930
908
899
920
914
879
933
958
917
968
948
926
972
953
985
908
1040
931
957
1006
942
978
1020
953
948
1066
980
962
992
955
1011
1010
1018
985
965
1012
967
1029
1011
1050
966
1002
1026
1090
1072
1068
1037
1062
1048
1088
1058
1055
1111
1116
1130
1095
1123
1113
1205
1154
1096
1176
1121
1131
1126
1165
1087
1188
1185
1171
1212
1154
1222
1155
1229
1242
1190
1218
1175
1287
1242
1197
1245
1207
1230
1263
1283
1322
1211
1255
1215
1300
1216
1343
1232
1246
1308
1304
1289
1270
1290
1289
1347
1317
1311
1287
1331
1361
1361
1400
1359
1296
1359
1363
1327
1354
1399
1329
1363
1326
1338
1377
1368
1407
1419
1352
1444
1436
1412
1421
1435
1458
1520
1433
1358
1387
1464
1448
1450
1428
1516
1453
1416
1442
1525
1483
1505
1517
1439
1464
1463
1440
1483
1530
1533
1466
1562
1508
1542
1493
1598
1558
1552
1560
1581
1548
1540
1608
1545
1549
1568
1608
1561
1549
1594
1616
1576
1628
1650
1548
1613
1683
1640
1662
1666
1682
1614
1656
1664
1711
1596
1681
1660
1694
1629
1667
1708
1593
1718
1671
1663
1674
1767
1738
1707
1798
1716
1707
1730
1791
1695
1706
1702
1791
1646
1765
1736
1715
1776
1690
1790
1704
1761
1737
1716
1768
1858
1768
1712
1815
1746
1829
1783
1765
1802
1877
1805
1769
1844
1854
1855
1806
1862
1860
1863
1849
1918
1786
1912
1884
1784
1844
1851
1837
1883
1817
1867
1769
1814
1889
1882
1861
1854
1890
1970
1946
1872
1961
1932
1993
1912
1924
1889
1981
1864
1919
1918
1882
1927
1942
1936
1866
1886
1986
1884
1969
1887
1888
1887
1911
1893
1992
1940
1987
1915
2030
1843
1889
1935
2007
1877
1913
1946
2024
1914
1934
1898
2010
1957
1936
1972
1923
1936
2031
1965
1975
2035
1968
1975
2026
2023
2081
2050
2037
1969
2056
2032
2047
1979
2011
2043
1991
2038
2030
2102
2062
2001
1979
2014
2039
2060
2068
2028
1994
2082
1964
1968
1948
1987
2012
1948
1990
1987
1980
2010
1963
1934
1878
1914
1954
2034
2065
2061
2009
2047
2007
2059
2056
2001
2008
2031
2063
1965
1997
2073
1976
2020
1981
1959
1998
1978
1989
2008
2002
2045
2010
1962
2008
1993
2041
2000
1916
1996
1954
2018
2017
2004
2002
1986
2013
1977
2159
2080
2063
2085
1974
1987
1997
2029
2032
2030
2034
2051
2026
1931
1997
1955
1961
1936
2020
1970
2016
1931
1967
1924
1951
1938
1882
1966
1925
1918
2002
1960
1900
1900
1987
1990
1965
1932
1972
1885
1863
1887
1912
1910
1890
1876
1966
1892
1940
1885
1831
1873
1827
1910
1850
1825
1917
1873
1827
1803
1827
1737
1839
1793
1709
1752
1812
1846
1751
1752
1836
1778
1746
1764
1830
1769
1796
1814
1785
1784
1708
1813
1739
1745
1707
1686
1657
1724
1721
1695
1753
1715
1671
1715
1711
1675
1706
1670
1710
1636
1669
1668
1669
1679
1618
1702
1586
1605
1616
1629
1562
1575
1618
1606
1592
1565
1502
1579
1576
1562
1588
1615
1585
1574
1554
1519
1516
1574
1547
1536
1533
1536
1510
1544
1592
1529
1544
1536
1430
1453
1462
1364
1377
1331
1345
1388
1350
1344
1461
1370
1363
1327
1403
1375
1328
1332
1255
1325
1331
1393
1314
1343
1328
1267
1302
1276
1297
1299
1237
1223
1194
1154
1157
1192
1240
1215
1207
1201
1215
1148
1163
1161
1112
1134
1182
1219
1103
1185
1158
1151
1135
1090
1108
1073
1052
1073
1003
1070
1026
1054
1012
1053
1057
1000
1019
1012
1018
1026
989
995
996
964
1001
1010
987
1010
866
884
902
919
909
889
929
921
889
892
939
874
947
867
817
824
867
820
907
821
848
821
814
825
793
764
800
816
793
752
813
760
794
760
783
789
801
749
713
761
781
758
801
750
692
732
649
623
725
674
685
716
634
634
633
654
630
673
627
621
634
670
628
595
588
591
591
601
612
598
577
563
583
571
550
551
518
553
537
530
504
529
555
525
524
507
477
506
451
462
465
471
472
504
544
461
485
451
475
430
413
405
469
449
401
429
453
437
434
461
426
417
412
417
417
419
396
406
407
405
379
366
379
335
370
403
377
340
337
344
330
337
311
292
312
327
311
300
318
332
303
335
307
326
304
294
315
277
281
292
282
314
262
269
259
270
280
252
278
255
232
225
287
241
255
239
242
233
240
247
221
235
223
221
220
220
224
229
220
203
217
190
191
174
216
209
213
221
181
195
216
158
212
188
191
203
174
174
193
200
171
182
156
159
154
160
171
188
145
165
140
148
155
161
143
124
161
142
124
150
132
121
148
157
133
129
151
140
124
134
135
128
128
113
113
127
142
139
132
101
131
126
114
113
119
97
103
122
111
107
121
104
113
106
90
84
127
83
107
78
111
100
96
100
76
91
98
94
69
75
80
94
92
67
79
88
83
78
88
84
82
76
62
80
67
73
72
63
71
91
71
68
66
84
85
67
79
84
75
66
63
66
65
63
64
52
49
57
69
63
57
68
60
62
58
76
64
41
62
63
53
58
55
69
54
54
59
46
58
57
70
44
65
53
54
39
51
46
58
53
51
53
42
42
62
41
43
56
31
50
45
44
53
43
37
34
29
48
45
47
36
41
37
42
46
46
38
36
43
53
46
43
35
40
46
33
31
31
33
31
30
43
31
28
38
39
36
43
25
30
38
33
24
26
21
30
45
24
48
31
29
22
30
25
28
26
37
30
18
27
35
26
25
28
24
25
21
30
27
29
29
17
19
22
21
32
23
27
27
22
14
27
21
36
16
32
34
36
22
17
17
22
35
30
15
21
14
21
24
29
20
24
24
23
16
22
25
16
21
15
18
19
25
15
25
28
15
14
25
26
16
16
23
19
25
26
14
17
23
29
20
28
22
16
20
17
29
23
24
20
22
21
28
22
16
16
19
20
13
16
19
17
13
18
20
19
13
8
33
25
20
17
13
17
12
22
19
24
22
17
14
24
24
12
26
19
12
20
16
14
14
24
14
25
18
20
19
16
11
16
12
14
22
15
22
21
16
18
14
17
13
12
18
15
14
15
16
20
12
16
21
20
11
16
19
17
11
11
18
22
27
22
20
24
23
18
19
19
21
19
12
20
18
16
19
24
25
15
24
21
11
13
11
19
13
8
20
20
9
22
15
15
17
19
17
11
18
12
12
20
19
12
18
15
19
20
18
14
17
26
12
14
16
20
9
22
7
19
7
15
16
19
17
15
17
11
19
16
14
9
8
15
13
15
20
13
13
12
16
15
17
13
9
20
19
15
17
14
16
17
12
10
16
23
11
12
13
9
14
18
18
20
13
13
13
11
16
14
15
12
11
10
18
18
20
9
18
16
10
11
23
14
11
11
22
25
13
11
26
14
23
12
19
18
14
10
19
8
14
16
10
20
9
13
14
12
12
14
14
12
19
10
13
12
15
15
17
11
11
12
11
21
13
17
14
20
11
11
10
17
15
9
11
15
5
4
14
10
16
13
10
9
10
10
17
15
16
11
15
19
14
20
11
9
20
20
8
19
12
12
13
15
12
19
10
20
8
19
10
10
9
8
15
7
27
15
13
12
14
9
8
23
12
11
12
14
15
10
13
8
17
17
18
15
8
14
6
11
5
10
18
14
9
12
11
9
14
9
13
15
11
10
15
13
12
15
9
10
11
13
22
12
14
16
9
14
13
12
17
9
7
13
15
12
14
10
22
13
11
12
25
10
14
14
12
12
12
13
8
8
12
16
13
11
7
13
6
7
13
12
10
9
14
12
13
13
10
17
14
10
8
7
11
10
10
19
15
11
10
12
9
13
16
15
12
9
17
18
18
10
12
13
12
14
10
12
9
18
9
14
12
5
10
15
8
8
11
13
12
12
13
18
13
7
18
10
13
16
11
10
11
10
7
9
15
11
15
13
13
10
14
14
14
14
7
11
12
10
17
13
14
11
15
18
8
14
14
14
13
11
18
9
12
15
14
13
11
11
18
7
10
13
17
8
10
9
13
11
14
10
17
7
18
9
8
14
20
13
24
14
17
10
14
10
12
17
10
9
11
8
13
10
10
12
7
12
10
12
13
13
8
17
13
10
8
11
10
13
14
14
15
9
12
16
12
9
11
15
9
14
16
17
8
16
11
6
13
14
9
12
14
9
16
15
18
5
11
16
7
5
12
8
10
11
8
12
12
15
14
9
9
10
11
8
17
9
5
13
7
15
11
9
12
13
8
16
9
13
10
22
9
9
17
19
10
16
17
13
10
7
9
8
12
12
6
7
15
19
13
11
10
7
19
10
8
10
7
8
22
14
15
14
15
8
15
13
17
11
14
11
18
11
9
18
9
13
10
14
15
18
9
14
16
12
7
10
12
8
13
14
12
10
15
13
10
16
12
19
9
15
14
7
5
14
9
12
15
16
12
12
15
13
10
16
12
9
17
12
12
13
22
10
15
12
10
9
9
21
8
11
14
11
11
15
5
10
16
8
13
13
9
12
11
15
7
8
18
10
6
10
12
15
19
11
13
23
10
8
10
14
15
11
14
8
25
9
13
15
8
14
19
12
14
7
15
12
15
12
13
11
13
19
12
4
15
11
17
16
4
13
10
7
14
9
9
19
15
9
11
14
14
13
10
15
14
7
13
19
9
7
13
7
14
12
12
13
18
15
9
11
16
17
12
12
13
12
13
11
5
15
12
8
10
15
11
12
13
19
20
12
18
14
17
10
13
10
15
18
14
15
11
7
21
12
14
16
8
15
10
13
10
12
13
15
11
23
16
11
10
15
14
15
13
16
10
10
10
17
13
10
13
10
15
13
15
20
12
17
12
8
15
11
11
15
11
19
17
16
12
7
9
12
19
17
6
16
10
16
10
15
12
15
6
11
17
10
10
11
11
12
14
8
14
13
13
9
14
13
11
12
14
11
12
15
9
10
9
18
11
11
12
16
19
9
9
20
13
11
10
11
15
11
18
13
16
10
8
5
13
11
10
19
12
9
9
15
15
17
9
18
15
18
11
10
14
6
9
4
18
15
9
11
12
15
15
14
6
11
12
10
1
8
12
9
12
8
10
16
8
16
10
16
6
14
14
23
16
9
11
12
10
16
15
10
13
18
5
14
12
8
9
8
13
11
9
9
11
10
11
12
15
11
12
7
9
13
12
17
12
23
14
16
9
6
14
14
13
10
16
8
12
13
10
13
16
15
12
11
13
14
14
17
14
14
10
12
15
15
16
10
8
12
9
10
15
12
12
19
15
17
10
11
13
10
12
13
12
13
14
12
10
9
12
13
10
8
16
9
6
12
12
14
8
14
5
14
12
11
11
13
10
9
15
15
11
8
10
11
9
9
13
11
10
17
7
9
6
9
3
7
13
13
11
3
5
11
10
12
8
11
10
11
10
7
9
8
9
9
9
20
5
11
8
13
8
5
11
9
7
11
9
10
16
14
8
17
12
11
8
5
6
8
9
3
11
11
7
13
9
15
8
11
4
9
5
10
13
13
11
10
8
6
6
12
8
6
11
7
5
19
12
10
6
11
4
6
6
9
7
12
9
9
11
10
8
9
9
5
12
11
6
14
9
9
8
10
7
6
9
5
10
8
7
6
7
7
6
6
2
8
10
10
6
10
8
4
8
8
11
7
10
8
7
8
9
6
4
11
6
7
8
7
5
5
8
9
13
8
9
3
6
7
7
7
8
10
4
9
11
7
7
8
5
6
8
7
14
7
4
10
3
8
5
6
10
6
6
10
8
7
9
9
4
8
5
6
8
9
3
4
9
2
5
9
6
4
13
5
8
3
11
11
6
1
11
11
6
5
3
6
7
5
4
4
2
4
4
10
7
7
7
8
7
2
5
7
2
6
7
5
5
3
6
6
7
3
4
2
5
6
4
9
4
8
5
0
5
4
7
5
6
7
2
4
7
7
4
11
7
6
4
9
3
3
6
3
5
6
5
5
5
5
4
3
8
4
4
3
6
7
1
3
2
3
3
4
5
4
1
11
1
5
4
2
5
2
6
7
4
5
2
6
6
5
4
3
3
7
6
2
3
3
3
4
2
7
3
2
5
3
3
3
1
3
2
3
2
3
5
3
4
1
5
1
4
2
2
5
1
1
5
3
3
6
4
2
4
2
8
0
1
6
1
3
0
4
5
3
2
7
4
2
2
3
5
2
4
7
0
2
3
1
0
1
1
5
3
3
2
4
3
6
2
1
3
1
1
2
4
2
2
2
6
2
1
6
1
2
2
6
3
2
1
2
4
1
0
1
0
1
4
2
1
1
4
1
4
2
2
5
0
3
1
4
2
2
2
0
4
3
4
1
1
7
3
1
4
1
4
3
2
3
1
1
3
0
4
1
2
0
0
1
2
4
2
3
0
1
2
1
1
0
1
1
0
4
2
1
3
2
0
0
1
0
2
1
2
0
0
0
2
0
0
2
2
0
0
1
1
2
2
1
2
3
1
2
1
1
1
2
2
2
2
1
2
1
0
2
2
0
0
2
2
1
0
0
2
1
0
1
4
2
0
1
3
2
1
2
2
0
0
0
1
1
0
1
2
1
0
1
0
1
0
1
0
0
0
2
1
1
2
2
0
1
1
1
1
1
3
1
0
0
1
2
0
1
2
2
0
2
2
1
1
0
1
0
0
1
2
0
0
1
0
0
0
0
0
1
0
2
2
0
1
0
1
1
0
1
1
1
0
1
0
1
0
1
2
0
0
0
0
1
1
0
0
0
0
1
0
0
0
2
2
2
0
0
1
1
2
0
1
0
0
2
0
0
1
2
2
1
0
0
1
0
1
0
1
0
0
0
0
2
0
0
0
0
1
2
0
0
2
1
1
0
0
2
0
0
0
0
2
0
0
0
0
1
0
0
0
2
0
0
1
0
1
2
1
0
0
0
1
0
0
1
0
0
0
2
0
0
1
0
1
1
0
0
0
1
0
0
0
1
1
0
1
0
0
0
0
0
0
0
0
1
0
1
0
0
2
0
1
3
1
1
0
2
0
0
1
0
0
1
0
1
0
0
0
0
1
1
1
0
0
0
0
0
1
0
1
0
0
0
0
2
0
0
0
0
0
0
0
0
1
0
1
1
1
0
0
0
1
1
2
1
0
0
0
0
1
0
1
1
0
0
1
1
0
0
0
1
1
2
1
0
0
0
0
0
2
0
0
0
1
1
0
0
0
1
1
0
0
0
0
0
0
0
0
1
0
1
1
0
1
0
0
0
0
2
0
0
0
2
0
0
0
0
0
3
1
0
0
1
1
2
2
1
0
0
1
0
1
0
0
1
0
0
2
0
0
1
0
0
1
2
0
0
1
0
0
0
0
0
0
0
1
0
0
0
0
2
1
0
1
1
0
0
1
0
0
0
0
0
0
0
0
0
1
0
0
0
0
2
3
0
0
1
1
0
0
0
0
1
1
0
0
1
0
0
0
0
1
0
0
0
0
0
2
0
0
1
0
0
1
0
0
1
0
0
1
0
0
0
0
0
0
0
0
0
2
0
0
0
1
0
0
0
0
0
0
0
0
0
0
0
0
1
1
0
0
0
2
0
0
0
0
0
0
0
0
0
2
0
0
0
0
0
1
1
0
0
0
0
1
0
1
0
0
1
0
0
0
0
0
0
0
1
0
0
0
0
0
0
0
1
0
0
0
0
0
1
0
0
0
0
0
1
0
0
0
0
0
0
0
0
2
1
0
1
0
0
0
0
0
1
1
0
0
1
0
0
0
0
1
0
0
1
0
0
1
0
1
0
0
1
1
0
0
0
1
0
1
0
0
1
0
0
0
1
0
1
1
1
1
0
0
1
1
0
0
0
0
0
0
0
0
1
2
1
1
0
0
1
1
1
0
0
0
0
0
0
0
0
0
0
0
0
0
0
0
0
0
0
0
0
1
0
0
0
0
0
0
0
0
1
1
0
0
0
0
0
1
0
0
0
0
0
1
0
0
2
0
0
1
0
0
0
0
0
0
0
0
0
0
0
0
0
0
1
1
0
0
0
0
0
0
0
0
0
1
1
0
0
1
0
0
0
1
0
0
0
0
0
1
0
0
0
1
0
0
0
1
1
0
0
0
0
0
0
0
0
1
1
0
0
0
1
0
0
0
0
0
0
1
0
0
0
0
0
1
0
0
0
0
1
0
1
0
0
0
0
0
0
0
0
1
1
1
0
0
0
1
0
0
0
0
0
0
0
0
0
0
0
0
0
1
2
0
0
1
0
0
2
0
0
0
0
0
0
0
0
1
0
0
0
0
0
0
0
0
0
2
0
0
0
0
0
0
0
0
0
0
0
0
0
0
0
0
0
0
0
0
1
0
0
0
0
0
0
0
0
0
0
0
1
0
1
1
1
0
0
1
0
0
1
1
1
0
0
1
0
0
0
0
0
0
1
0
0
1
0
0
0
1
0
0
0
0
1
0
0
0
0
2
1
1
0
0
0
2
1
1
1
0
0
0
0
0
0
0
0
0
0
0
0
0
1
0
0
0
0
0
0
0
0
0
1
1
0
0
0
0
1
0
0
0
1
0
2
1
0
1
0
0
0
0
0
0
0
1
0
1
0
1
0
0
1
0
0
1
0
1
0
0
1
0
1
1
0
0
1
0
0
0
0
0
0
0
0
0
0
0
0
0
0
0
0
0
0
0
0
0
0
0
0
0
0
0
0
0
0
0
1
1
0
0
0
0
0
0
1
0
0
0
0
0
0
0
0
0
0
0
0
0
0
0
0
0
1
0
2
0
0
0
0
0
0
0
0
0
0
0
0
2
0
0
0
0
0
0
0
0
0
0
0
0
0
1
0
0
0
1
0
0
1
0
0
1
0
0
0
1
0
1
0
0
0
0
0
0
0
0
1
0
0
0
0
0
0
0
1
1
0
0
0
0
0
0
1
0
0
1
0
0
0
1
0
0
0
0
0
0
1
0
2
0
0
0
0
0
0
0
0
0
0
0
0
0
0
0
0
0
0
0
0
1
0
0
0
0
0
0
1
0
1
0
0
0
0
0
0
0
2
0
0
0
0
0
0
0
0
0
0
0
0
0
0
1
0
0
0
1
0
0
0
0
0
0
0
0
0
0
0
0
0
0
0
1
0
1
0
0
0
0
0
0
0
0
0
0
0
0
0
0
0
0
0
0
0
0
0
0
0
0
0
0
0
0
0
0
0
0
0
1
0
1
0
0
0
1
1
0
0
0
0
0
0
0
0
0
0
0
0
0
0
0
0
0
0
0
0
0
1
0
0
0
0
1
1
0
0
0
1
0
0
0
0
1
0
0
0
1
0
0
0
0
0
0
1
0
0
0
0
1
0
0
0
0
0
0
0
0
0
0
0
0
0
0
0
0
0
0
0
0
0
0
1
0
0
0
0
0
0
1
1
0
0
0
0
1
0
0
0
0
0
0
0
0
1
0
0
1
0
0
0
0
0
1
0
0
0
0
0
0
0
0
0
0
2
0
0
0
0
1
0
0
0
1
0
0
0
0
0
0
0
1
0
1
0
0
0
0
0
0
0
0
0
0
0
0
0
0
0
0
0
2
0
0
0
0
1
0
0
0
0
0
0
0
0
0
0
0
0
0
0
0
0
0
0
1
0
0
0
0
0
0
0
0
0
0
0
0
0
0
0
0
0
0
0
0
0
0
0
0
0
1
0
1
0
0
0
0
0
0
1
0
0
1
1
0
0
1
0
0
0
0
0
1
0
0
0
0
0
0
0
0
0
0
0
1
0
0
0
0
0
0
0
0
0
0
0
0
0
0
0
0
0
0
0
0
0
0
0
0
0
1
0
0
0
0
0
0
0
0
0
0
0
0
0
0
0
0
0
0
0
0
0
0
0
0
0
0
0
0
0
0
0
0
0
0
0
0
0
0
0
1
0
0
0
0
0
0
0
0
1
0
1
0
0
0
0
0
0
0
0
1
0
0
1
0
0
0
0
0
0
0
0
0
0
0
0
0
0
0
0
0
0
0
0
0
0
0
0
0
1
0
0
0
0
0
0
0
0
0
0
0
0
0
0
0
0
0
0
1
0
0
0
0
0
0
0
0
1
0
0
1
0
0
0
0
0
0
0
0
0
0
1
0
0
0
0
0
0
0
1
0
0
0
0
0
0
0
0
1
0
0
0
0
0
0
0
0
0
0
0
0
0
0
0
0
1
0
0
0
0
0
0
0
0
0
0
0
0
0
0
0
0
0
0
0
0
0
0
0
0
0
0
0
0
0
0
0
0
0
0
0
0
0
0
0
0
1
0
0
0
0
0
0
0
0
0
0
0
0
0
0
0
0
0
1
1
0
0
0
0
0
0
0
0
1
0
0
0
0
0
0
0
1
0
0
1
0
0
0
0
0
0
0
0
0
0
0
0
0
0
1
0
0
0
0
1
0
0
0
0
0
1
0
0
0
0
0
0
0
0
0
0
0
0
0
0
0
0
0
0
0
0
0
0
0
0
1
0
0
0
0
0
0
0
0
0
0
0
0
0
0
0
0
0
0
0
0
0
0
0
0
0
0
0
0
0
0
0
0
0
0
0
0
0
0
0
0
0
0
0
0
0
0
0
0
0
0
0
0
0
0
0
0
0
0
0
0
1
0
0
0
0
0
0
0
0
0
0
0
0
0
0
0
1
0
0
0
0
0
0
0
0
0
0
0
0
0
0
0
0
0
0
0
0
0
0
0
0
0
1
0
0
0
0
0
0
0
0
0
0
0
0
0
0
0
0
0
0
0
0
0
0
0
0
0
0
0
0
0
0
0
0
0
0
0
1
0
0
0
0
0
0
0
0
0
0
0
0
0
0
0
0
0
0
0
0
0
0
0
0
0
0
0
0
0
0
0
0
0
0
0
0
1
0
0
0
1
0
0
0
0
0
0
0
0
0
0
0
0
0
1
0
0
0
0
0
0
0
0
0
1
0
0
0
0
1
0
0
0
0
0
0
0
1
0
0
1
0
0
0
0
0
0
0
0
0
0
0
0
0
0
1
0
0
0
0
0
0
0
0
0
0
0
0
0
0
0
0
0
0
0
0
0
0
0
0
0
0
0
0
0
0
0
0
0
0
0
0
0
0
0
0
0
0
0
0
0
0
0
0
0
0
0
0
0
0
0
0
0
1
1
0
0
0
0
0
0
1
0
0
0
0
0
1
0
0
0
0
1
0
0
0
1
0
0
0
0
0
0
0
0
0
0
0
0
0
0
0
0
0
0
0
0
0
0
0
0
0
0
0
0
0
0
0
0
0
0
0
0
0
0
0
0
0
0
0
0
0
0
0
0
0
0
0
0
0
0
0
0
0
0
0
0
0
0
0
0
0
0
0
0
0
0
0
0
0
0
0
0
0
0
0
0
0
0
0
0
0
0
0
0
0
0
0
0
0
0
0
0
0
0
0
0
0
0
0
0
0
0
0
0
0
0
0
0
0
0
0
0
0
0
0
0
0
0
0
0
0
0
0
0
0
0
0
0
0
0
0
0
0
0
0
0
0
1
0
0
0
0
0
0
0
0
0
0
0
0
1
0
0
0
0
0
0
0
0
0
0
0
0
0
0
0
0
2
0
0
0
0
0
1
0
0
0
0
0
0
0
0
0
0
0
0
0
0
0
0
0
0
0
0
0
0
0
0
0
0
0
0
0
0
0
0
0
0
0
0
0
0
0
0
0
0
0
0
0
0
0
0
0
0
0
0
0
0
0
0
0
0
0
0
0
0
0
1
0
0
0
0
0
0
0
0
0
0
0
0
1
0
0
0
0
0
0
0
0
0
0
0
0
0
0
0
0
0
0
0
0
0
0
0
0
0
0
0
0
0
0
0
0
0
0
0
1
0
0
0
0
1
0
0
1
0
0
0
0
0
0
0
0
0
0
0
0
0
0
0
0
0
0
1
0
0
0
0
0
0
0
0
0
0
0
0
0
1
0
0
0
0
0
0
0
0
0
0
0
0
0
0
0
0
0
0
0
0
0
0
0
0
0
0
0
0
0
0
0
0
0
0
0
0
0
0
0
0
0
0
0
0
0
0
0
0
0
0
0
0
0
0
0
0
0
0
0
0
0
0
0
0
0
0
0
0
0
0
0
0
0
0
0
0
0
0
0
0
1
0
0
0
0
0
0
0
0
0
0
0
0
0
0
0
0
0
0
1
0
0
0
0
0
0
0
0
0
0
0
0
0
0
0
0
0
0
0
0
0
0
0
0
1
0
0
0
0
0
0
0
0
0
0
0
0
0
0
0
0
0
0
0
0
0
0
0
0
0
0
0
0
0
0
0
0
0
0
0
0
0
0
0
0
0
0
0
0
0
0
0
0
0
0
0
0
0
0
0
0
0
0
0
0
0
0
0
0
0
0
0
0
0
0
0
0
0
0
0
0
0
0
0
0
0
0
0
0
0
0
0
0
0
0
0
0
0
0
0
0
0
0
0
0
0
0
0
0
0
0
0
1
0
0
0
0
0
0
0
0
0
0
0
0
0
0
0
0
0
0
0
0
0
1
0
0
0
0
0
0
0
0
0
0
0
0
0
0
0
0
0
0
0
0
0
0
0
0
0
0
0
0
0
0
0
0
0
0
0
0
0
0
0
0
0
0
0
0
0
0
0
0
0
0
0
0
0
0
0
0
0
0
0
0
0
0
0
0
0
0
0
0
0
0
0
0
0
0
0
0
0
0
0
0
0
0
0
0
0
0
0
0
0
0
0
0
0
0
0
0
0
0
0
0
0
0
0
0
0
0
0
0
0
0
0
0
0
0
0
0
0
0
0
0
0
0
0
0
0
0
0
0
0
0
0
0
0
0
0
0
0
0
0
0
0
0
0
0
0
0
0
0
0
0
0
0
0
0
0
0
0
0
0
0
0
0
0
0
0
0
0
0
0
0
0
0
0
0
0
0
0
0
1
0
0
0
0
0
0
0
0
0
0
0
0
0
0
0
0
0
0
0
0
0
0
0
0
0
0
0
0
0
0
0
0
0
0
0
0
0
0
0
0
0
0
0
0
0
0
0
0
0
0
0
0
0
1
0
0
0
0
0
1
0
0
0
0
0
0
0
0
0
0
0
0
0
0
0
0
0
0
0
0
0
0
0
0
0
0
0
0
0
0
0
0
0
0
0
0
0
0
0
0
0
0
0
0
0
0
0
0
0
0
0
0
0
0
0
0
0
0
0
0
0
0
0
0
0
0
0
0
0
0
0
0
0
0
0
0
0
0
0
0
0
0
0
0
0
0
0
0
0
0
0
0
0
0
0
0
0
0
0
0
0
0
0
0
0
0
0
0
0
0
0
0
0
0
0
0
0
0
0
0
0
0
0
0
0
0
0
0
0
0
0
0
0
0
0
0
0
0
0
0
0
0
0
0
0
0
0
0
0
0
0
0
0
0
0
0
0
0
0
0
0
0
0
0
0
0
0
0
0
0
0
0
0
0
0
0
0
0
0
0
0
0
0
0
0
0
0
0
0
0
0
0
0
0
0
0
0
0
0
0
0
0
0
0
0
0
0
0
0
1
0
0
0
0
0
0
0
0
0
0
0
0
0
0
0
0
0
0
0
0
0
0
0
0
0
0
0
0
0
0
0
0
0
0
0
0
0
0
0
0
0
1
0
0
0
0
0
1
0
0
0
0
0
0
0
0
0
0
0
0
0
0
0
0
0
0
0
0
0
0
0
0
0
0
0
1
0
0
0
0
0
0
0
0
0
0
0
0
0
1
0
0
0
0
0
0
0
0
0
0
0
0
0
1
0
0
0
1
0
0
0
0
1
0
0
0
0
0
0
0
1
0
0
0
0
0
0
0
0
0
0
0
0
0
1
0
0
0
0
0
1
0
0
0
0
0
0
1
0
0
0
0
0
0
0
0
0
0
0
0
0
0
0
0
0
0
0
0
0
0
0
0
0
0
0
0
0
0
0
0
0
0
0
0
0
0
0
0
0
0
0
0
0
0
0
0
0
0
0
0
0
0
0
0
0
0
0
0
0
0
0
0
0
0
0
0
0
0
0
0
0
0
0
0
0
0
0
0
0
0
0
0
0
0
0
0
0
0
0
0
0
0
0
0
0
0
0
0
0
0
0
0
0
0
0
0
0
0
0
0
0
0
0
0
0
0
0
0
0
0
0
0
0
0
0
0
0
0
0
0
0
0
0
0
0
0
0
0
0
0
0
0
0
0
0
0
0
0
0
0
0
0
0
0
0
0
0
0
0
0
0
0
0
0
0
0
1
0
1
0
0
1
0
0
1
0
0
0
0
0
0
0
0
0
0
0
0
0
0
0
0
0
0
0
0
0
0
0
0
0
0
0
0
0
0
0
0
0
0
0
0
0
0
0
0
0
0
0
0
0
0
0
0
0
0
0
0
0
0
0
0
0
0
0
0
0
0
0
0
0
0
0
0
0
0
0
0
0
0
0
0
0
0
0
0
0
0
0
0
0
0
0
0
0
0
0
0
0
0
0
0
0
0
0
0
0
0
0
0
0
0
0
0
0
0
0
0
0
0
0
0
0
0
0
0
0
0
0
0
0
0
0
0
0
0
0
0
0
0
0
0
0
0
0
0
0
0
0
0
0
0
0
0
0
0
0
0
0
0
0
0
0
0
0
0
1
0
0
0
0
0
0
0
0
0
0
0
0
0
0
0
0
0
0
0
0
0
0
0
0
0
0
0
0
0
0
0
0
0
0
0
0
0
0
0
0
0
0
0
0
0
0
0
0
0
0
0
0
0
0
0
0
0
0
0
0
0
0
0
0
0
0
0
0
0
0
0
0
0
0
0
0
0
0
0
0
0
0
0
0
0
0
0
0
0
0
0
0
0
0
0
0
0
0
0
0
0
0
0
0
0
0
0
0
0
0
0
0
0
0
0
0
0
0
0
0
0
0
0
0
0
0
0
0
0
0
0
0
0
0
0
0
0
0
0
0
0
0
0
0
0
0
0
0
0
0
0
0
0
0
0
0
0
0
0
0
0
0
0
0
0
0
0
0
0
0
0
0
0
0
0
0
0
0
0
0
0
0
0
0
0
0
0
0
0
0
0
0
0
0
0
0
0
0
0
0
0
0
0
0
0
0
0
0
0
0
0
0
0
0
0
0
0
0
0
0
0
0
0
0
0
0
0
0
0
0
0
0
0
0
0
0
0
0
0
0
0
0
0
0
0
0
0
0
0
0
0
0
0
0
0
0
0
0
0
0
0
0
0
0
0
0
0
0
0
0
0
0
0
0
0
0
0
0
0
0
0
0
0
0
0
0
0
0
0
0
0
0
0
0
0
0
0
0
0
0
0
0
0
0
0
0
0
0
0
0
0
0
0
0
0
0
0
0
0
0
0
0
0
0
0
0
0
0
0
0
0
0
0
0
0
0
0
0
0
0
0
0
0
0
0
0
0
0