0
0
0
0
0
0
0
0
0
0
0
0
0
0
0
0
0
0
0
0
0
0
0
0
0
0
0
0
0
0
0
0
0
0
0
0
0
0
0
0
0
0
0
0
0
0
0
0
0
0
0
0
0
0
0
0
0
0
0
0
0
0
0
0
0
0
0
0
0
0
0
0
0
0
0
0
0
0
0
0
0
0
0
0
0
0
0
0
0
0
0
0
0
0
0
0
0
0
0
0
0
0
0
0
0
0
0
0
0
0
0
0
0
0
0
0
0
0
0
0
0
0
0
0
0
0
0
0
0
0
0
0
0
0
0
0
0
0
0
0
0
0
0
0
0
0
0
0
0
0
0
0
0
0
0
0
0
0
0
0
0
0
0
0
0
0
0
0
0
0
0
0
0
0
0
0
0
0
0
0
0
0
0
0
0
0
0
0
0
0
0
0
0
0
0
0
0
0
0
0
0
0
0
0
0
0
0
0
0
0
0
0
0
0
0
0
0
0
0
0
0
0
0
0
0
0
0
0
0
0
0
0
0
0
0
0
0
0
0
0
0
0
0
0
0
0
0
0
0
0
0
0
0
0
0
0
0
0
0
0
0
0
0
0
0
0
0
0
0
0
0
0
0
0
0
0
0
0
0
0
0
0
0
0
0
0
0
0
0
0
0
0
0
0
0
0
0
0
0
0
0
0
0
0
0
0
0
0
0
0
0
0
0
0
0
0
0
0
0
0
0
0
0
0
0
0
0
0
0
0
0
0
0
0
0
0
0
0
0
0
0
0
0
0
0
0
0
0
0
0
0
0
0
0
0
0
0
0
0
0
0
0
0
0
0
0
0
0
0
0
0
0
0
0
0
0
0
0
0
0
0
0
0
0
0
0
0
0
0
0
0
0
0
0
0
0
0
0
0
0
0
0
0
0
0
0
0
0
0
0
0
0
0
0
0
0
0
0
0
0
0
0
0
0
0
0
0
0
0
0
0
0
0
0
0
0
0
0
0
0
0
0
0
0
0
0
0
0
0
0
0
0
0
0
0
0
0
0
0
0
0
0
0
0
0
0
0
0
0
0
0
0
0
0
0
0
0
0
0
0
0
0
0
0
0
0
0
0
0
0
0
0
0
0
0
0
0
0
0
0
0
0
0
0
0
0
0
0
0
0
0
0
0
0
0
0
0
0
0
0
0
0
0
0
0
0
0
0
0
0
0
0
0
0
0
0
0
0
0
0
0
0
0
0
0
0
0
0
0
0
0
0
0
0
0
0
0
0
0
0
0
0
0
0
0
0
0
0
0
0
0
0
0
0
0
0
0
0
0
0
0
0
0
0
0
0
0
0
0
0
0
0
0
0
0
0
0
0
0
0
0
0
0
0
0
0
0
0
0
0
0
0
0
0
0
0
0
0
0
0
0
0
0
0
0
0
0
0
0
0
0
0
0
0
0
0
0
0
0
0
0
0
0
0
0
0
0
0
0
0
0
0
0
0
0
0
0
0
0
0
0
0
0
0
0
0
0
0
0
0
0
0
0
0
0
0
0
0
0
0
0
0
0
0
0
0
0
0
0
0
0
0
0
0
0
0
0
0
0
1
4
1315
1980
2652
3290
3571
3873
3929
4001
4096
4073
4038
4081
3920
4029
3991
4080
3889
3966
3926
3989
3782
3858
3859
3941
3964
3899
3919
3826
3894
3882
3896
3853
3924
3829
3891
3826
3746
3817
3784
3736
3791
3697
3730
3686
3595
3630
3541
3603
3674
3351
3491
3449
3413
3582
3502
3507
3466
3381
3379
3364
3289
3251
3354
3226
3217
3187
3132
3234
3211
3169
3149
3085
3132
3062
3010
3009
2900
2951
2949
2945
2953
2896
2869
2935
2875
2826
2868
2792
2847
2642
2743
2805
2802
2662
2671
2774
2683
2731
2606
2683
2592
2558
2542
2498
2531
2513
2537
2469
2422
2416
2354
2396
2386
2369
2432
2304
2336
2264
2305
2363
2304
2324
2215
2289
2233
2240
2313
2216
2220
2188
2158
2144
2145
2151
2129
2218
2163
2072
2062
2134
2041
2009
2117
2027
2099
2078
2000
1959
1963
1928
1997
1968
1913
1891
1980
1916
1837
1929
1988
1898
2045
1892
1917
1905
1922
1908
1867
1887
1946
1788
1834
1896
1879
1937
1899
1846
1807
1869
1899
1842
1882
1875
1835
1871
1904
1908
1767
1775
1871
1847
1806
1914
1775
1799
1800
1909
1844
1826
1798
1778
1831
1740
1722
1783
1809
1817
1838
1790
1813
1832
1800
1741
1863
1856
1784
1755
1888
1817
1694
1817
1869
1908
1931
1820
1804
1868
1822
1832
1843
1886
1937
1835
1933
1936
1876
1901
1966
1908
1944
1921
1938
1907
1899
1996
2021
1950
1922
1914
1939
1937
1944
1994
1979
1940
1956
2041
1995
2076
2068
2182
2129
2043
2169
2087
2103
2134
2082
2189
2151
2142
2133
2108
2162
2152
2255
2210
2176
2248
2205
2218
2343
2346
2340
2309
2368
2335
2447
2424
2335
2441
2404
2441
2437
2467
2527
2468
2454
2441
2514
2579
2576
2502
2639
2618
2711
2708
2647
2635
2683
2630
2694
2721
2717
2773
2686
2783
2830
2904
2916
2956
2849
2960
2917
3057
3035
2998
3119
2970
2990
3041
3077
3131
3136
3203
3151
3220
3198
3283
3216
3328
3362
3323
3404
3365
3518
3378
3493
3479
3513
3533
3490
3581
3636
3794
3687
3695
3756
3762
3865
3811
3831
3832
3855
3798
3977
4019
3990
4033
4020
4054
4145
4102
4215
4169
4237
4302
4163
4375
4333
4377
4285
4457
4432
4519
4460
4594
4559
4607
4711
4681
4735
4701
4658
4832
4784
4748
4846
4714
4898
4847
4862
5029
5077
5046
4951
5040
4987
5015
5186
5089
5186
5266
5298
5402
5275
5368
5357
5477
5574
5499
5628
5477
5567
5663
5734
5638
5734
5636
5749
5963
5922
5945
5934
6076
6194
6085
6195
6076
6125
6166
6233
6171
6303
6196
6270
6338
6337
6330
6331
6430
6462
6460
6505
6549
6550
6618
6775
6644
6749
6629
6870
6755
6679
6716
6907
6950
6966
6935
7106
6978
7047
7088
7110
6902
7248
7150
7306
7293
7318
7138
7298
7241
7320
7182
7241
7455
7306
7560
7558
7604
7693
7644
7608
7613
7637
7739
7650
7721
7682
7622
7814
7767
7780
7726
8012
7738
7856
8076
7936
7852
8076
7977
7914
8069
8010
7908
7945
8047
8117
8092
8017
8321
8051
8276
8250
8149
8299
8234
8330
8336
8295
8259
8360
8272
8335
8328
8229
8505
8313
8417
8388
8435
8403
8384
8417
8531
8483
8471
8383
8458
8464
8517
8454
8495
8588
8564
8634
8413
8544
8566
8665
8618
8648
8546
8350
8459
8610
8562
8480
8360
8575
8370
8424
8379
8382
8503
8329
8619
8523
8302
8383
8385
8343
8332
8252
8354
8508
8246
8304
8256
8276
8258
8252
8199
8226
8280
8116
8366
8262
8139
8105
8006
8156
8098
8119
8059
7881
7911
7990
7961
7713
7872
7953
7847
7677
7765
7912
7540
7709
7713
7560
7640
7687
7568
7633
7400
7572
7603
7491
7299
7323
7358
7283
7135
7259
7159
7172
6979
7104
7074
7048
7085
6984
7012
6749
6819
6898
6747
6817
6794
6625
6761
6609
6713
6526
6483
6349
6397
6252
6389
6387
6168
6183
6171
6292
6140
5973
6025
5961
5998
5921
5838
5765
5727
5784
5611
5700
5845
5488
5518
5519
5406
5430
5296
5325
5187
5256
5157
5170
5087
5001
5017
5000
4872
4834
4722
4558
4694
4611
4538
4583
4469
4574
4363
4474
4472
4325
4350
4341
4215
4313
4116
4068
4094
4053
3960
3983
3938
3840
3837
3684
3725
3689
3674
3603
3558
3654
3539
3518
3375
3372
3331
3310
3294
3317
3214
3190
3162
3034
3100
3037
3007
3046
2957
2822
2905
2876
2826
2801
2703
2769
2702
2543
2535
2571
2572
2393
2525
2483
2421
2359
2389
2444
2304
2203
2189
2145
2200
2100
2159
2132
2072
2052
2012
2012
1919
1948
1925
1909
1830
1776
1860
1807
1763
1802
1693
1702
1689
1646
1631
1668
1583
1534
1576
1519
1420
1465
1394
1424
1410
1460
1393
1290
1319
1311
1290
1199
1236
1214
1261
1209
1210
1184
1178
1088
1135
1059
1163
1070
1077
992
1070
1055
1018
969
974
961
918
942
886
959
937
880
906
862
863
863
829
823
789
810
804
766
803
769
738
686
736
722
716
723
653
680
665
646
664
630
661
587
547
602
605
559
525
563
561
563
540
532
470
491
491
428
511
448
471
452
426
421
440
449
422
442
403
398
377
357
378
375
379
356
357
342
361
347
335
338
300
316
331
305
303
328
332
306
282
284
290
292
289
257
280
279
248
262
249
250
224
269
232
242
233
207
246
222
221
201
201
202
215
207
229
220
211
204
208
205
179
204
205
195
185
185
197
168
166
179
199
171
155
155
155
140
161
156
153
143
141
154
145
158
125
165
145
151
159
145
163
160
131
139
144
133
147
135
128
135
116
129
127
131
126
103
120
134
119
111
113
110
125
131
122
115
110
107
104
104
103
103
94
85
114
107
105
108
92
118
101
109
108
111
92
96
94
91
85
100
76
106
111
116
106
96
78
100
96
91
88
99
83
84
93
93
81
76
90
81
80
80
96
90
69
71
75
85
80
95
92
92
90
81
81
87
82
82
87
74
79
87
76
94
81
85
92
73
73
69
64
78
87
68
87
77
70
75
77
58
67
67
80
58
61
54
76
68
59
54
76
58
68
60
71
79
69
62
75
47
67
58
76
62
50
56
64
52
74
61
60
60
68
71
67
65
62
65
74
77
70
61
60
59
61
70
65
62
73
66
62
61
61
45
52
64
71
60
48
55
46
57
67
63
49
44
67
56
49
55
59
46
61
50
56
51
51
45
47
70
61
52
56
50
54
41
49
57
53
64
45
40
53
49
72
64
44
49
55
60
41
47
48
39
50
62
48
44
51
45
41
64
46
48
47
45
41
31
50
49
46
51
44
56
43
50
48
48
43
50
57
65
53
53
57
32
42
52
49
29
46
47
47
51
41
44
55
51
48
44
52
43
39
44
46
64
46
53
45
46
41
44
43
43
45
41
53
56
32
44
40
45
55
36
47
34
38
44
43
52
32
37
44
49
36
56
57
41
41
42
39
33
41
41
53
51
50
47
46
33
36
47
43
39
43
41
48
40
44
29
42
30
39
32
32
33
35
34
37
32
34
30
35
33
30
33
42
28
44
50
45
35
33
40
41
36
29
38
35
31
36
25
36
33
43
39
30
50
29
34
35
35
37
28
32
30
35
44
33
30
39
25
31
31
25
45
32
33
34
30
25
26
27
27
40
32
32
42
41
33
29
26
32
35
22
37
31
35
36
34
32
26
33
32
38
29
28
29
28
32
34
29
22
31
32
36
28
26
36
35
23
25
35
18
29
23
35
23
20
31
32
31
30
34
28
28
23
23
23
23
24
28
34
31
18
26
25
30
37
27
22
21
28
32
29
34
21
33
20
35
32
25
30
39
28
26
28
35
26
34
28
32
25
26
32
19
24
28
36
37
37
38
32
26
25
23
29
30
20
26
32
27
18
19
24
34
24
28
27
18
25
22
17
25
30
25
27
21
31
23
30
18
25
39
29
32
19
21
24
28
28
28
28
29
25
25
19
27
27
31
18
26
31
24
27
32
30
26
37
24
24
32
24
27
23
13
25
23
27
18
29
35
31
29
26
25
28
27
30
24
27
24
22
19
33
22
25
28
23
16
27
22
21
20
28
18
27
30
26
26
18
21
34
26
16
16
26
21
29
11
12
25
24
22
27
25
26
26
26
25
29
21
26
24
21
26
19
23
32
32
28
23
30
28
18
20
30
23
25
13
25
20
26
34
15
21
23
28
21
20
17
24
17
30
17
15
18
25
21
34
17
31
31
33
25
26
22
26
27
20
25
25
21
30
17
26
28
27
20
20
18
29
31
32
24
24
31
27
25
26
16
16
30
26
18
22
25
24
22
22
26
19
21
26
18
23
29
21
26
25
26
23
23
15
20
25
26
18
29
21
27
32
25
24
23
29
21
16
20
23
27
20
25
35
17
13
19
16
18
17
29
21
24
20
33
31
23
26
28
21
29
18
21
24
24
16
23
28
20
18
25
10
20
13
24
27
30
21
24
20
19
21
23
14
15
19
18
17
25
15
26
20
24
24
25
22
18
20
22
15
19
31
25
22
18
24
28
16
20
20
23
22
22
21
15
20
32
20
13
21
17
22
15
16
11
16
26
15
23
14
19
18
15
17
19
22
23
24
16
21
13
24
20
11
14
22
27
17
13
24
26
15
15
26
19
16
25
15
16
27
9
20
19
15
8
8
7
18
19
17
10
9
9
14
13
13
14
15
12
9
13
16
17
15
18
13
10
20
18
19
21
19
12
18
14
11
13
16
16
13
9
16
16
14
12
14
13
9
9
13
12
13
15
14
12
24
17
15
16
11
14
14
14
10
9
14
18
19
15
9
8
17
10
14
18
19
14
10
7
13
12
16
12
14
12
13
11
11
14
11
16
18
12
10
7
9
5
6
10
9
8
13
9
12
8
12
11
10
11
8
9
7
10
8
8
3
7
6
8
11
9
8
12
10
6
4
12
10
14
11
9
6
9
8
7
11
11
9
12
10
5
5
3
10
8
8
5
5
6
7
8
5
10
12
6
6
11
6
7
5
6
6
12
5
7
6
8
8
8
6
6
9
9
10
6
5
5
8
2
4
7
6
10
6
8
3
4
5
5
4
3
3
0
3
0
8
7
5
3
9
5
1
2
5
4
5
2
7
3
4
6
3
4
0
5
6
5
10
2
3
6
4
2
6
4
4
1
2
3
13
3
1
3
4
4
2
3
6
4
5
4
3
3
1
3
2
3
2
1
2
3
3
2
4
2
1
1
0
4
2
7
4
2
2
3
3
1
3
2
1
3
2
2
2
4
1
1
5
5
2
2
0
0
1
4
2
1
1
4
0
0
1
2
0
0
6
3
3
3
3
2
3
1
2
1
2
4
3
1
2
2
1
4
2
4
2
1
4
0
4
2
1
1
0
0
3
0
1
2
1
2
3
1
1
1
2
0
1
2
0
1
0
0
1
1
0
2
0
2
1
0
1
1
0
3
1
0
0
1
0
0
3
0
0
2
2
1
1
1
2
1
1
1
1
1
0
0
2
1
0
0
3
0
0
1
1
2
0
1
2
1
1
0
0
1
1
2
0
0
0
0
2
2
0
1
0
0
1
4
1
2
0
1
1
2
1
2
0
0
1
1
1
1
0
2
1
0
1
0
0
2
1
1
0
0
3
4
1
2
0
0
0
1
1
1
0
1
0
1
0
0
2
2
0
1
0
0
0
0
2
0
2
0
0
2
1
0
0
0
0
0
1
0
0
3
0
2
0
0
1
0
0
0
1
3
0
0
0
2
0
1
0
1
0
0
0
0
0
0
0
0
1
0
0
0
2
1
0
1
0
0
0
2
0
0
1
1
1
0
1
0
0
1
0
0
1
1
1
0
1
0
0
1
2
0
0
1
0
1
0
0
0
0
1
0
0
1
0
0
0
0
1
0
0
0
2
2
0
0
0
0
0
0
0
1
0
1
0
0
0
0
0
1
0
0
0
0
0
1
0
0
2
2
1
0
0
1
1
0
0
2
0
0
0
1
0
1
0
0
1
0
0
0
1
0
0
0
0
1
0
0
1
0
1
0
0
0
0
0
2
0
1
0
0
0
0
1
0
0
0
1
0
1
1
0
0
1
1
0
0
0
0
0
1
1
0
2
2
1
0
2
1
1
1
0
0
2
0
1
1
0
0
0
1
0
0
0
1
0
0
0
0
0
0
0
0
0
0
0
1
1
0
0
0
0
1
0
0
0
0
0
0
2
0
0
0
0
0
0
0
1
0
1
1
1
2
0
0
0
0
1
1
0
0
0
1
0
1
0
1
1
0
2
0
0
0
0
1
0
0
0
0
0
0
0
0
2
0
0
1
1
0
0
0
0
0
0
1
3
4
0
0
0
0
0
0
1
0
1
0
0
1
0
2
0
0
0
1
1
0
3
0
0
0
0
0
0
0
0
0
0
0
0
0
1
0
0
0
0
0
0
0
0
0
1
1
0
0
0
0
0
1
0
0
1
0
0
0
0
1
0
0
0
0
0
1
0
0
0
0
0
0
0
0
1
2
0
0
0
0
0
0
0
0
0
0
0
0
1
1
0
0
1
0
0
1
0
0
0
0
2
1
0
0
0
1
1
0
0
0
1
0
0
0
1
0
0
2
1
2
0
1
0
0
2
0
0
0
2
0
0
1
0
0
0
0
0
0
0
0
1
0
0
1
0
0
0
1
0
1
0
1
1
0
0
0
0
0
1
0
1
0
1
1
0
0
0
0
0
0
0
0
0
0
0
0
1
0
0
0
0
1
0
0
0
0
0
0
0
0
0
0
0
1
0
0
1
1
1
0
0
0
0
0
0
0
0
0
0
0
0
0
1
0
0
0
0
0
1
0
0
0
0
1
0
0
0
1
0
0
0
0
0
0
0
0
0
1
1
0
0
0
1
1
1
0
0
0
2
0
0
0
0
1
1
1
0
0
0
0
1
0
0
0
1
0
0
0
0
1
0
0
0
0
1
1
1
0
1
0
0
1
0
0
0
0
0
1
0
0
0
0
0
1
1
0
1
0
0
0
0
0
0
0
0
0
0
1
0
0
1
0
0
0
0
0
0
0
0
0
1
0
0
0
0
0
0
0
0
0
0
0
0
0
0
0
0
0
0
0
0
0
0
1
0
0
0
0
0
0
0
0
0
0
0
0
0
0
0
0
0
0
0
0
0
0
0
0
0
1
0
0
0
0
0
0
0
0
0
0
0
0
0
0
0
0
1
0
1
0
0
0
0
0
0
0
0
0
1
0
0
0
0
0
0
0
0
0
0
0
0
0
0
0
0
0
0
0
0
0
0
0
0
0
0
1
0
0
0
0
0
0
0
1
0
0
0
0
0
0
0
0
0
1
0
0
0
0
1
0
0
1
0
0
0
0
0
0
0
0
0
1
1
0
0
0
0
1
0
0
0
0
0
0
0
0
0
0
0
1
0
1
0
0
1
0
0
0
0
0
0
0
0
0
0
0
1
0
0
0
0
1
1
0
0
0
0
0
0
0
0
0
0
0
0
1
0
1
1
1
0
0
0
0
0
0
0
0
0
0
0
0
0
0
0
0
0
0
0
0
0
0
0
0
0
0
0
0
0
0
0
0
0
0
0
0
0
0
0
0
0
1
1
0
0
0
0
0
0
0
0
0
1
0
0
0
0
0
2
0
0
0
0
0
0
0
0
0
0
0
0
0
0
0
0
0
0
0
0
0
0
0
0
0
0
0
0
0
0
0
0
1
0
0
0
0
0
0
0
0
0
0
0
1
0
0
1
0
0
0
0
0
0
0
0
0
0
0
0
0
0
0
0
0
0
0
0
0
0
0
0
0
0
0
1
0
0
0
0
0
0
0
0
0
0
0
0
0
0
0
1
0
0
1
0
0
0
0
0
0
0
0
0
0
0
0
0
0
0
1
1
0
0
0
0
0
0
0
0
1
0
0
0
0
0
0
1
0
0
0
0
0
0
0
0
0
0
0
0
0
0
0
1
0
1
0
0
0
0
0
0
0
0
0
0
0
0
0
0
0
0
0
0
0
0
0
0
0
0
1
0
0
0
0
0
0
1
0
0
0
0
0
0
0
0
0
0
0
0
0
0
0
0
0
1
0
1
1
0
0
0
0
0
0
0
0
0
0
0
0
0
0
0
0
0
0
0
0
0
0
0
1
0
0
1
0
0
0
1
0
0
0
0
0
0
0
0
0
0
0
0
0
0
0
0
0
0
0
0
0
0
0
0
0
0
0
0
0
0
0
0
0
0
0
0
0
0
0
0
0
0
0
0
0
0
0
0
0
0
0
1
0
0
0
0
0
1
0
0
0
0
0
0
0
0
0
0
0
0
0
0
0
0
0
0
1
0
0
1
0
0
0
0
0
0
0
0
0
0
0
0
0
0
0
0
0
0
0
0
0
0
0
0
0
0
0
0
0
0
0
0
0
0
0
0
1
0
0
0
1
0
0
0
0
0
0
0
0
0
0
0
0
1
0
0
0
0
0
0
0
0
0
0
0
0
0
0
0
0
0
0
0
0
0
0
0
0
2
0
0
0
0
0
0
0
0
0
0
0
0
0
0
0
0
0
0
0
0
0
0
0
0
0
0
0
0
0
0
0
0
0
0
0
0
0
0
0
0
1
0
0
0
0
0
0
0
0
0
0
0
0
0
0
0
1
0
0
0
0
0
0
0
0
1
0
0
0
1
0
0
0
0
0
0
0
0
0
0
0
0
0
0
0
0
0
0
1
0
0
0
0
0
0
0
0
0
0
0
0
0
0
0
0
0
0
0
1
0
0
0
0
0
0
0
0
0
0
0
0
0
0
0
0
0
0
0
0
0
0
0
0
0
0
0
0
0
0
0
0
0
0
0
0
0
0
0
0
0
0
0
0
0
0
0
0
0
0
0
0
0
0
1
0
0
0
0
0
0
0
0
0
0
0
0
0
0
0
0
0
0
1
0
0
0
1
0
0
0
0
0
0
0
1
0
0
0
0
0
0
0
0
0
0
0
0
0
0
0
0
0
0
0
0
0
0
0
0
0
0
0
0
0
0
1
0
0
1
0
0
0
0
1
0
0
0
0
0
0
0
0
0
0
0
0
0
0
0
0
0
0
0
0
0
0
0
0
0
0
0
0
0
0
0
0
0
0
0
0
0
0
0
1
0
0
0
0
0
0
0
0
0
0
0
0
0
0
1
0
0
0
0
0
0
0
0
0
0
0
0
0
0
0
0
0
0
0
0
0
0
0
0
0
0
0
0
0
0
0
0
0
0
0
0
0
0
0
0
0
0
0
0
0
0
0
0
0
0
1
1
0
0
0
0
0
0
0
0
0
0
0
0
0
0
0
0
0
0
0
0
0
0
1
0
0
0
0
0
0
0
0
0
0
0
0
0
0
0
0
0
0
0
0
0
0
0
0
0
0
0
0
0
0
0
0
0
0
0
0
0
0
0
0
0
0
0
0
0
0
0
0
0
1
0
0
0
1
0
0
0
0
0
0
0
0
0
0
0
0
0
0
0
0
0
0
0
0
0
0
0
0
0
0
0
0
0
0
0
0
0
0
0
0
0
0
0
0
0
0
0
0
0
0
0
0
0
0
0
0
0
0
0
0
0
0
0
0
0
1
0
0
0
0
0
0
0
0
0
0
0
0
0
0
0
0
0
0
0
0
0
0
0
0
0
0
0
0
0
0
0
0
0
0
0
0
0
0
0
0
0
0
0
0
0
0
1
0
0
0
0
0
0
0
0
0
0
0
0
0
0
0
0
0
0
0
0
0
0
0
0
0
0
0
0
0
0
0
0
0
0
0
0
0
0
0
0
0
0
1
0
0
0
0
0
0
0
0
1
0
0
0
0
0
0
0
0
0
0
0
0
0
0
0
0
0
0
0
0
0
0
0
0
0
0
0
0
0
0
0
0
0
0
0
0
0
0
0
0
0
0
0
0
0
0
0
0
0
0
0
1
0
0
0
0
0
0
0
0
0
0
0
0
0
0
0
0
0
0
0
0
0
0
0
0
0
0
0
0
0
0
0
0
0
0
0
0
0
0
0
0
0
0
0
0
0
0
0
0
0
0
0
0
0
0
0
0
0
0
0
0
0
0
0
0
0
0
0
0
0
0
0
0
0
0
0
0
0
0
0
0
0
0
0
0
0
0
0
0
0
0
0
0
0
0
0
0
0
0
0
0
0
0
0
0
0
0
0
0
0
0
0
0
0
0
0
0
0
1
0
0
0
0
0
0
0
0
0
0
0
0
0
0
0
0
0
0
0
0
0
0
0
0
1
0
0
0
0
0
0
0
0
0
0
0
0
0
0
0
0
0
0
0
0
0
0
0
0
0
0
0
0
0
0
0
0
0
0
0
0
0
0
0
0
0
0
0
0
0
0
0
0
0
0
0
0
0
0
0
0
0
1
0
0
0
0
0
0
0
0
0
0
0
0
0
0
0
0
0
0
0
0
0
0
0
0
0
0
0
0
0
0
0
0
0
0
0
0
0
0
0
0
1
0
0
0
0
0
0
0
0
0
0
0
0
0
0
0
0
0
0
0
0
0
0
0
0
0
0
0
0
0
0
0
0
0
0
0
0
0
0
0
0
0
0
0
0
0
0
0
0
0
0
0
0
0
0
0
0
0
0
0
0
0
0
0
0
0
0
0
0
0
0
0
0
0
0
0
1
0
0
0
0
0
0
0
0
0
0
0
0
0
0
0
0
0
0
0
0
0
0
0
0
0
0
0
0
0
0
0
0
0
0
0
0
0
0
0
0
0
0
0
0
0
0
0
0
0
0
0
0
0
0
0
0
0
0
0
0
0
0
0
0
0
0
0
1
0
0
0
0
0
0
0
0
0
0
0
0
0
0
0
0
0
0
0
0
0
0
0
0
0
0
0
0
0
0
0
0
0
0
0
0
0
0
0
0
0
0
0
0
0
0
0
0
0
0
0
0
0
0
0
0
0
0
0
0
0
0
0
0
0
0
0
0
0
0
0
0
0
0
0
0
0
0
0
0
0
0
0
0
0
0
0
0
0
0
0
0
0
0
0
0
0
0
0
0
0
0
0
0
0
0
0
0
0
0
0
0
0
0
0
0
0
0
0
0
0
0
0
0
0
0
0
0
0
0
0
0
0
0
0
0
0
0
0
0
0
0
0
0
0
0
0
0
0
0
0
0
0
0
0
0
0
0
0
0
0
0
0
0
0
0
0
0
0
0
0
0
0
0
0
0
0
0
0
0
0
0
0
0
0
0
0
0
0
0
0
0
0
0
0
0
0
0
0
0
0
0
0
0
0
0
0
0
0
0
0
0
0
0
0
0
0
0
0
0
0
0
0
0
0
0
0
0
0
0
0
0
0
0
0
0
0
0
0
0
0
0
0
0
0
0
0
0
0
0
0
0
0
0
0
0
0
0
0
0
0
0
0
0
0
0
0
0
0
0
0
0
0
0
0
0
0
0
0
0
0
0
0
0
0
0
0
0
0
0
0
0
0
0
0
0
0
0
0
0
0
0
0
0
0
0
0
0
0
0
0
0
0
0
0
0
0
0
0
0
0
0
0
0
0
0
0
0
0
0
0
0
0
0
0
0
0
0
0
0
0
0
0
0
0
0
0
0
0
0
0
0
0
0
0
0
0
0
0
0
0
0
0
0
0
0
0
0
0
0
0
0
0
0
0
0
0
0
0
0
0
0
0
1
0
0
0
0
0
0
0
0
0
0
0
0
0
0
0
0
0
0
0
0
0
1
0
0
0
0
0
0
0
0
0
0
0
0
0
0
0
0
0
0
0
0
0
0
0
0
0
0
0
0
0
0
0
0
0
1
0
0
0
0
0
0
0
0
0
0
0
0
0
0
0
0
0
0
0
0
0
0
0
0
0
0
0
0
0
0
0
0
0
0
0
0
0
0
0
0
0
0
0
0
0
0
0
0
0
0
0
0
0
0
0
0
0
0
0
0
0
0
0
0
0
0
0
0
0
0
0
0
0
0
0
0
0
0
0
0
0
0
0
0
0
0
0
0
0
0
0
0
0
0
0
0
0
0
0
0
0
0
0
0
0
0
0
0
0
0
0
0
0
0
0
0
0
0
0
0
0
0
0
0
0
0
0
0
0
0
0
0
0
0
0
0
0
0
0
0
0
0
0
0
0
0
0
0
0
0
0
0
0
0
0
0
0
0
0
0
0
0
0
0
0
0
0
0
0
0
0
0
0
0
0
0
0
0
0
0
0
0
0
0
0
0
0
0
0
0
0
0
0
0
0
0
0
0
0
0
0
0
0
0
0
0
0
0
0
0
0
0
0
0
0
0
0
0
0
0
0
0
0
0
0
0
0
0
0
0
0
0
0
0
0
0
0
0
0
0
0
0
0
0
0
0
0
0
0
0
0
0
0
0
0
0
0
0
0
0
0
0
0
0
0
0
0
0
0
0
0
0
0
0
0
0
0
0
0
0
0
0
0
0
0
0
0
0
0
0
0
0
0
0
0
0
0
0
0
0
0
0
0
0
0
0
0
0
0
0
0
0
0
0
0
0
0
0
0
0
0
0
0
0
0
0
0
0
0
0
0
0
0
0
1
0
0
0
0
0
0
0
0
0
0
0
0
0
0
0
0
0
0
0
0
0
0
0
0
0
0
0
0
0
0
0
0
0
0
0
0
0
0
0
0
0
0
0
0
0
0
0
0
0
0
0
0
0
0
0
0
0
0
0
0
0
0
0
0
0
0
0
0
0
0
0
0
0
0
0
0
0
0
0
0
0
0
0
0
0
0
0
0
0
0
0
0
0
0
0
0
0
0
0
0
0
0
0
0
0
0
0
0
0
0
0
0
0
0
1
0
0
1
0
0
0
0
0
0
0
0
0
0
0
0
0
0
0
0
0
0
0
0
0
0
0
0
0
0
0
0
0
0
0
0
0
0
0
0
0
0
0
0
0
0
0
0
0
0
0
0
0
0
0
0
0
0
0
0
0
0
0
0
0
0
0
0
0
0
0
0
0
0
0
0
0
0
0
0
0
0
0
0
0
0
0
0
0
0
0
0
0
0
0
0
0
0
0
0
0
0
0
0
0
0
0
0
0
0
0
0
0
0
0
0
0
0
0
0
0
0
0
0
0
0
0
0
0
0
0
0
0
0
0
0
0
0
0
0
0
0
0
0
0
0
0
0
0
0
0
0
0
0
0
0
0
0
0
0
0
0
0
0
0
0
0
0
0
0
0
0
0
0
0
0
0
0
0
0
0
0
0
0
0
0
0
0
0
0
0
0
0
0
0
0
0
0
0
0
0
0
0
0
0
0
0
0
0
0
0
0
0
0
0
0
0
0
0
0
0
0
0
0
0
0
0
0
0
0
0
0
0
0
0
0
0
0
0
0
0
0
0
0
0
0
0
0
0
0
0
0
0
0
0
0
0
0
0
0
0
0
0
0
0
0
0
0
0
0
0
0
0
0
0
0
0
0
0
0
0
0
0
0
0
0
0
0
0
0
0
0
0
0
0
0
0
0
0
0
0
0
0
0
0
0
0
0
0
0
0
0
0
0
0
0
0
0
0
0
0
0
0
0
0
0
0
0
0
0
0
0
0
0
0
0
0
0
0
0
0
0
0
0
0
0
0
0
0
0
0
0
0
0
0
0
0
0
0
0
0
0
0
0
0
0
0
0
0
0
0
0
0
0
0
0
0
0
0
0
0
0
0
0
0
0
0
0
0
0
0
0
0
0
0
0
0
0
0
0
0
0
0
0
0
0
0
0
0
0
0
0
0
0
0
0
0
0
0
0
0
0
0
0
0
0
0
0
0
0
0
0
0
0
0
0
0
0
0
0
0
0
0
0
0
0
0
0
0
0
0
0
0
0
0
0
0
0
0
0
0
0
0
0
0
0
0
0
0
0
0
0
0
0
0
0
0
0
0
0
0
0
0
0
0
0
0
0
0
0
0
0
0
0
0
0
0
0
0
0
0
0
0
0
0
0
0
0
0
0
0
0
0
0
0
0
0
0
0
0
0
0
0
0
0
0
0
0
0
0
0
0
0
0
0
0
0
0
0
1
0
0
0
0
0
0
0
0
0
0
0
0
0
1
0
0
0
0
0
0
0
1
0
0
0
0
0
0
0
0
0
0
0
0
0
0
0
0
0
0
0
0
0
0
0
0
0
0
0
0
0
0
0
0
0
0
0
0
0
0
0
0
0
0
0
0
0
0
0
0
0
0
0
0
0
0
0
0
0
0
0
0
0
0
0
0
0
0
0
0
0
0
0
0
0
0
0
0
0
0
0
0
0
0
0
0
0
0
0
0
0
0
0
0
0
0
0
0
0
0
0
0
0
0
0
0
0
0
0
0
0
0
0
0
0
0
0
0
0
0
0
0
0
0
0
0
0
0
0
0
0
0
0
0
0
0
0
0
0
0
0
0
0
0
0
0
1
0
1
0
0
0
0
0
0
0
0
0
0
0
0
0
0
0
0
0
0
0
0
0
0
0
0
0
0
0
0
0
0
0
0
0
0
0
0
0
0
0
0
0
0
0
0
0
0
0
0
0
0
0
0
0
0
0
0
0
0
0
0
0
0
0
0
0
0
0
0
0
0
0
0
0
0
0
0
0
0
0
0
0
0
0
0
0
0
0
0
0
0
0
0
0
0
0
0
0
0
0
0
0
0
0
0
0
0
0
1
0
0
0
0
0
0
0
0
0
0
0
0
0
0
0
0
0
0
0
0
0
0
0
0
0
0
0
0
0
0
0
0
0
0
0
0
0
0
0
0
0
0
0
0
0
0
0
0
0
0
0
0
0
0
0
0
0
0
0
0
0
0
0
0
0
0
0
0
0
0
0
0
0
0
0
0
0
0
0
0
0
0
0
0
0
0
0
0
0
0
0
0
0
0
0
0
0
0
0
0
0
0
0
0
0
0
0
0
0
0
0
0
0
0
0
0
0
0
0
0
0
0
0
0
0
0
0
0
0
0
0
0
0
0
0
0
0
0
0
0
0
0
0
0
0
0
0
0
0
0
0
0
0
0
0
0
0
0
0
0
0
0
0
0
0
0
0
0
0
0
0
0
0
0
0
0
0
0
0
0
0
0
0
0
0
0
0
0
0
0
0
0
0
0
0
0
0
0
0
0
0
0
0
0
0
0
0
0
0
0
0
0
0
0
0
0
0
0
0
0
0
0
0
0
0
0
0
0
0
0
0
0
0
0
0
0
0
0
0
0
0
0
0
0
0
0
0
0
0
0
0
0
0
0
0
0
0
0
0
0
0
0
0
0
0
0
0
0
0
0
0
0
0
0
0
0
0
0
0
0
0
0
0
0
0
0
0
0
0
0
0
0
0
0
0
0
0
0
0
0
0
0
0
0
0
0
0
0
0
0
0
0
0
0
0
0
0
0
0
0
0
0
0
0
0
0
0
0
0
0
0
0
0
0
0
0
0
0
0
0
0
0
0
0
0
0
0
0
0
0
0
0
0
0
0
0
0
0
0
0
0
0
0
0
0
0
0
0
0
0
0
0
0
0
0
0
0
0
0
0
0
0
0
0
0
0
0
0
0
0
0
0
0
0
0
0
0
0
0
0
0
0
0
0
0
0
0
0
0
0
0
0
0
0
0
0
0
0
0
0
0
0
0
0
0
0
0
0
0
0
0
0
0
0
0
0
0
0
0
0
0
0
0
0
0
0
0
0
0
0
0
0
0
0
0
0
0
0
0
0
0
0
0
0
0
0
0
0
0
0
0
0
0
0
0
0
0
0
0
0
0
0
0
0
0
0
0
0
0
0
0
0
0
0
0
0
0
0
0
0
0
0
0
0
0
0
0
0
0
0
0
0
0
0
0
0
0
0
0
0
0
0
0
0
0
0
0
0
0
0
0
0
0
0
0
0
0
0
0
0
0
0
0
0
0
0
0
0
0
0
0
0
0
0
0
0
0
0
0
0
0
0
0
0
0
0
0
0
0
0
0
0
0
0
0
0
0
0
0
0
0
0
0
0
0
0
0
0
0
0
0
0
0
0
0
0
0
0
0
0
0
0
0
0
0
0
0
0
0
0
0
0
0
0
0
0
0
0
0
0
0
0
0
0
0
0
0
0
0
0
0
0
0
0
0
0
0
0
0
0
0
0
0
0
0
0
0
0
0
0
0
0
0
0
0
0
0
0
0
0
0
0
0
0
0
0
0
0
0
0
0
0
0
0
0
0
0
0
0
0
0
0
0
0
0
0
0
0
0
0
0
0
0
0
0
0
0
0
0
0
0
0
0
0
0
0
0
0
0
0
0
0
0
0
0
0
0
0
0
0
0
0
0
0
0
0
0
0
0
0
0
0
0
0
0
0
0
0
0
0
0
0
0
0
0
0
0
0
0
0
0
0
0
0
0
0
0
0
0
0
0
0
0
0
0
0
0
0
0
0
0
0
0
0
0
0
0
0
0
0
0
0
0
0
0
0
0
0
0
0
0
0
0
0
0
0
0
0
0
0
0
0
0
0
0
0
0
0
0
0
0
0
0
0
0
0
0
0
0
0
0
0
0
0
0
0
0
0
0
0
0
0
0
0
0
0
0
0
0
0
0
0
0
0
0
0
0
0
0
0
0
0
0
0
0
0
0
0
0
1
0
0
0
0
0
0
0
0
0
0
0
0
0
0
0
0
0
0
0
0
0
0
0
0
0
0
0
0
0
0
0
0
0
0
1
0
1
0
0
0
0
0
0
0
0
0
0
0
0
0
0
0
0
0
0
0
0
2
0
0
0
0
0
0
0
0
0
0
0
0
0
0
0
0
0
0
0
0
0
0
0
0
0
0
0
0
0
0
0
0
0
0
0
0
0
0
0
0
0
0
0
0
0
0
0
0
0
0
0
0
0
0
0
0
0
0
0
0
0
0
0
0
0
0
0
0
0
0
0
0
0
0
0
0
0
0
0
0
0
0
0
0
0
0
0
0
0
0
0
0
0
0
0
0
0
0
0
0
0
0
0
0
0
0
0
0
0
0
0
0
0
0
0
0
0
0
0
0
0
0
0
0
0
0
0
0
0
0
0
0
0
0
0
0
0
0
0
0
0
0
0
0
0
0
0
0
0
0
0
0
0
0
0
0
0
0
0
0
0
0
0
0
0
0
0
0
0
0
0
0
0
0
0
0
0
0
0
0
0
0
0
0
0
0
0
0
0
0
0
0
0
0
0
0
0
0
0
0
0
0
0
0
0
0
0
0
0
0
0
0
0
0
0
0
0
0
0
0
0
0
0
0
0
0
0
0
0
0
0
0
0
0
0
0
0
0
0
0
0
0
0
0
0
0
0
0
0
0
0
0
0
0
0
0
0
0
0
0
0
0
0
0
0
0
0
0
0
0
0
0
0
0
0
0
0
0
0
0
0
0
0
0
0
0
0
0
0
0
0
0
0
0
0
0
0
0
0
0
0
0
0
0
0
0
0
0
0
0
0
0
0
0
0
0
0
0
0
0
0
0
0
0
0
0
0
0
0
0
0
0
0
0
0