0
0
0
0
0
0
0
0
0
0
0
0
0
0
0
0
0
0
0
0
0
0
0
0
0
0
0
0
0
0
0
0
0
0
0
0
0
0
0
0
0
0
0
0
0
0
0
0
0
0
0
0
0
0
0
0
0
0
0
0
0
0
0
0
0
0
0
0
0
0
0
0
0
0
0
0
0
0
0
0
0
0
0
0
0
0
0
0
0
0
0
0
0
0
0
0
0
0
0
0
0
0
0
0
0
0
0
0
0
0
0
0
0
0
0
0
0
0
0
0
0
0
0
0
0
0
0
0
0
0
0
0
0
0
0
0
0
0
0
0
0
0
0
0
0
0
0
0
0
0
0
0
0
0
0
0
0
0
0
0
0
0
0
0
0
0
0
0
0
0
0
0
0
0
0
0
0
0
0
0
0
0
0
0
0
0
0
0
0
0
0
0
0
0
0
0
0
0
0
0
0
0
0
0
0
0
0
0
0
0
0
0
0
0
0
0
0
0
0
0
0
0
0
0
0
0
0
0
0
0
0
0
0
0
0
0
0
0
0
0
0
0
0
0
0
0
0
0
0
0
0
0
0
0
0
0
0
0
0
0
0
0
0
0
0
0
0
0
0
0
0
0
0
0
0
0
0
0
0
0
0
0
0
0
0
0
0
0
0
0
0
0
0
0
0
0
0
0
0
0
0
0
0
0
0
0
0
0
0
0
0
0
0
0
0
0
0
0
0
0
0
0
0
0
0
0
0
0
0
0
0
0
0
0
0
0
0
0
0
0
0
0
0
0
0
0
0
0
0
0
0
0
0
0
0
0
0
0
0
0
0
0
0
0
0
0
0
0
0
0
0
0
0
0
0
0
0
0
0
0
0
0
0
0
0
0
0
0
0
0
0
0
0
0
0
0
0
0
0
0
0
0
0
0
0
0
0
0
0
0
0
0
0
0
0
0
0
0
0
0
0
0
0
0
0
0
0
0
0
0
0
0
0
0
0
0
0
0
0
0
0
0
0
0
0
0
0
0
0
0
0
0
0
0
0
0
0
0
0
0
0
0
0
0
0
0
0
0
0
0
0
0
0
0
0
0
0
0
0
0
0
0
0
0
0
0
0
0
0
0
0
0
0
0
0
0
0
0
0
0
0
0
0
0
0
0
0
0
0
0
0
0
0
0
0
0
0
0
0
0
0
0
0
0
0
0
0
0
0
0
0
0
0
0
0
0
0
0
0
0
0
0
0
0
0
0
0
0
0
0
0
0
0
0
0
0
0
0
0
0
0
0
0
0
0
0
0
0
0
0
0
0
0
0
0
0
0
0
0
0
0
0
0
0
0
0
0
0
0
0
0
0
0
0
0
0
0
0
0
0
0
0
0
0
0
0
0
0
0
0
0
0
0
0
0
0
0
0
0
0
0
0
0
0
0
0
0
0
0
0
0
0
0
0
0
0
0
0
0
0
0
0
0
0
0
0
0
0
0
0
0
0
0
0
0
0
0
0
0
0
0
0
0
0
0
0
0
0
0
0
0
0
0
0
0
0
0
0
0
0
0
0
0
0
0
0
0
0
0
0
0
0
0
0
0
0
0
0
0
0
3
644
994
1344
1528
1739
1833
1972
2058
2071
2178
2117
2133
2139
2170
2155
2035
2198
2043
2178
2200
2240
2167
2242
2206
2191
2265
2290
2315
2204
2278
2298
2312
2391
2242
2284
2295
2322
2275
2304
2412
2375
2323
2369
2372
2356
2428
2422
2379
2341
2378
2421
2374
2368
2464
2347
2346
2409
2362
2338
2462
2443
2459
2415
2466
2503
2476
2425
2489
2447
2441
2463
2407
2478
2352
2553
2475
2426
2426
2523
2440
2549
2565
2535
2542
2585
2582
2566
2528
2575
2578
2555
2574
2554
2539
2694
2651
2574
2645
2660
2677
2635
2588
2681
2657
2572
2572
2564
2538
2602
2617
2687
2753
2693
2630
2605
2676
2608
2650
2613
2605
2592
2572
2696
2682
2666
2631
2700
2603
2680
2568
2683
2697
2507
2574
2548
2642
2707
2680
2697
2654
2553
2638
2588
2558
2655
2667
2622
2695
2755
2577
2673
2723
2671
2660
2737
2700
2683
2603
2722
2721
2780
2661
2588
2595
2683
2693
2620
2614
2646
2762
2581
2733
2584
2679
2633
2655
2653
2590
2626
2577
2507
2700
2738
2668
2535
2614
2741
2602
2664
2561
2479
2640
2616
2577
2658
2516
2592
2632
2586
2516
2537
2503
2507
2487
2575
2563
2595
2528
2525
2505
2466
2476
2423
2478
2458
2534
2405
2467
2413
2481
2357
2411
2385
2446
2389
2448
2350
2388
2362
2307
2390
2308
2336
2299
2262
2324
2217
2267
2241
2326
2326
2365
2327
2205
2226
2276
2185
2144
2131
2191
2175
2081
2148
2116
2056
2167
2118
2154
2089
2023
2148
2070
2062
2056
1980
2001
2017
2044
1962
2010
1987
1999
2040
1898
1995
1977
1959
1907
1842
1923
1900
1863
1818
1871
1778
1715
1796
1770
1694
1732
1724
1729
1714
1763
1769
1707
1737
1721
1676
1717
1713
1686
1641
1673
1630
1643
1592
1620
1620
1618
1551
1586
1558
1621
1502
1575
1470
1447
1483
1496
1414
1444
1462
1378
1381
1429
1387
1380
1338
1368
1413
1390
1323
1331
1357
1356
1304
1345
1296
1299
1260
1246
1227
1216
1250
1232
1243
1208
1221
1227
1148
1209
1174
1152
1145
1220
1232
1174
1156
1155
1161
1173
1124
1171
1073
1156
1092
1038
1082
1086
1086
1101
978
1040
970
959
969
1027
1055
1045
964
1022
998
956
974
950
1000
920
963
924
934
876
902
974
950
972
917
914
921
907
847
950
879
936
872
861
898
879
828
870
842
877
916
878
865
840
815
855
852
819
857
880
811
884
834
810
815
862
874
796
833
786
777
771
827
818
808
825
793
828
795
848
742
773
813
743
783
804
765
774
756
787
736
698
704
740
729
792
777
735
734
792
729
782
702
700
705
736
765
704
721
706
737
704
732
723
698
730
726
739
696
716
664
706
687
711
658
707
719
774
740
675
743
770
725
744
713
705
753
696
731
689
703
764
765
722
734
774
726
715
804
704
690
746
775
781
723
771
772
768
740
750
773
832
782
752
762
742
781
738
771
810
734
793
782
760
793
795
750
734
839
820
779
834
770
820
801
820
851
789
792
820
806
839
792
779
877
811
788
789
795
854
867
831
845
857
799
824
858
818
851
899
909
878
857
895
868
942
914
915
881
854
876
882
896
906
875
876
923
1003
1000
913
921
958
1009
913
941
964
927
977
970
970
989
919
941
1005
1030
1001
1005
963
977
1031
1019
1079
995
1090
1061
1050
1103
1046
1038
1081
1036
1109
1022
1074
1049
1084
1048
1104
1088
1071
1071
1088
1099
1111
1133
1100
1129
1080
1149
1098
1175
1101
1141
1200
1213
1214
1129
1144
1167
1215
1192
1178
1208
1260
1321
1209
1218
1240
1272
1282
1347
1304
1291
1334
1330
1320
1348
1371
1344
1369
1349
1370
1358
1367
1358
1390
1368
1435
1337
1388
1395
1398
1401
1442
1407
1424
1501
1490
1520
1474
1504
1465
1609
1517
1578
1505
1522
1548
1576
1534
1625
1673
1649
1619
1703
1627
1643
1691
1588
1637
1678
1647
1681
1730
1611
1634
1757
1753
1746
1744
1704
1777
1790
1768
1864
1872
1906
1867
1828
1869
1914
1899
1924
1903
1897
2017
1960
1981
2052
2002
2055
1916
2021
2027
1986
2043
2081
2115
2085
2156
2110
2093
2130
2095
2171
2120
2117
2186
2173
2211
2207
2218
2202
2213
2303
2240
2249
2294
2318
2302
2303
2310
2391
2367
2448
2410
2418
2530
2476
2448
2532
2459
2449
2493
2558
2492
2559
2625
2482
2601
2606
2608
2672
2620
2565
2636
2710
2694
2694
2584
2634
2712
2689
2799
2641
2695
2767
2769
2728
2820
2793
2911
2828
2917
2857
2838
2842
2863
2933
2894
2891
3005
2955
2960
2951
2918
3004
3008
3066
3114
2968
3047
3076
3032
3247
3028
3102
3102
3215
3091
3083
3134
3165
3129
3272
3159
3164
3335
3138
3325
3414
3196
3350
3341
3373
3469
3421
3459
3448
3570
3426
3370
3414
3552
3504
3421
3547
3440
3529
3564
3602
3471
3512
3573
3663
3565
3526
3635
3606
3600
3535
3669
3493
3665
3582
3666
3689
3621
3741
3713
3726
3697
3784
3669
3646
3744
3727
3863
3748
3851
3837
3838
3652
3765
3766
3729
3763
3786
3802
3825
3775
3742
3862
3923
3865
4030
3895
4011
3840
3978
3724
3977
3857
3968
3817
3992
3923
3930
3881
3877
3862
3992
4006
3878
3892
4006
3916
3906
3882
3951
3848
3828
3914
4015
4035
3982
3971
3930
3899
3952
3901
4008
3848
3916
3935
4046
3825
4000
3843
3897
3901
3941
3962
3911
4011
3942
3811
3908
3778
3906
4004
3995
3838
3823
3747
3774
3971
3912
3824
4108
3942
3846
3830
3765
3933
3781
3882
3911
3879
3838
3796
3777
3868
3879
3759
3750
3703
3936
3773
3700
3742
3642
3810
3670
3774
3686
3636
3639
3774
3674
3630
3667
3684
3585
3667
3663
3617
3684
3566
3707
3590
3613
3549
3609
3588
3569
3545
3511
3563
3474
3345
3435
3581
3409
3307
3456
3541
3431
3441
3308
3280
3385
3187
3359
3238
3360
3100
3158
3284
3319
3263
3275
3180
3108
3177
3066
3146
3057
3113
3036
3042
3139
3166
3046
2999
3004
2960
3012
2894
2962
2953
2898
2904
2995
2865
2843
2940
2925
2770
2874
2846
2861
2809
2671
2698
2812
2672
2682
2766
2674
2505
2585
2609
2623
2631
2568
2553
2492
2526
2452
2482
2433
2410
2385
2388
2397
2395
2364
2254
2260
2343
2288
2269
2217
2251
2227
2211
2229
2153
2156
2075
2050
2192
2080
2070
2062
1989
2046
2001
1998
1933
1935
1906
2023
1924
1911
1984
1910
1954
1814
1916
1877
1853
1769
1836
1728
1706
1698
1685
1658
1651
1637
1664
1637
1603
1579
1638
1589
1592
1656
1526
1514
1552
1496
1596
1534
1452
1438
1394
1492
1389
1441
1351
1352
1342
1370
1366
1336
1292
1304
1249
1246
1270
1205
1298
1208
1260
1243
1221
1095
1074
1119
1087
1178
1068
1153
1034
1079
1057
984
998
1036
1011
961
963
1001
992
1023
954
1002
953
959
966
984
971
931
942
943
881
874
856
866
820
822
795
854
822
848
787
799
785
812
791
750
808
773
816
753
738
708
734
721
680
708
663
694
686
667
691
648
712
628
645
640
629
587
575
578
624
559
560
548
584
527
555
554
514
506
492
474
469
524
490
494
486
476
447
450
442
431
460
428
416
407
418
455
385
366
374
419
422
402
405
406
379
394
337
345
357
349
362
309
334
339
337
301
335
314
321
322
332
284
350
310
321
327
296
301
287
256
274
272
290
288
286
266
239
274
274
204
259
257
246
215
266
234
235
264
220
214
212
221
209
189
196
213
210
202
198
196
170
175
176
191
193
206
178
189
159
192
188
147
169
178
178
154
184
137
164
152
161
166
152
150
132
147
134
132
135
112
150
140
116
133
96
136
139
122
105
105
114
137
125
135
125
95
114
110
119
146
102
125
132
105
95
119
115
100
125
106
107
111
102
108
95
103
90
94
99
80
104
99
82
73
74
86
88
90
88
85
89
77
90
74
77
71
68
82
85
80
76
68
55
72
79
62
71
54
53
61
67
67
62
66
51
71
50
55
45
61
57
42
58
61
68
61
50
54
45
47
41
44
47
38
40
54
56
54
63
48
59
57
61
53
42
57
51
44
51
41
41
56
48
46
60
55
49
44
44
59
37
48
44
42
42
33
41
42
36
42
40
37
44
46
44
46
41
47
46
46
59
47
39
42
39
48
46
44
23
56
36
38
32
35
37
35
38
39
32
27
22
29
25
14
28
35
41
32
28
40
37
29
25
33
32
42
43
35
19
39
36
32
31
21
27
29
30
23
32
23
29
24
37
32
32
32
31
37
22
37
37
40
39
33
35
40
38
35
34
41
44
36
31
26
31
32
27
29
25
34
25
29
19
33
26
32
23
31
32
33
23
31
17
19
28
30
23
17
31
27
41
29
27
30
36
26
33
26
42
24
32
33
33
26
26
25
28
25
21
25
27
24
26
19
25
25
22
28
27
21
24
24
23
26
29
26
21
14
26
28
21
22
22
21
24
33
29
28
23
26
22
25
17
30
24
22
25
30
38
26
26
37
20
24
27
21
41
23
23
27
19
17
16
27
21
23
26
25
21
15
17
24
27
22
17
25
17
18
17
19
19
24
22
16
26
21
17
20
21
16
23
26
21
18
24
17
22
19
21
22
24
21
20
17
14
23
21
20
20
28
10
18
22
21
22
28
17
25
28
12
18
20
12
23
13
20
22
20
18
13
18
11
20
17
21
18
16
18
17
21
15
28
24
22
15
15
18
21
21
16
18
16
17
12
14
18
14
13
22
17
18
19
18
14
14
16
11
16
24
12
21
14
19
15
14
20
18
17
23
19
16
19
14
21
15
12
17
14
15
24
15
12
17
12
20
14
15
15
12
17
19
16
15
15
14
19
13
9
10
16
18
15
22
17
16
14
21
15
13
15
18
13
13
20
17
10
12
15
17
13
20
22
17
19
19
13
22
18
13
21
13
17
12
14
11
10
6
9
21
18
10
23
18
22
15
12
16
16
16
17
20
20
21
16
18
17
15
13
18
19
14
19
22
20
17
10
14
14
10
11
11
13
10
18
17
14
15
14
19
15
13
14
10
21
20
20
13
14
15
15
18
12
13
10
9
16
18
19
17
13
19
20
11
11
21
12
9
22
15
11
15
8
18
24
12
16
17
12
15
10
17
13
17
13
11
19
13
14
16
18
15
20
6
17
23
11
13
12
17
14
12
16
16
18
16
21
17
18
13
9
14
17
17
16
16
17
17
12
10
16
10
11
18
17
22
17
11
11
12
12
11
18
22
10
15
17
13
11
14
15
18
21
12
21
12
7
14
14
16
18
18
21
11
15
6
16
17
15
15
12
11
12
20
10
22
11
14
18
14
21
13
15
15
21
13
11
8
15
13
6
13
10
19
12
10
18
12
18
10
8
11
10
13
12
15
11
9
12
10
10
19
24
13
17
9
10
13
12
16
13
12
16
12
6
13
12
14
20
14
15
8
14
16
10
13
11
19
15
9
18
20
10
13
10
10
14
14
19
12
8
9
16
15
10
11
15
14
12
12
19
6
20
14
10
16
6
13
11
22
11
15
18
12
8
12
15
9
15
7
15
21
8
15
13
8
21
10
17
13
18
14
14
12
22
13
15
13
16
9
13
14
10
12
16
12
11
19
16
13
13
16
11
11
10
12
16
17
15
11
14
13
14
14
18
19
16
10
13
16
9
15
19
13
15
8
16
20
12
17
16
10
17
12
10
14
12
7
14
15
10
10
9
21
17
11
13
14
11
16
17
18
10
12
9
10
11
16
3
20
16
11
13
19
14
11
16
15
19
11
15
15
14
12
14
9
7
10
13
13
13
15
19
18
13
17
15
13
8
18
12
21
12
10
12
21
13
19
18
6
15
20
17
15
13
14
17
19
14
11
17
14
15
15
13
16
16
18
9
19
24
11
20
10
14
16
12
11
16
12
12
5
15
15
20
8
16
14
20
21
16
16
12
19
20
10
15
17
16
16
15
15
13
15
10
19
15
12
12
13
19
19
12
16
17
18
28
13
15
8
21
16
8
21
14
12
17
16
18
28
16
11
15
14
13
10
17
7
14
24
17
15
16
17
13
12
19
12
10
20
23
16
12
18
8
20
15
15
20
14
20
14
15
25
17
16
16
9
12
17
12
17
19
14
17
16
13
19
17
11
17
19
21
15
17
15
7
12
16
14
22
14
24
15
15
16
18
15
15
11
13
17
11
12
17
12
11
18
7
17
16
16
11
14
14
15
13
11
14
18
15
20
16
13
12
19
9
16
15
13
22
8
15
20
21
15
18
13
7
10
13
20
9
24
10
11
14
12
17
12
24
12
10
18
8
18
12
17
18
12
11
8
12
14
12
12
10
11
12
10
10
14
14
12
18
10
15
16
9
8
10
13
14
16
16
7
10
17
15
12
14
15
8
14
14
17
13
10
10
10
19
12
13
20
13
10
16
7
20
12
14
13
10
10
14
12
13
11
6
13
15
10
16
13
12
19
16
14
15
9
19
10
12
11
10
17
17
11
10
22
20
14
11
20
12
13
14
7
10
10
11
12
7
4
14
8
9
11
6
9
13
15
9
12
9
12
9
12
11
12
18
15
5
9
12
11
5
8
8
7
13
11
11
9
14
9
6
18
9
12
11
12
14
10
10
13
10
15
11
12
7
7
11
11
10
7
6
8
11
11
9
9
11
4
11
10
7
14
8
6
5
7
4
13
3
11
11
13
10
13
9
11
10
11
14
8
13
7
10
8
10
8
7
11
7
12
8
14
6
7
9
8
12
11
6
9
8
8
4
13
11
4
7
10
7
10
6
8
13
6
8
11
14
6
6
8
8
15
10
16
8
10
7
8
4
9
5
7
9
8
7
13
4
8
7
16
10
8
6
5
4
6
9
7
4
12
7
8
4
4
8
5
6
6
4
6
8
6
7
3
2
4
8
4
10
9
7
9
7
3
10
5
6
5
5
7
9
6
5
8
7
8
4
7
2
7
4
6
6
8
2
7
7
4
4
5
5
8
3
3
8
5
6
3
6
6
3
2
5
3
7
6
1
5
2
2
5
3
2
7
2
5
3
1
3
3
1
7
2
1
3
2
3
6
6
4
5
2
4
5
0
2
5
3
5
1
6
2
5
5
5
4
5
3
3
2
3
3
5
3
3
4
1
2
2
3
8
2
1
3
2
4
3
4
6
4
4
4
3
4
7
2
4
2
0
2
2
0
3
1
1
2
3
4
1
3
1
2
1
2
4
3
1
1
4
4
7
1
2
1
1
1
2
2
1
5
1
3
5
1
1
0
4
2
4
1
5
2
0
3
2
2
0
2
2
4
1
1
2
0
2
2
0
2
2
2
2
1
2
3
2
0
4
3
0
0
2
1
3
0
2
1
0
0
0
0
1
2
1
1
1
1
4
2
2
5
0
2
1
3
2
1
0
1
0
1
4
4
1
1
0
1
3
1
2
0
1
0
0
3
2
0
1
1
0
1
3
2
4
0
0
2
1
0
2
1
1
0
3
1
1
1
2
1
2
1
2
2
1
0
0
1
0
1
0
1
0
1
0
2
1
2
0
1
2
1
0
3
2
0
1
1
2
0
2
0
0
1
1
1
0
1
0
2
1
0
0
0
1
1
0
2
1
0
3
2
1
1
0
0
0
1
2
1
0
1
0
1
0
0
2
1
0
0
0
0
0
0
0
0
1
0
2
0
0
0
2
0
0
0
0
1
0
0
0
1
0
0
0
0
1
0
3
1
0
0
0
2
0
0
1
0
0
2
0
0
0
1
1
1
0
1
0
0
2
0
0
1
0
0
1
0
0
0
0
1
0
1
0
0
2
0
0
0
1
0
1
1
1
1
1
1
1
1
0
1
0
0
0
1
0
0
0
1
1
1
0
1
1
0
0
1
0
1
0
0
0
1
1
0
0
1
0
3
0
0
0
0
1
1
0
0
0
1
0
0
1
0
0
0
1
0
0
0
1
2
0
0
1
0
0
1
0
1
1
0
1
0
0
0
0
0
1
0
1
1
1
1
0
0
0
0
1
2
1
0
1
0
0
1
1
0
1
0
0
1
1
0
0
0
1
1
0
0
0
1
0
0
0
1
0
1
0
1
0
0
0
0
0
0
0
0
0
0
0
1
1
0
0
0
0
0
2
0
0
0
0
0
0
0
0
0
0
0
0
0
0
0
0
0
0
1
0
0
0
1
0
0
1
0
0
2
0
0
1
0
1
0
0
0
1
2
0
0
0
0
1
0
1
0
0
1
0
1
0
0
0
0
0
0
1
0
1
0
0
0
1
0
0
0
0
0
0
0
0
0
1
0
0
0
0
0
0
0
0
0
0
1
0
0
0
0
0
0
1
1
0
0
0
0
1
0
0
0
0
0
0
0
1
0
0
0
0
0
0
0
0
0
0
0
0
0
0
1
1
0
0
1
0
0
2
0
0
0
1
0
2
0
0
1
0
1
0
0
1
0
0
1
0
0
0
1
0
0
0
2
0
0
1
0
0
0
0
0
0
0
0
2
0
0
0
0
0
1
0
0
0
0
0
0
0
0
0
0
0
0
0
0
1
0
0
3
0
0
0
0
0
0
1
0
0
0
0
0
0
0
0
0
0
0
0
1
0
0
2
0
1
0
0
0
0
1
1
0
0
0
0
1
0
0
0
0
1
0
0
0
0
0
0
0
0
1
0
0
1
0
0
1
0
0
1
1
0
0
0
1
0
0
1
0
0
0
1
2
0
0
1
0
0
0
0
0
0
0
0
1
0
0
0
0
0
0
0
1
1
0
0
0
0
0
1
1
0
0
1
1
0
0
0
2
1
1
0
0
0
0
0
0
0
0
0
0
1
0
0
0
1
0
0
0
1
0
0
0
0
0
0
0
0
0
0
1
0
0
0
1
0
0
1
0
1
0
0
0
0
1
0
0
0
0
0
0
0
0
0
1
0
0
0
1
0
0
0
0
0
0
0
1
0
0
0
0
0
0
3
0
0
1
0
1
0
0
0
0
0
0
0
1
0
0
0
0
1
0
0
0
0
0
0
0
2
0
1
0
0
0
1
0
1
1
0
0
0
0
0
0
0
0
1
0
1
1
0
1
0
0
0
0
0
0
0
0
0
0
0
0
0
1
0
0
0
0
0
0
0
1
1
0
1
0
0
0
0
1
1
0
0
0
0
0
0
0
0
1
0
0
0
0
0
0
0
1
0
0
0
0
0
0
0
1
0
0
1
0
0
1
0
0
0
0
0
0
0
1
0
1
0
0
0
0
0
1
0
0
0
0
0
0
0
0
0
0
0
0
0
0
0
0
0
0
0
0
0
1
0
0
2
0
0
0
0
0
0
0
0
1
0
1
0
0
0
0
1
0
0
0
0
0
1
0
1
0
0
0
0
0
0
0
0
0
0
0
0
0
1
0
0
0
0
0
0
0
0
1
1
0
0
0
0
0
1
0
0
0
0
0
0
0
0
0
1
0
0
0
0
0
1
1
1
0
1
0
0
0
2
0
0
0
0
1
0
0
0
1
0
0
0
0
1
0
1
0
0
0
0
0
0
1
0
0
0
0
0
0
0
0
0
0
0
0
0
1
0
0
1
1
0
0
1
0
0
0
0
1
2
0
1
0
0
0
0
0
0
0
0
0
1
0
0
0
1
0
0
0
0
0
0
0
0
0
1
0
1
0
0
0
0
0
0
0
0
0
0
0
0
0
2
0
0
0
0
0
0
0
0
0
0
0
0
0
1
0
0
0
0
0
1
0
0
1
0
0
1
0
0
0
0
0
0
0
1
0
0
0
0
0
0
0
0
0
0
0
0
0
0
0
0
0
0
1
0
0
0
0
0
0
0
0
0
0
0
0
0
0
0
0
0
0
0
0
0
0
0
0
0
0
1
0
0
0
0
0
0
0
1
0
0
0
0
0
0
0
0
0
1
0
0
0
1
2
0
0
0
0
0
0
0
0
0
0
0
0
0
0
0
0
1
0
0
0
0
0
0
0
2
0
1
0
0
0
1
0
0
0
0
0
0
0
0
0
0
0
0
0
0
0
0
0
0
0
0
0
0
0
0
0
1
0
0
0
0
0
0
0
0
0
0
0
0
0
0
0
0
0
1
0
0
0
0
0
0
0
0
0
1
0
0
0
1
0
0
0
0
0
0
0
0
0
0
0
0
0
0
0
1
0
1
0
0
0
0
0
0
0
0
0
1
0
0
0
0
0
0
0
0
0
0
0
0
0
0
0
0
0
1
0
0
0
0
0
0
0
0
0
0
0
0
0
0
0
0
1
0
0
0
0
0
0
0
0
1
0
0
0
0
0
0
0
0
0
0
0
0
0
0
0
0
0
0
2
0
0
0
0
0
0
1
0
0
1
0
0
0
0
0
0
0
0
0
0
0
0
0
1
0
0
0
0
0
0
0
0
0
0
0
0
0
0
0
0
0
0
0
0
1
0
1
0
1
0
0
0
0
1
0
0
1
0
1
1
0
0
0
0
0
0
0
0
0
0
0
0
0
0
0
1
1
0
0
0
0
0
1
0
0
0
0
0
0
1
0
1
0
0
0
0
0
0
0
0
0
0
0
0
0
0
0
0
0
0
0
0
0
0
0
0
1
0
0
0
0
0
0
0
0
0
0
0
0
0
0
0
0
1
0
0
0
0
0
0
0
0
0
0
0
3
0
0
0
0
0
0
0
0
0
0
0
0
0
0
0
0
0
0
0
0
0
0
0
0
0
0
0
0
0
0
0
0
0
0
0
1
0
0
0
0
0
0
1
0
0
0
0
0
0
0
0
0
0
0
0
1
0
0
0
0
0
0
0
0
0
0
0
0
0
1
0
0
0
0
0
0
0
0
0
0
0
0
0
0
0
0
0
0
1
0
0
0
0
0
0
0
0
0
0
0
0
0
0
0
0
0
0
0
0
0
0
0
0
0
0
0
0
0
0
0
0
0
0
0
0
0
0
0
0
0
0
0
0
0
0
0
0
0
1
0
0
0
0
0
0
0
0
0
0
0
0
0
0
0
0
0
0
0
0
0
0
0
0
0
0
0
0
0
0
0
0
0
1
0
0
0
0
0
0
0
1
0
0
0
0
0
0
0
0
0
0
0
1
0
0
0
0
0
0
0
0
0
0
0
1
0
0
0
0
0
2
0
0
1
0
0
0
0
0
0
0
0
0
0
0
0
0
0
0
0
0
0
0
0
0
0
0
0
0
0
0
0
0
0
0
0
0
0
0
0
0
0
0
1
0
0
0
0
0
0
0
0
0
0
0
0
0
0
0
0
0
0
0
0
0
0
0
0
0
0
0
0
0
0
0
0
0
0
0
0
0
0
0
0
0
0
0
0
0
0
0
0
0
0
1
0
0
0
1
0
0
0
0
0
0
0
0
0
0
0
1
0
0
0
0
0
0
0
0
0
0
0
0
0
0
0
0
0
0
0
0
0
0
0
0
0
1
0
0
1
0
0
0
0
1
0
0
0
0
0
0
0
0
0
0
0
0
0
0
0
0
0
0
0
0
0
0
0
0
0
0
0
0
0
0
0
0
0
0
0
0
0
0
0
0
0
0
0
0
0
0
0
0
0
0
0
0
0
0
0
0
0
0
0
0
0
0
0
0
0
0
0
0
0
0
0
0
0
0
0
0
0
0
0
0
0
0
0
0
0
0
0
0
0
0
0
0
0
0
0
0
0
0
0
0
0
0
1
0
0
0
0
0
1
0
0
0
0
0
0
0
0
0
0
0
0
0
0
0
0
0
0
0
0
0
0
0
0
0
0
0
0
0
1
0
0
0
0
0
0
0
0
0
0
0
0
0
0
0
0
0
0
0
0
0
0
0
0
0
0
0
0
0
0
0
0
0
0
0
0
0
0
0
0
0
0
0
0
0
0
0
1
0
0
0
0
0
0
0
0
0
0
0
0
0
0
0
0
0
0
0
0
0
0
0
0
0
0
0
0
0
0
0
0
0
0
0
0
0
0
0
1
0
0
0
0
0
0
0
0
0
0
0
0
0
0
0
0
0
0
0
0
0
0
0
0
0
0
0
0
0
0
0
0
0
0
0
0
0
0
0
0
0
0
0
0
0
0
0
0
0
0
0
0
0
0
0
0
0
1
0
0
0
0
0
0
0
0
0
0
0
0
0
0
0
0
0
0
0
0
1
0
0
0
0
0
0
0
1
0
0
0
0
0
0
0
0
0
0
0
0
0
0
0
0
0
0
0
0
0
0
0
0
0
0
0
0
0
0
0
0
0
0
0
0
0
0
0
0
0
0
0
0
0
0
0
0
0
0
0
0
0
0
0
0
0
0
0
0
0
0
0
0
0
0
0
0
0
0
0
0
0
0
0
0
0
0
0
0
0
0
0
0
0
0
0
0
0
0
0
0
0
0
0
0
0
0
0
0
0
1
0
0
0
0
0
0
0
0
0
0
0
0
0
0
0
0
0
0
0
0
0
0
0
0
0
0
0
0
0
0
0
0
0
0
0
0
0
0
0
0
0
0
0
0
0
0
0
0
0
0
0
0
1
0
0
0
0
0
0
0
0
0
0
0
0
0
0
0
0
1
0
0
0
0
0
0
0
0
0
0
0
0
0
0
0
0
0
0
0
0
0
0
0
0
0
0
0
0
0
0
0
0
0
1
0
0
0
0
0
0
0
0
0
0
0
0
0
0
0
0
0
0
0
0
0
0
0
0
0
0
0
0
1
0
0
0
0
0
0
0
0
0
0
0
0
0
0
0
0
0
0
0
1
0
0
0
0
0
0
0
0
0
0
0
0
0
0
0
0
0
0
0
0
0
0
0
0
0
0
0
0
0
0
0
0
0
0
0
0
0
0
0
0
0
0
0
0
0
0
0
0
0
0
0
0
0
0
0
0
0
0
0
0
0
0
0
0
0
0
0
0
0
0
0
0
0
0
0
0
0
0
0
0
1
0
1
0
0
0
0
0
0
0
0
0
0
0
0
0
0
0
0
0
0
0
0
0
0
0
0
0
0
0
1
0
0
0
0
0
0
0
0
0
0
0
0
0
0
0
0
0
0
0
0
0
0
0
0
0
0
0
0
0
0
0
0
0
0
0
0
0
0
0
0
0
0
0
0
0
0
0
0
0
0
0
0
0
0
0
0
0
0
0
0
0
0
0
0
0
0
0
0
0
0
0
0
0
0
0
0
0
0
0
0
0
0
0
0
0
0
0
0
0
0
0
0
0
0
0
0
0
0
0
0
0
0
1
0
0
0
0
0
0
0
0
0
0
0
0
0
0
0
0
0
0
1
0
0
0
1
0
0
0
0
0
0
0
0
0
0
0
0
0
0
0
0
0
0
0
0
0
0
0
0
0
0
0
0
0
0
0
0
0
0
0
0
0
0
0
0
0
0
0
0
0
0
0
0
0
0
0
0
0
0
0
0
1
0
0
0
0
0
0
0
0
1
0
0
0
0
0
0
0
0
0
0
0
0
0
0
0
0
0
0
0
0
0
0
0
0
0
0
0
0
0
0
0
0
0
0
0
1
0
0
0
0
0
1
0
0
0
0
0
0
0
0
0
0
0
0
0
0
0
0
0
0
0
0
0
0
0
0
0
0
0
0
0
0
0
0
0
0
0
0
0
0
0
0
0
0
0
0
0
0
0
0
0
0
0
0
0
0
0
0
0
0
0
0
0
0
0
0
0
0
0
0
0
0
0
0
0
0
0
0
0
0
0
0
0
0
1
1
0
0
0
0
0
0
0
0
0
0
0
0
0
0
0
0
0
1
0
0
0
0
0
0
0
0
0
0
0
0
0
0
0
0
0
0
0
0
0
0
0
0
0
0
0
0
0
0
0
0
0
0
0
0
0
0
0
0
0
0
0
0
0
0
0
0
0
0
1
0
0
0
0
0
0
0
0
1
0
0
0
0
0
0
0
0
0
0
0
0
0
0
0
0
0
0
0
0
0
0
0
0
0
0
0
0
0
0
0
0
0
0
0
0
0
0
0
0
0
0
0
0
0
0
0
0
0
0
0
0
0
0
0
0
0
0
0
0
0
0
0
0
0
0
0
0
0
1
0
0
1
1
0
0
0
0
0
0
0
0
0
0
0
0
0
0
0
0
0
0
0
0
1
0
0
0
0
0
0
0
0
0
0
0
0
0
0
0
0
0
0
0
1
0
0
0
0
0
0
0
0
0
0
0
0
0
0
0
0
0
0
0
0
0
0
0
0
0
0
0
0
0
0
0
0
0
0
0
0
0
0
0
0
0
0
0
0
0
0
1
0
0
0
0
0
0
0
0
0
0
0
0
0
0
0
0
0
0
0
0
0
1
0
1
0
0
0
0
0
0
0
0
0
0
0
0
0
0
0
0
0
0
0
0
0
0
0
0
0
0
0
0
0
0
0
0
0
0
0
0
0
0
0
0
0
0
0
0
0
0
0
0
0
0
0
0
0
0
0
0
0
0
0
0
0
0
0
0
0
0
0
0
0
0
0
0
0
0
0
0
0
0
0
0
0
0
0
0
0
0
0
0
0
0
0
0
0
0
0
0
0
0
0
0
0
0
0
0
0
0
0
1
0
0
0
0
0
0
0
0
0
0
0
0
0
0
0
0
0
0
0
0
0
0
0
0
0
0
0
0
0
0
0
0
0
0
0
0
0
0
0
0
0
0
0
0
0
0
0
0
0
0
0
0
0
0
0
0
0
0
0
0
0
0
0
0
0
0
0
0
0
0
0
0
0
0
0
0
0
0
0
0
0
0
0
0
0
0
0
0
0
0
0
0
0
0
0
0
0
0
0
0
0
0
0
0
0
0
0
1
0
0
0
0
0
0
0
0
0
0
0
0
0
0
0
0
0
0
0
0
0
0
0
0
0
0
0
0
0
0
0
0
0
0
0
0
0
0
0
0
0
0
0
0
0
0
0
0
0
0
0
0
0
0
0
0
0
0
0
0
0
0
0
0
0
0
0
0
0
0
0
0
0
0
0
0
0
0
0
0
0
0
0
0
0
0
0
0
0
0
0
0
0
0
0
0
0
0
0
0
0
0
0
0
0
0
0
0
0
0
0
0
0
0
0
0
0
0
0
0
0
0
0
0
0
0
0
0
0
0
0
0
0
0
0
0
0
0
0
0
0
0
0
0
0
0
0
0
0
0
0
0
0
0
0
0
0
0
0
0
0
0
0
0
0
0
0
0
0
0
0
0
0
0
0
0
0
0
0
0
0
0
0
0
0
0
0
0
0
0
0
0
0
0
0
0
0
0
0
0
0
0
0
0
0
0
0
0
0
0
0
0
0
0
0
0
0
0
0
0
0
0
0
0
0
0
0
0
0
0
0
0
0
0
0
0
0
0
0
0
0
0
0
0
0
0
0
0
0
0
0
0
0
0
0
0
0
0
0
0
0
0
0
0
0
0
0
0
0
0
0
0
0
0
0
0
0
0
0
0
0
0
0
0
0
0
0
0
0
0
0
0
0
0
0
0
0
0
0
0
0
0
0
0
0
0
0
0
0
0
0
0
0
0
0
0
0
0
0
0
0
0
0
0
0
0
0
0
0
0
0
0
0
0
0
0
0
0
0
0
0
0
0
0
0
0
0
0
0
0
0
0
0
0
0
0
0
0
0
0
0
0
0
0
0
0
0
0
0
0
0
0
0
0
0
0
0
0
0
0
0
0
0
0
0
0
0
0
0
0
0
0
0
0
0
0
0
0
0
0
0
0
0
0
0
0
0
0
0
0
0
0
0
0
0
0
0
0
0
0
0
0
0
0
0
0
0
0
0
0
0
0
0
0
0
0
0
0
0
0
0
0
0
0
0
0
0
0
0
0
0
0
0
0
0
0
0
0
0
0
0
0
0
0
0
0
0
0
0
0
0
0
0
0
0
0
0
0
0
0
0
0
0
0
1
0
0
0
0
0
0
0
0
0
0
0
0
0
0
0
0
1
0
0
1
0
0
1
0
0
0
0
0
0
0
0
0
0
0
0
0
0
0
1
0
0
0
1
0
0
1
0
0
0
0
0
0
0
0
0
0
0
0
0
0
0
0
0
0
0
0
0
0
0
0
0
0
0
0
0
0
0
0
0
0
0
0
0
0
0
0
0
0
0
0
0
0
0
0
0
0
0
0
0
0
0
0
0
0
0
0
0
0
0
0
0
0
0
0
0
0
0
0
0
0
0
0
0
0
0
0
0
0
0
0
0
0
0
0
0
0
0
0
0
0
0
0
0
0
0
0
0
0
0
0
0
0
0
0
0
0
0
0
0
0
0
1
0
0
0
0
0
0
1
0
0
0
0
0
0
0
0
0
1
0
0
0
0
0
0
0
0
0
0
0
0
0
0
0
0
0
0
0
0
0
0
0
0
0
0
0
0
0
0
0
0
0
0
0
0
0
0
0
0
0
0
0
0
0
0
0
0
0
0
0
0
0
0
0
0
0
0
0
0
0
0
0
0
0
0
0
0
0
0
0
0
0
0
0
0
0
0
0
0
0
0
0
0
0
0
0
0
0
0
0
0
0
0
0
0
0
0
0
0
0
0
0
0
0
0
0
0
0
0
0
0
0
0
0
0
0
0
0
0
0
0
0
0
0
0
0
0
0
0
0
0
0
0
0
0
0
0
0
0
0
0
0
1
0
0
0
0
0
0
0
0
0
0
0
0
0
0
0
0
0
0
0
0
0
1
0
0
0
0
0
0
1
0
0
0
0
0
0
0
0
0
0
0
0
0
0
0
0
0
0
0
0
0
0
0
0
0
0
0
0
0
0
0
0
0
0
0
0
0
0
0
0
0
1
0
0
0
0
0
0
0
0
1
0
0
0
0
0
1
0
0
0
0
0
0
0
0
0
0
0
0
0
0
0
0
0
0
0
0
0
0
0
0
0
0
0
0
0
0
0
0
0
0
0
0
0
0
0
0
0
0
0
0
0
0
0
0
0
0
0
0
0
0
0
0
0
0
0
0
0
0
0
0
0
0
0
0
0
0
0
0
0
0
0
0
0
0
0
0
0
0
0
0
0
0
0
0
0
0
0
0
0
0
0
0
0
0
0
0
0
0
0
0
0
0
0
0
0
0
0
0
0
0
0
0
0
0
0
0
0
0
0
0
0
0
0
0
0
0
0
0
0
0
0
0
0
0
0
0
0
0
0
0
0
0
0
0
0
0
0
0
0
0
0
0
0
0
0
0
0
0
0
0
0
0
0
0
0
0
0
0
0
0
0
0
0
0
0
0
0
0
0
0
0
0
0
0
0
0
0
0
0
0
0
0
0
0
0
0
0
0
0
0
0
0
0
0
0
0
0
0
0
0
0
0
0
0
0
0
0
0
0
0
0
0
0
0
0
0
0
0
0
0
0
0
0
0
0
0
0
0
0
0
0
0
0
0
0
0
0
0
0
0
0
1
0
0
0
0
0
0
0
0
0
0
0
0
0
0
0
0
0
0
0
0
0
0
0
0
0
0
0
0
0
0
0
0
0
0
0
0
0
0
0
0
0
0
0
0
0
0
0
0
0
0
0
0
0
0
0
0
0
0
0
0
0
0
0
0
0
0
0
0
0
0
0
0
0
0
0
0
0
0
0
0
0
0
0
0
0
0
0
0
0
0
0