0
0
0
0
0
0
0
0
0
0
0
0
0
0
0
0
0
0
0
0
0
0
0
0
0
0
0
0
0
0
0
0
0
0
0
0
0
0
0
0
0
0
0
0
0
0
0
0
0
0
0
0
0
0
0
0
0
0
0
0
0
0
0
0
0
0
0
0
0
0
0
0
0
0
0
0
0
0
0
0
0
0
0
0
0
0
0
0
0
0
0
0
0
0
0
0
0
0
0
0
0
0
0
0
0
0
0
0
0
0
0
0
0
0
0
0
0
0
0
0
0
0
0
0
0
0
0
0
0
0
0
0
0
0
0
0
0
0
0
0
0
0
0
0
0
0
0
0
0
0
0
0
0
0
0
0
0
0
0
0
0
0
0
0
0
0
0
0
0
0
0
0
0
0
0
0
0
0
0
0
0
0
0
0
0
0
0
0
0
0
0
0
0
0
0
0
0
0
0
0
0
0
0
0
0
0
0
0
0
0
0
0
0
0
0
0
0
0
0
0
0
0
0
0
0
0
0
0
0
0
0
0
0
0
0
0
0
0
0
0
0
0
0
0
0
0
0
0
0
0
0
0
0
0
0
0
0
0
0
0
0
0
0
0
0
0
0
0
0
0
0
0
0
0
0
0
0
0
0
0
0
0
0
0
0
0
0
0
0
0
0
0
0
0
0
0
0
0
0
0
0
0
0
0
0
0
0
0
0
0
0
0
0
0
0
0
0
0
0
0
0
0
0
0
0
0
0
0
0
0
0
0
0
0
0
0
0
0
0
0
0
0
0
0
0
0
0
0
0
0
0
0
0
0
0
0
0
0
0
0
0
0
0
0
0
0
0
0
0
0
0
0
0
0
0
0
0
0
0
0
0
0
0
0
0
0
0
0
0
0
0
0
0
0
0
0
0
0
0
0
0
0
0
0
0
0
0
0
0
0
0
0
0
0
0
0
0
0
0
0
0
0
0
0
0
0
0
0
0
0
0
0
0
0
0
0
0
0
0
0
0
0
0
0
0
0
0
0
0
0
0
0
0
0
0
0
0
0
0
0
0
0
0
0
0
0
0
0
0
0
0
0
0
0
0
0
0
0
0
0
0
0
0
0
0
0
0
0
0
0
0
0
0
0
0
0
0
0
0
0
0
0
0
0
0
0
0
0
0
0
0
0
0
0
0
0
0
0
0
0
0
0
0
0
0
0
0
0
0
0
0
0
0
0
0
0
0
0
0
0
0
0
0
0
0
0
0
0
0
0
0
0
0
0
0
0
0
0
0
0
0
0
0
0
0
0
0
0
0
0
0
0
0
0
0
0
0
0
0
0
0
0
0
0
0
0
0
0
0
0
0
0
0
0
0
0
0
0
0
0
0
0
0
0
0
0
0
0
0
0
0
0
0
0
0
0
0
0
0
0
0
0
0
0
0
0
0
0
0
0
0
0
0
0
0
0
0
0
0
0
0
0
0
0
0
0
0
0
0
0
0
0
0
0
0
0
0
0
0
0
0
0
0
0
0
0
0
0
0
0
0
0
0
0
0
0
0
0
0
0
0
0
0
0
0
0
0
0
0
0
0
0
0
0
0
0
0
0
0
0
0
127
144
105
127
133
121
137
116
146
113
122
121
122
108
127
127
119
116
116
124
112
106
101
99
103
116
120
90
123
106
101
111
104
107
94
110
97
115
100
110
104
107
101
104
116
94
87
94
118
99
92
83
86
90
81
103
86
96
106
100
85
86
96
89
80
97
100
91
72
83
90
90
75
80
95
78
77
80
78
76
95
80
76
84
86
65
59
91
91
77
64
77
68
77
70
88
70
63
80
76
80
73
70
82
95
67
70
81
77
73
83
84
100
80
65
59
59
75
64
69
58
71
64
75
57
65
59
76
76
77
62
70
54
58
56
67
68
68
71
59
59
68
51
69
65
67
71
74
69
55
66
79
59
61
54
62
63
72
70
72
83
65
61
64
61
60
70
45
57
58
57
63
57
46
61
59
57
57
65
57
65
48
54
52
70
65
67
62
65
48
61
77
64
52
61
57
68
54
61
48
50
62
73
45
67
55
66
43
52
44
61
51
55
65
61
47
54
57
60
65
52
56
53
46
49
47
61
38
50
53
61
49
60
65
44
53
71
44
41
60
55
54
52
41
59
46
40
54
55
59
48
64
45
62
58
62
48
46
45
57
58
38
46
62
40
52
57
51
57
44
37
56
46
52
38
50
52
47
52
56
57
57
49
57
43
64
58
50
46
57
51
47
41
54
56
44
45
54
48
48
45
44
57
50
60
52
45
58
50
49
46
48
48
38
50
48
51
44
43
40
56
56
52
59
42
40
51
66
54
38
51
45
47
53
55
51
48
42
35
40
59
45
47
45
56
41
45
54
52
45
47
42
41
49
41
48
40
39
46
64
46
38
50
35
46
37
45
59
54
42
46
50
39
52
56
46
34
44
40
52
53
51
46
49
36
56
39
40
58
44
37
60
51
48
50
51
52
40
38
57
38
53
52
52
45
57
46
48
57
45
45
49
54
51
43
44
35
53
31
44
47
50
45
40
44
51
54
49
56
49
44
62
51
62
47
52
51
64
55
59
52
41
51
54
57
68
59
51
50
48
53
55
42
47
47
51
49
56
54
56
37
43
53
53
52
66
43
48
56
60
49
49
50
47
47
40
67
49
56
52
49
50
60
51
55
61
50
54
62
55
50
54
55
49
50
54
35
44
52
59
50
63
56
62
47
58
53
48
50
62
57
47
65
55
62
50
55
69
45
52
74
55
59
65
55
52
55
48
54
50
67
68
52
46
57
62
63
58
50
53
65
44
68
63
67
62
58
58
61
67
58
66
60
68
63
67
48
56
54
46
43
61
69
70
53
73
62
53
60
62
70
57
64
77
57
71
60
65
63
63
69
57
57
57
52
68
49
59
67
63
65
60
62
62
57
65
63
66
62
81
61
66
66
62
69
71
55
68
68
57
69
72
72
58
65
62
79
67
79
67
58
69
57
64
55
68
64
68
78
83
67
58
75
71
73
74
60
60
55
57
61
76
74
73
68
72
70
83
67
70
72
74
86
68
65
92
52
68
78
62
78
70
73
69
66
72
82
70
59
79
62
86
75
90
66
76
67
89
76
79
70
91
73
71
69
76
75
82
76
67
70
89
81
62
89
70
75
67
88
83
80
72
70
87
70
79
92
89
65
70
96
76
98
70
87
95
80
93
80
68
91
67
86
88
77
81
100
79
77
80
90
78
96
93
83
82
72
96
86
101
87
76
89
92
90
84
92
95
76
77
90
66
97
91
75
97
90
68
92
88
82
90
85
88
76
116
99
104
98
80
100
91
104
108
85
89
84
80
89
90
79
113
98
89
95
78
106
103
99
115
102
104
99
92
110
92
104
95
82
113
91
110
85
81
100
87
90
111
97
101
117
108
96
119
111
108
102
95
121
104
110
108
108
105
114
111
97
107
116
107
105
101
119
103
118
91
96
105
126
116
120
120
99
78
103
111
106
105
101
117
102
114
113
112
111
112
108
111
113
114
95
118
104
106
103
97
103
100
96
122
103
111
128
113
129
124
119
113
124
116
128
126
122
106
125
127
114
133
123
128
143
127
114
132
119
119
129
125
124
115
117
127
119
127
107
133
109
122
120
114
115
111
141
111
126
136
126
118
111
103
127
118
137
133
99
134
117
134
113
120
121
129
121
124
108
132
121
132
131
114
128
140
126
136
141
134
127
149
112
151
139
122
135
131
139
127
123
152
143
132
126
131
123
107
130
125
115
147
147
137
129
119
140
149
142
147
132
144
144
104
141
158
131
122
138
157
159
132
150
142
122
155
149
147
130
123
127
125
147
150
136
139
117
134
131
141
146
155
131
131
162
139
119
139
157
134
145
150
147
156
146
125
141
158
155
117
116
134
155
140
151
135
161
143
155
145
147
118
147
164
125
141
138
145
145
145
127
136
140
146
138
135
139
141
144
141
147
124
148
158
139
181
148
150
146
144
139
150
137
124
138
141
143
146
139
138
140
161
154
125
145
150
162
119
127
136
121
159
121
147
134
172
153
133
144
141
136
155
129
149
176
149
150
153
151
134
134
139
144
158
135
139
113
129
123
140
143
147
140
128
134
126
135
135
153
161
151
147
137
149
140
154
138
131
132
140
145
140
152
139
136
123
142
146
144
139
142
128
126
128
155
152
149
129
143
155
162
147
130
136
135
141
133
136
134
131
125
142
140
140
138
129
134
142
135
137
134
150
151
137
126
152
130
139
130
119
147
126
127
152
129
148
131
130
148
139
132
139
136
119
105
134
125
118
140
168
131
136
125
138
131
115
129
127
163
136
117
120
101
122
125
133
134
131
123
131
132
125
112
117
124
157
128
123
137
120
114
128
112
112
114
94
134
109
125
103
118
112
130
114
110
142
113
119
98
115
125
112
129
107
119
104
120
127
125
120
101
106
132
115
108
111
129
102
95
117
105
107
115
125
117
119
112
95
81
92
110
109
97
124
110
99
105
114
114
98
108
110
121
83
117
143
96
114
108
99
112
107
107
106
95
106
106
120
106
95
107
104
102
113
110
96
102
94
95
96
94
107
83
105
96
85
89
100
105
90
95
117
108
98
109
79
89
79
102
100
93
82
96
88
88
88
106
97
86
97
79
88
85
91
84
98
83
88
90
84
78
107
95
60
80
98
72
76
78
93
87
73
82
78
98
89
89
75
82
83
104
76
89
74
76
95
89
77
88
96
99
70
86
73
80
79
81
78
73
69
72
70
81
75
78
63
77
73
76
82
74
68
78
96
77
82
61
64
61
79
76
80
59
78
75
81
60
68
63
77
80
77
69
83
60
83
89
77
65
69
62
63
80
64
68
74
71
78
63
72
59
77
82
78
63
84
63
69
74
68
72
59
69
79
63
73
80
54
51
72
74
68
60
61
67
61
62
80
65
69
69
73
48
67
50
65
63
57
81
78
63
58
71
66
67
71
60
74
71
71
69
65
71
72
59
48
61
51
62
60
61
61
55
67
80
64
63
68
75
62
74
72
68
62
74
77
56
62
81
78
58
57
55
72
60
67
65
66
75
48
74
50
61
68
59
61
56
60
81
72
76
64
58
66
55
70
65
69
70
71
63
58
56
48
49
73
68
63
64
68
55
50
74
65
73
69
82
75
63
51
62
59
71
54
57
72
73
62
66
80
52
52
52
74
76
63
70
77
70
60
74
79
72
72
51
63
58
64
68
67
56
62
57
74
80
72
68
83
62
55
66
67
68
82
62
63
61
61
59
65
55
55
75
71
61
55
54
67
76
65
80
65
43
78
69
58
60
86
60
68
72
68
56
72
64
72
67
50
65
63
56
76
59
67
66
71
65
63
62
68
55
73
71
66
69
66
71
71
70
69
67
84
63
74
68
82
53
79
66
81
71
75
83
68
77
91
66
74
69
70
47
77
81
82
62
84
88
64
56
66
57
80
65
72
79
81
83
73
72
82
78
67
74
72
59
77
70
84
76
72
81
86
64
65
82
101
67
78
75
76
60
81
77
81
75
83
75
76
79
88
70
71
76
81
86
86
88
79
84
79
86
74
82
74
72
82
82
85
71
116
70
71
78
74
78
76
66
90
74
82
81
88
67
88
75
85
95
84
82
89
101
67
96
85
81
103
82
95
76
77
77
81
79
91
100
119
101
93
110
87
96
78
100
103
80
84
90
109
97
90
84
95
98
110
104
92
88
97
92
79
101
94
92
99
91
109
115
96
98
82
94
101
90
96
94
101
117
110
97
97
85
105
104
88
96
105
87
105
106
96
81
112
95
98
98
127
100
101
109
105
101
105
109
113
104
142
110
112
119
109
117
121
99
116
131
126
109
112
129
116
129
110
115
111
104
129
129
115
131
130
125
136
118
132
129
126
120
133
113
107
125
113
124
114
134
142
127
132
134
122
134
118
99
142
159
128
120
140
140
133
122
120
137
116
139
100
152
149
127
144
133
145
149
156
168
140
137
141
150
131
156
120
133
155
145
158
165
125
152
156
151
129
135
155
152
161
173
124
145
145
122
157
164
152
170
166
153
134
145
171
154
180
161
169
154
167
168
157
150
165
141
160
179
182
175
144
170
160
164
160
176
138
162
198
175
172
187
192
170
176
170
176
168
181
193
188
179
192
191
180
198
191
196
173
164
190
191
176
195
180
197
201
201
151
193
204
214
196
191
184
211
218
186
197
184
202
215
193
216
209
206
229
207
208
185
202
192
204
239
206
200
217
200
198
221
197
208
236
213
195
228
219
201
225
243
232
228
230
226
228
218
242
220
244
219
222
231
244
256
208
245
247
256
243
223
241
243
244
231
226
245
234
266
270
229
270
267
264
252
242
239
274
244
236
252
243
241
234
256
281
287
285
269
259
256
261
274
274
275
270
260
250
271
265
319
240
259
279
276
270
286
290
306
316
281
281
287
256
299
293
299
284
318
287
287
276
297
300
313
354
329
322
317
290
289
322
289
315
321
355
336
334
328
318
301
344
331
316
318
330
337
308
338
319
321
371
332
347
347
345
340
303
333
321
303
371
364
347
330
359
324
370
352
335
340
377
370
390
373
359
374
334
364
353
349
342
360
366
358
382
347
347
367
395
377
404
385
395
397
367
378
394
350
383
396
405
398
420
390
419
401
419
385
391
388
384
391
364
435
395
397
408
444
403
405
403
414
429
443
437
410
409
456
450
441
426
418
450
430
421
414
446
430
460
470
433
421
455
433
446
451
424
422
457
473
452
395
448
449
470
472
460
461
456
492
484
439
427
434
524
423
483
493
445
493
501
529
469
465
481
488
485
482
461
504
467
492
515
477
517
473
496
519
498
497
504
511
569
472
530
499
533
494
523
516
521
567
514
516
540
498
527
543
491
556
501
488
559
528
554
556
494
563
548
533
562
562
566
579
539
534
533
568
578
605
565
544
564
552
582
543
563
607
568
600
529
564
550
596
636
585
556
557
612
599
565
591
586
598
617
578
624
606
565
611
576
632
614
619
593
600
603
605
604
574
584
595
675
561
611
627
611
637
637
651
626
633
627
660
595
636
606
613
656
634
620
659
635
643
639
643
635
646
677
623
675
659
684
678
664
695
681
641
676
641
699
628
669
646
651
658
646
674
684
728
681
679
690
662
681
686
652
702
666
692
763
683
653
662
674
677
711
719
723
705
632
724
708
682
649
738
696
703
664
692
745
693
723
674
752
698
721
703
727
731
740
692
739
725
713
724
742
700
712
695
709
751
787
708
708
749
655
764
726
715
747
665
763
744
742
688
738
637
763
751
737
700
795
748
729
724
784
701
714
781
722
794
749
771
743
796
737
748
740
711
750
762
784
722
767
762
734
771
755
772
738
812
771
773
739
762
771
727
734
814
782
817
748
774
781
815
720
758
740
728
730
753
739
740
764
802
771
772
723
747
812
760
766
786
769
797
757
756
764
738
758
760
739
817
676
798
781
760
759
749
785
763
796
746
725
786
761
752
760
766
781
800
771
727
784
767
750
728
748
779
727
775
799
733
752
807
803
720
752
782
760
742
735
798
737
793
720
760
811
772
794
787
760
764
738
731
765
799
782
772
776
714
785
721
770
706
726
746
748
817
730
744
744
741
751
784
699
719
771
779
737
773
756
807
823
723
704
769
766
727
773
680
761
762
740
741
733
714
755
691
756
716
737
720
734
714
800
765
709
719
693
775
756
686
769
677
695
684
728
722
762
700
715
715
706
702
712
724
743
700
722
693
719
679
696
665
690
738
719
701
735
702
673
679
682
718
704
694
759
700
676
663
674
681
659
710
675
655
675
658
687
667
690
657
664
674
668
671
632
649
656
644
600
666
666
645
678
701
677
649
628
644
669
628
630
661
662
644
655
595
630
698
637
656
647
579
631
640
634
623
589
622
638
642
636
570
625
588
592
582
620
626
592
604
611
581
572
599
580
637
568
603
611
585
581
612
647
567
619
588
598
619
602
537
598
548
601
569
602
579
591
560
570
570
579
558
545
533
566
562
543
546
536
514
553
594
517
516
524
539
587
543
520
592
520
523
544
562
537
520
529
535
546
492
506
510
501
463
496
509
480
531
511
533
529
520
532
509
458
505
527
487
484
499
508
508
451
493
475
485
500
464
472
458
490
447
494
462
461
417
440
470
433
477
483
445
451
436
442
445
442
458
445
426
479
465
410
411
427
462
409
377
437
416
404
440
381
422
459
420
418
420
405
398
414
418
383
424
392
431
434
399
416
359
363
384
364
382
381
384
356
377
377
411
376
374
353
325
373
384
365
343
353
359
349
356
331
358
351
343
347
328
315
369
345
388
356
339
357
346
302
353
304
323
366
305
306
338
355
329
339
317
320
336
337
307
320
337
302
316
313
325
291
292
289
273
304
308
328
321
304
283
254
311
268
256
257
297
322
275
269
305
274
246
267
256
267
263
285
268
282
248
281
231
254
247
248
287
266
216
271
278
248
249
243
279
239
269
251
239
234
237
227
284
229
253
230
235
227
234
235
234
246
268
219
214
245
227
210
219
237
256
217
244
228
226
206
208
245
219
222
192
208
214
231
201
202
242
219
192
194
172
205
232
228
184
172
191
217
201
199
178
199
181
172
194
182
185
171
174
157
212
174
211
173
178
181
167
200
187
158
180
176
172
190
162
155
161
182
178
162
143
178
141
174
165
177
150
152
160
162
166
157
148
155
167
168
159
156
160
155
150
149
133
183
156
139
143
174
161
145
139
137
113
133
146
138
130
131
146
123
140
137
135
121
142
132
136
140
129
128
118
120
121
126
144
139
100
110
139
122
124
123
98
117
122
120
104
124
128
94
107
114
106
107
121
112
115
116
93
103
85
121
98
106
97
90
108
93
108
94
96
91
121
87
91
105
91
99
96
95
86
75
98
88
104
101
101
78
84
93
94
78
83
83
92
75
97
80
118
89
81
64
91
85
79
89
72
91
88
93
67
88
84
96
85
88
80
72
71
59
77
70
81
71
62
73
87
63
65
80
73
58
65
67
69
68
73
64
63
77
60
70
64
79
55
94
75
65
57
67
81
63
62
75
58
62
69
52
61
82
61
52
55
66
56
62
65
46
54
64
51
54
34
56
48
51
53
60
52
53
57
52
54
44
50
74
68
53
47
59
57
50
48
56
53
49
56
48
47
53
55
48
41
45
45
44
55
43
43
40
51
45
45
41
36
46
38
50
43
41
40
46
39
34
41
46
32
44
35
36
36
35
35
35
41
34
39
52
29
40
46
39
40
31
33
39
29
25
39
38
37
40
37
34
36
27
36
36
25
44
41
37
32
31
42
41
24
33
38
28
47
53
39
29
31
26
27
29
27
32
31
24
24
22
42
35
23
25
29
26
35
36
35
25
38
34
30
35
27
24
26
18
28
29
31
24
28
21
19
18
23
25
29
33
17
29
28
25
29
31
17
29
22
23
19
23
32
21
24
26
33
20
18
23
19
27
14
27
21
26
14
26
21
20
19
13
25
22
21
14
28
19
18
18
24
27
21
20
15
14
25
20
21
19
15
25
30
24
22
23
26
22
18
15
16
18
19
20
17
16
16
18
19
21
14
15
25
27
20
22
19
9
13
8
16
17
12
16
18
25
22
20
13
27
18
16
15
15
11
27
24
19
17
15
18
15
21
20
13
14
17
16
22
18
15
16
18
14
13
13
13
21
14
16
10
18
10
22
13
21
10
15
15
20
11
11
21
14
13
11
16
13
11
23
15
16
15
14
16
14
20
11
13
20
20
11
13
12
10
12
12
25
14
14
18
11
11
13
12
16
6
10
4
15
14
14
18
20
14
11
15
11
14
10
7
15
13
15
8
12
13
10
22
11
4
10
16
9
12
16
14
12
8
11
14
18
12
10
10
12
7
10
8
6
17
12
12
6
11
16
15
7
11
15
8
9
9
8
22
9
13
11
12
5
12
12
15
13
11
13
9
12
11
9
15
14
6
8
4
14
14
13
12
15
11
13
9
11
10
14
6
10
12
10
13
14
10
10
9
14
12
7
9
6
12
12
11
7
8
10
7
17
5
9
12
7
15
4
11
8
12
6
12
11
6
14
10
16
9
13
11
4
13
5
10
7
8
12
8
15
15
16
8
7
16
22
15
9
7
12
10
5
6
13
8
8
12
6
9
10
6
5
7
12
9
9
7
8
11
8
11
10
5
8
7
10
8
9
7
13
11
6
11
11
11
10
8
11
11
9
8
7
12
12
8
9
11
14
10
12
6
12
7
9
7
12
9
10
12
14
9
10
5
11
9
8
7
8
10
12
12
3
11
9
8
7
9
6
5
12
11
11
4
12
12
14
9
8
7
8
6
9
9
9
6
11
11
7
14
12
13
8
11
13
16
7
5
10
6
10
11
9
7
11
10
10
5
9
8
6
8
9
9
9
8
10
8
12
13
12
10
7
7
8
8
9
4
11
9
15
10
5
11
11
5
4
12
7
8
9
9
9
9
3
6
14
10
9
11
8
5
12
8
7
5
10
7
8
10
5
10
7
3
9
9
7
12
8
4
10
11
5
10
7
11
6
12
12
10
7
7
14
8
13
5
7
11
7
5
13
8
10
9
12
5
9
7
5
12
3
12
11
6
5
13
13
8
12
3
10
5
9
10
11
6
7
14
10
11
10
10
9
12
14
11
1
8
8
8
7
15
5
7
12
8
13
12
5
16
10
11
9
6
7
10
7
8
5
10
11
8
9
8
8
6
8
11
6
8
5
11
11
10
6
6
6
8
7
11
12
10
7
7
6
5
2
11
2
15
8
8
8
9
7
14
13
7
11
6
9
6
9
14
6
11
13
7
7
5
9
7
10
8
12
4
7
5
12
5
8
2
7
12
6
6
13
10
10
4
3
5
8
7
15
6
9
9
12
6
12
6
7
10
8
6
13
12
5
10
8
7
5
5
10
8
7
10
7
12
7
10
5
9
8
5
8
9
9
7
2
5
9
3
6
7
7
9
9
10
8
7
7
14
8
8
6
11
9
8
12
10
8
9
6
7
6
5
3
7
10
6
9
10
5
11
5
10
7
8
9
6
7
5
3
6
15
6
8
7
9
8
5
7
5
9
11
8
8
6
8
7
12
9
6
8
11
3
6
8
8
5
5
7
8
4
8
5
9
7
5
5
5
12
9
10
12
9
6
5
6
11
8
4
10
7
12
8
8
11
9
10
3
6
6
7
6
8
6
8
8
7
9
8
6
11
10
7
9
6
11
9
7
7
9
9
5
7
7
6
5
3
7
6
4
11
9
9
11
8
9
9
8
4
8
7
7
8
0
4
7
7
7
7
8
6
8
3
10
6
6
4
8
6
9
8
14
6
6
5
11
9
6
7
9
5
13
5
9
8
11
10
7
7
6
6
5
5
8
6
6
6
10
7
6
5
3
4
11
7
4
7
3
9
11
5
7
9
10
5
5
6
8
13
9
4
9
8
7
5
7
8
9
6
7
8
11
9
8
7
10
6
5
5
9
10
11
6
6
10
5
8
3
10
9
6
9
3
9
8
8
7
3
8
6
9
11
6
7
6
8
2
3
9
6
8
5
7
9
6
7
8
12
5
5
10
6
13
8
8
9
8
7
10
7
6
5
8
8
7
8
7
10
5
1
5
9
6
7
6
9
10
8
10
2
9
5
5
9
5
5
8
3
3
11
8
11
4
5
7
7
7
6
12
6
6
4
9
8
9
6
8
6
7
4
7
4
7
9
10
8
6
5
10
10
7
8
4
5
5
8
7
1
4
11
9
9
8
7
11
4
6
8
8
7
10
11
7
5
6
11
5
2
8
5
6
7
8
6
6
6
11
6
6
7
4
2
9
5
4
4
6
6
6
8
5
7
10
5
3
8
8
6
6
9
10
4
7
9
4
7
4
5
6
10
8
10
8
3
7
7
8
5
6
4
8
6
8
4
6
9
3
11
8
7
6
8
5
8
7
3
5
4
10
6
7
9
7
4
9
13
6
4
9
5
6
7
6
3
9
7
8
9
7
5
6
10
10
6
10
3
3
4
6
5
5
9
10
5
5
9
12
7
3
9
10
10
9
11
9
6
4
9
13
8
4
6
2
7
7
9
12
5
7
6
7
7
4
6
5
6
7
8
8
6
5
6
10
10
6
6
4
7
1
7
13
7
6
7
3
7
4
4
9
8
6
9
4
6
13
6
5
8
8
5
4
6
4
8
11
6
8
2
8
5
7
8
7
13
11
3
8
16
5
6
7
3
6
5
5
5
7
10
7
9
8
8
7
9
8
9
12
5
4
4
12
2
5
4
5
9
9
10
4
9
4
8
5
7
9
7
5
4
7
9
4
8
11
8
5
12
8
6
4
5
8
6
5
7
4
9
9
8
7
13
11
10
3
6
7
8
5
8
5
5
4
10
6
5
7
2
9
4
9
4
5
4
10
6
5
6
6
2
5
7
6
5
8
6
6
5
5
4
10
2
13
6
7
7
14
7
6
9
5
5
8
7
8
8
10
9
11
7
3
6
7
7
8
10
10
4
8
4
7
5
5
7
6
8
4
9
5
11
6
8
6
6
6
6
4
6
4
5
9
7
4
5
6
6
5
3
4
7
6
4
5
10
4
10
9
2
12
6
7
6
7
4
1
5
7
10
8
5
8
8
9
7
8
9
9
6
9
8
8
9
12
5
3
8
9
8
17
4
6
7
10
15
10
4
3
11
10
10
5
4
8
5
9
9
7
6
8
5
9
5
6
2
8
4
7
8
6
6
6
5
9
3
7
4
5
10
9
9
11
4
4
8
7
4
9
7
6
8
12
4
5
11
4
8
7
8
11
5
7
7
9
8
10
7
7
2
8
7
7
7
8
10
6
5
9
8
6
8
8
6
4
6
8
8
7
7
10
7
9
8
3
7
5
8
8
8
2
3
5
7
11
6
7
9
7
10
11
5
6
6
8
8
7
9
7
3
10
9
5
7
7
4
9
5
7
11
6
9
8
9
7
5
3
12
9
8
10
7
7
10
10
5
9
11
8
5
7
4
5
5
9
6
10
7
5
4
8
9
14
12
6
5
7
8
7
7
6
9
9
5
6
7
5
6
8
9
7
4
7
6
10
10
3
7
10
3
4
8
6
8
7
7
3
10
7
5
9
1
9
6
2
10
8
9
7
10
6
4
6
9
6
2
7
6
4
4
7
6
6
5
7
8
7
8
8
9
13
1
4
7
10
9
16
5
4
6
5
8
6
11
7
7
7
10
8
9
6
9
5
6
6
9
5
6
10
8
11
8
6
7
4
11
6
8
4
5
11
7
5
5
5
7
7
12
6
7
5
5
12
9
6
11
9
8
9
12
9
8
7
7
10
7
12
4
10
6
16
10
5
5
8
6
10
3
5
2
4
5
4
6
12
4
6
10
4
10
10
14
7
1
8
10
3
5
7
3
6
6
8
6
10
9
8
4
8
6
6
14
10
9
15
4
13
7
6
4
7
6
9
2
8
14
7
5
4
11
4
5
12
4
7
8
6
9
6
7
7
8
8
2
7
12
6
15
6
8
8
9
7
9
6
8
11
5
3
5
8
5
8
7
11
4
7
10
11
4
7
7
5
7
8
15
8
9
10
7
7
8
6
6
4
1
10
9
7
9
4
7
4
6
9
9
4
12
6
4
5
6
9
7
10
10
7
3
3
10
11
8
9
6
10
10
9
10
3
8
12
14
13
5
5
4
9
7
7
5
6
11
7
9
7
7
7
6
9
4
7
8
3
3
6
7
5
7
10
4
6
17
5
12
11
11
13
5
6
5
9
7
9
13
10
11
6
4
4
7
2
6
7
8
6
7
7
4
3
7
5
6
7
6
6
10
7
8
8
5
3
9
10
12
6
8
6
4
8
5
6
5
4
14
7
13
6
6
7
7
9
10
8
10
11
9
9
7
8
7
6
7
6
11
8
9
10
13
5
11
10
10
15
7
6
9
2
2
13
8
6
4
3
10
12
11
9
8
11
13
6
12
9
5
10
8
6
7
7
4
9
9
7
9
5
11
6
7
9
4
5
8
6
6
6
9
5
6
12
8
5
9
9
9
7
3
9
7
10
11
5
11
8
8
10
6
6
3
12
4
2
7
8
7
15
5
10
5
8
3
12
3
6
6
7
7
8
14
9
7
6
3
4
8
9
9
7
10
4
8
8
8
7
8
8
4
1
7
4
8
9
8
7
9
5
9
8
3
4
5
4
4
8
5
11
8
10
8
7
6
7
7
13
7
6
3
8
3
3
6
13
5
10
4
7
11
10
7
6
5
6
7
9
6
9
3
7
5
11
6
8
3
8
8
7
7
6
7
8
8
7
3
6
5
9
4
8
3
8
12
10
9
4
7
6
4
10
8
5
4
6
12
6
0
4
5
2
9
5
8
16
4
3
0
2
11
2
11
6
7
8
13
12
9
4
11
7
7
8
6
8
7
6
3
3
10
3
8
2
7
4
9
8
4
3
10
5
4
5
10
6
4
5
10
7
8
5
8
6
4
4
9
10
7
5
8
12
5
2
6
8
7
5
7
7
6
1
7
7
1
3
7
7
3
5
8
7
3
4
2
11
3
6
10
7
5
10
5
7
9
8
6
3
6
7
5
6
4
5
6
7
9
7
9
7
7
5
4
7
8
8
10
4
6
4
1
4
3
7
8
7
5
12
5
9
7
10
4
7
12
4
6
10
3
1
7
8
7
6
5
4
5
7
2
8
7
7
14
4
4
6
5
3
3
5
5
7
5
4
4
13
5
5
9
1
6
7
3
5
7
3
5
5
4
6
11
9
10
5
7
8
6
6
3
6
5
5
1
6
4
6
3
6
7
12
2
7
6
1
7
7
3
7
3
4
8
5
4
4
6
4
3
1
12
4
5
9
1
2
7
5
6
1
3
7
6
6
11
4
6
4
6
3
8
3
4
2
5
11
4
5
6
2
3
9
6
3
6
3
5
4
7
4
7
4
4
7
8
4
4
3
7
5
7
6
6
1
3
2
3
5
5
3
6
3
5
4
5
8
6
6
5
8
6
5
5
2
4
4
5
3
4
8
5
2
1
4
5
8
3
6
2
4
5
5
7
3
6
7
5
3
3
4
3
5
6
3
7
0
3
5
5
5
4
6
2
4
3
5
2
4
1
3
6
2
5
4
4
3
0
6
0
4
1
4
1
3
6
3
5
7
3
5
8
4
2
4
2
2
4
2
3
8
5
2
4
1
3
0
5
1
2
3
0
3
5
1
7
0
6
2
3
3
2
4
6
9
3
5
5
2
2
3
2
3
4
4
5
3
3
0
3
1
2
4
4
3
2
1
4
4
5
3
2
2
1
1
4
3
5
4
4
4
3
5
4
3
3
2
2
3
4
1
4
6
3
3
3
2
2
4
0
6
3
1
3
3
4
3
1
4
4
2
2
1
1
1
3
4
2
4
3
3
6
2
5
1
1
3
3
3
2
2
3
1
3
4
2
4
4
3
2
1
3
2
4
0
6
0
2
2
3
0
1
1
2
5
3
2
0
1
2
3
3
1
4
2
2
1
2
4
0
0
3
1
1
2
0
0
4
4
3
5
1
1
3
0
3
0
2
2
1
2
2
2
4
1
0
2
1
2
3
3
2
0
1
3
3
3
1
2
2
1
2
4
1
1
2
2
2
3
3
2
3
3
2
1
0
0
1
3
4
0
0
2
2
0
3
0
2
3
1
2
2
4
2
0
1
0
1
0
3
3
0
1
3
3
2
0
4
1
0
3
1
0
0
1
0
0
2
0
1
1
2
2
2
2
2
1
2
2
0
3
0
2
3
2
4
2
0
1
2
0
4
0
1
3
1
4
0
0
0
3
4
0
4
2
4
4
0
2
1
3
1
1
1
3
0
2
1
1
1
1
5
1
1
1
2
0
2
1
0
0
1
1
2
0
0
2
1
1
0
1
2
2
2
2
1
0
1
0
1
1
1
0
2
5
1
0
5
1
4
2
0
3
3
2
1
2
1
1
3
0
2
2
1
3
1
1
2
1
2
0
0
0
0
1
3
1
2
3
2
2
1
2
1
1
3
1
3
2
0
0
1
4
2
3
0
0
2
1
2
1
0
1
1
0
1
1
0
0
0
0
0
2
0
3
1
0
0
0
0
2
0
2
2
0
0
0
1
1
4
1
2
0
1
2
0
3
0
1
0
2
4
1
0
1
0
2
2
0
2
0
2
1
2
0
1
1
1
0
0
1
0
0
0
1
0
0
0
2
2
1
1
0
1
0
3
3
0
2
0
0
1
1
1
1
0
0
1
2
2
0
1
0
0
1
2
0
0
1
3
1
0
3
1
0
2
0
1
0
1
2
1
1
1
1
0
1
0
1
0
0
0
0
0
1
0
0
0
1
0
0
2
0
1
1
0
1
1
2
0
0
0
0
1
0
0
0
1
0
0
0
2
0
0
0
1
0
1
2
1
1
0
0
0
0
0
0
4
0
0
1
0
1
1
3
1
0
1
1
0
0
1
1
0
1
1
0
0
2
0
2
1
0
0
0
0
1
1
0
0
0
0
1
0
1
0
2
0
0
0
0
1
0
1
1
0
0
0
0
0
0
1
0
0
0
0
1
0
1
0
0
0
1
0
2
0
1
0
1
0
0
1
0
3
1
1
1
0
0
0
0
0
1
1
0
0
0
0
0
1
0
0
0
0
0
0
0
0
1
0
1
0
1
0
0
0
1
0
0
1
1
0
0
0
0
0
1
0
0
0
2
2
0
0
0
2
1
0
0
0
0
2
1
0
0
0
2
0
0
1
0
0
1
1
0
0
0
0
0
1
0
0
0
0
0
1
0
0
0
0
0
0
0
0
1
0
1
0
1
0
0
0
0
0
0
0
0
0
0
1
0
0
0
0
0
1
0
1
0
0
0
0
1
0
0
0
1
0
0
1
0
0
1
0
1
0
0
0
0
0
0
0
1
0
0
0
0
1
0
1
0
0
0
1
0
0
0
0
0
1
0
0
0
0
0
0
0
2
0
1
0
1
0
0
1
0
0
1
0
2
0
0
0
2
1
1
1
0
0
1
0
0
0
0
0
0
0
0
0
0
0
0
2
0
0
0
0
1
0
0
0
1
1
0
0
0
0
1
0
0
0
0
0
1
0
0
1
1
0
0
1
1
0
0
0
1
0
0
1
0
0
0
0
1
0
0
1
1
0
0
0
0
0
0
0
0
0
0
3
0
1
0
0
0
0
0
0
0
0
0
0
1
0
0
0
1
1
0
0
1
0
0
0
0
0
0
1
0
0
0
0
1
0
0
0
0
0
0
0
0
0
0
2
0
0
1
0
0
1
0
1
1
0
0
0
2
0
2
0
0
0
0
0
0
0
1
0
0
0
0
0
0
0
0
2
1
0
0
1
0
0
0
0
0
1
0
0
0
0
1
0
0
1
0
0
1
0
0
0
1
0
0
0
0
1
1
2
0
0
0
1
0
0
0
0
0
0
0
0
0
0
0
0
0
0
1
0
1
0
0
0
0
0
0
1
0
0
0
0
0
0
0
0
0
0
0
0
0
0
0
1
0
0
0
0
0
0
0
0
0
1
0
1
0
1
0
0
0
0
0
0
0
0
2
0
2
2
0
0
1
0
1
0
0
0
0
2
1
0
0
0
0
0
0
0
0
0
0
0
0
0
0
0
0
0
1
0
1
0
0
0
1
0
0
0
1
0
0
1
1
0
0
0
0
0
0
0
0
0
0
0
1
1
1
1
0
0
0
1
1
1
0
0
0
0
0
0
1
1
0
0
0
0
0
1
0
0
0
0
0
0
0
0
0
0
0
0
0
0
0
0
0
0
0
0
0
0
0
0
0
0
0
0
0
0
0
0
0
0
0
1
0
0
0
0
0
0
0
0
0
0
0
1
1
0
0
0
0
0
0
1
0
0
0
0
0
0
0
0
0
0
0
0
0
0
1
0
1
0
0
0
0
0
0
0
0
0
0
0
0
0
1
0
0
1
0
0
0
0
1
1
0
0
0
0
0
0
0
0
0
1
0
1
0
0
0
0
0
0
0
0
1
0
0
1
0
0
0
0
0
0
0
0
0
1
1
0
0
0
0
0
0
0
0
0
0
0
0
0
0
0
0
0
0
1
1
0
1
0
1
2
0
0
0
0
1
0
0
0
0
0
0
0
0
0
0
1
0
0
0
0
0
0
0
0
1
0
0
0
0
0
0
0
0
0
0
0
0
1
0
0
1
0
0
0
0
0
1
0
0
0
0
0
0
0
1
1
0
1
1
1
0
0
0
0
0
0
0
0
0
0
0
0
0
0
0
0
0
1
0
0
1
0
0
1
0
0
0
0
0
1
0
0
0
0
0
0
0
0
0
0
0
0
0
0
0
0
0
0
0
1
0
0
1
1
0
1
0
0
0
0
0
0
0
0
2
1
0
0
0
0
0
0
0
0
0
1
0
0
0
0
0
1
0
1
0
0