0
0
0
0
0
0
0
0
0
0
0
0
0
0
0
0
0
0
0
0
0
0
0
0
0
0
0
0
0
0
0
0
0
0
0
0
0
0
0
0
0
0
0
0
0
0
0
0
0
0
0
0
0
0
0
0
0
0
0
0
0
0
0
0
0
0
0
0
0
0
0
0
0
0
0
0
0
0
0
0
0
0
0
0
0
0
0
0
0
0
0
0
0
0
0
0
0
0
0
0
0
0
0
0
0
0
0
0
0
0
0
0
0
0
0
0
0
0
0
0
0
0
0
0
0
0
0
0
0
0
0
0
0
0
0
0
0
0
0
0
0
0
0
0
0
0
0
0
0
0
0
0
0
0
0
0
0
0
0
0
0
0
0
0
0
0
0
0
0
0
0
0
0
0
0
0
0
0
0
0
0
0
0
0
0
0
0
0
0
0
0
0
0
0
0
0
0
0
0
0
0
0
0
0
0
0
0
0
0
0
0
0
0
0
0
0
0
0
0
0
0
0
0
0
0
0
0
0
0
0
0
0
0
0
0
0
0
0
0
0
0
0
0
0
0
0
0
0
0
0
0
0
0
0
0
0
0
0
0
0
0
0
0
0
0
0
0
0
0
0
0
0
0
0
0
0
0
0
0
0
0
0
0
0
0
0
0
0
0
0
0
0
0
0
0
0
0
0
0
0
0
0
0
0
0
0
0
0
0
0
0
0
0
0
0
0
0
0
0
0
0
0
0
0
0
0
0
0
0
0
0
0
0
0
0
0
0
0
0
0
0
0
0
0
0
0
0
0
0
0
0
0
0
0
0
0
0
0
0
0
0
0
0
0
0
0
0
0
0
0
0
0
0
0
0
0
0
0
0
0
0
0
0
0
0
0
0
0
0
0
0
0
0
0
0
0
0
0
0
0
0
0
0
0
0
0
0
0
0
0
0
0
0
0
0
0
0
0
0
0
0
0
0
0
0
0
0
0
0
0
0
0
0
0
0
0
0
0
0
0
0
0
0
0
0
0
0
0
0
0
0
0
0
0
0
0
0
0
0
0
0
0
0
0
0
0
0
0
0
0
0
0
0
0
0
0
0
0
0
0
0
0
0
0
0
0
0
0
0
0
0
0
0
0
0
0
0
0
0
0
0
0
0
0
0
0
0
0
0
0
0
0
0
0
0
0
0
0
0
0
0
0
0
0
0
0
0
0
0
0
0
0
0
0
0
0
0
0
0
0
0
0
0
0
0
0
0
0
0
0
0
0
0
0
0
0
0
0
0
0
0
0
0
0
0
0
0
0
0
0
0
0
0
0
0
0
0
0
0
0
0
0
0
0
0
0
0
0
0
0
0
0
0
0
0
0
0
0
0
0
0
0
0
0
0
0
0
0
0
0
0
0
0
0
0
0
0
0
0
0
0
0
0
0
0
0
0
0
0
0
0
0
0
0
0
0
0
0
0
0
0
0
0
0
0
0
0
0
0
0
0
0
0
0
0
0
0
0
0
0
0
0
0
0
0
0
0
0
0
0
0
0
0
0
0
0
0
0
0
0
0
0
0
0
0
0
0
0
0
0
0
0
0
0
0
0
0
0
0
0
0
0
0
0
0
0
0
0
0
0
0
0
0
0
0
0
0
0
0
0
0
0
0
0
0
0
0
0
0
0
0
0
0
0
0
0
0
0
0
0
0
0
0
0
0
0
0
0
0
0
0
0
0
0
0
0
0
0
0
0
0
0
0
0
0
0
0
0
0
0
0
0
0
0
0
0
0
0
0
0
0
0
0
0
0
0
0
0
0
0
0
0
0
42
64
64
67
60
78
67
61
69
68
61
60
48
66
93
67
66
57
58
46
61
53
57
57
51
58
51
68
67
64
67
51
58
54
70
47
68
53
50
60
56
48
73
56
60
53
48
47
53
54
56
62
55
55
51
49
53
48
49
57
53
46
43
51
57
44
61
53
51
52
48
46
52
52
36
51
41
42
44
55
34
62
45
53
45
49
35
60
42
42
65
44
43
46
53
75
45
55
51
41
55
51
51
42
48
45
48
38
47
53
40
47
38
59
55
42
56
51
47
41
39
33
33
47
35
37
48
48
47
57
54
49
36
45
42
54
45
44
36
35
49
43
36
46
51
35
46
40
40
51
37
29
38
40
43
53
35
40
31
30
41
45
42
35
54
34
36
55
41
36
47
41
33
38
37
28
40
49
28
40
34
45
41
35
39
41
36
35
45
35
35
36
38
40
36
44
37
45
43
39
46
35
29
34
50
39
35
34
37
35
42
34
39
30
35
24
34
37
34
32
45
37
41
49
41
41
34
36
30
31
34
33
38
35
40
37
45
36
23
27
31
41
43
33
33
34
29
35
42
33
33
46
25
40
35
38
37
38
32
34
42
39
38
36
29
26
38
39
38
30
35
39
29
36
30
32
37
33
40
40
37
42
42
43
41
23
36
39
35
33
24
31
37
36
27
38
44
33
27
36
40
35
26
36
34
41
39
34
33
30
35
37
35
42
33
31
34
39
27
33
31
29
36
28
30
34
24
37
35
32
21
36
24
29
30
26
30
25
30
34
39
49
38
38
47
35
35
21
28
36
35
33
31
26
29
47
39
38
31
45
31
45
29
38
29
34
32
22
26
40
26
33
34
33
29
38
43
42
19
36
28
26
36
29
31
29
31
30
30
27
34
30
29
27
34
25
30
21
31
31
29
33
32
41
30
36
32
33
31
33
35
27
30
35
20
29
36
32
27
31
26
28
25
26
28
37
32
40
26
30
33
36
31
39
35
29
25
38
38
25
35
31
23
22
30
46
36
31
37
30
35
33
26
27
36
38
34
27
32
30
29
29
28
33
16
38
22
30
34
34
30
38
29
33
27
31
38
26
26
37
36
29
33
22
34
27
34
37
21
32
34
26
35
37
38
24
38
39
29
28
36
30
32
27
36
31
34
36
22
35
34
38
31
35
34
40
47
30
45
27
36
34
39
33
38
40
30
29
36
31
29
31
35
33
24
44
37
36
25
23
37
32
38
38
37
31
36
27
40
35
37
37
39
36
37
42
29
26
36
30
37
34
38
35
28
32
37
37
32
31
28
33
34
33
31
31
33
34
35
39
50
32
36
28
29
36
31
45
25
31
37
41
30
34
33
30
32
38
43
34
27
38
31
34
25
49
44
29
38
33
42
30
36
46
35
31
37
42
38
38
32
26
40
34
34
34
28
45
37
26
41
35
30
29
38
36
41
31
28
32
42
47
25
45
31
47
42
40
36
37
28
37
36
35
31
40
39
38
34
27
30
36
42
35
41
35
28
26
45
46
40
35
34
37
27
29
36
44
24
42
39
36
37
37
37
37
37
31
35
51
33
43
44
35
34
37
40
43
35
48
47
44
37
35
32
38
41
39
38
38
40
42
37
31
38
46
37
25
36
41
41
38
45
26
34
38
36
40
36
34
46
46
43
38
38
59
37
34
35
35
35
32
39
37
37
33
36
45
37
39
33
41
38
37
33
39
36
40
38
38
40
43
42
41
47
31
39
46
50
49
57
45
52
46
43
42
49
40
46
41
35
54
41
36
46
37
36
43
32
45
38
46
45
52
36
44
52
42
41
40
36
47
26
47
52
56
49
51
45
50
40
34
45
49
42
39
40
37
40
41
45
32
45
34
50
43
52
35
33
37
43
44
46
34
41
39
38
48
45
53
45
37
54
44
34
54
45
34
37
38
43
37
43
37
50
57
38
60
36
49
31
52
47
45
48
54
45
50
51
56
46
48
44
50
47
44
46
46
66
42
42
50
41
45
39
55
49
52
50
27
46
45
51
51
38
57
50
44
43
47
47
61
49
39
45
62
44
52
39
58
48
36
58
50
34
46
45
61
40
56
40
49
45
46
41
40
50
49
58
43
61
52
42
48
63
55
62
45
51
50
65
51
55
44
44
64
54
67
56
56
48
47
52
41
49
53
59
59
49
50
56
53
63
53
52
53
55
54
62
61
57
39
40
60
47
58
74
49
71
59
61
66
69
57
56
54
56
57
66
58
53
53
59
50
55
55
59
66
44
54
52
51
44
57
46
51
57
48
65
68
52
53
72
70
65
65
65
60
72
73
62
76
63
62
64
72
68
60
71
59
54
53
65
68
63
79
60
60
67
66
71
84
49
69
64
70
81
52
61
68
74
63
73
67
60
58
70
65
68
62
75
70
59
73
59
73
70
62
50
51
69
77
69
56
73
56
73
67
66
79
82
64
79
72
66
63
54
68
67
62
88
63
56
73
66
76
81
57
66
63
63
86
52
78
59
71
63
85
71
85
72
71
77
64
62
80
84
76
73
62
71
79
64
74
72
72
71
74
79
84
77
70
85
89
88
81
78
74
93
92
67
71
69
64
80
91
78
67
69
84
75
77
85
79
72
78
75
91
77
84
67
77
99
79
73
74
70
65
82
65
78
78
76
80
91
67
89
77
68
95
78
83
80
76
72
77
82
96
94
103
75
66
80
78
95
87
84
98
85
79
84
100
88
95
89
74
97
98
91
91
87
94
84
90
87
96
84
80
87
100
96
86
106
99
73
81
85
108
86
82
89
92
83
81
82
79
98
77
90
78
85
88
74
101
100
96
96
84
94
92
95
94
113
94
86
89
81
100
91
93
83
97
99
100
108
89
92
94
98
83
97
91
114
102
91
89
112
98
105
109
91
98
80
95
112
110
112
99
96
101
83
94
111
92
92
103
97
104
103
79
99
105
86
110
108
124
89
87
104
108
83
106
111
117
120
107
107
84
96
108
105
104
99
121
101
115
109
106
109
99
105
109
137
95
113
105
102
128
113
113
119
112
100
125
111
115
107
106
110
108
117
113
96
115
113
120
107
111
111
102
101
112
108
99
105
110
110
97
86
102
121
106
107
120
107
128
108
119
107
107
107
112
99
113
98
105
130
112
124
91
114
90
113
110
117
122
110
120
114
106
114
112
85
114
104
121
135
121
112
122
129
112
118
115
101
105
114
114
116
128
110
118
105
102
96
108
119
100
127
115
104
109
114
111
107
89
115
125
118
122
109
113
124
119
113
102
106
122
111
114
96
115
105
118
134
113
115
110
115
108
115
108
114
103
107
140
108
112
114
112
114
130
118
129
120
116
113
118
124
107
109
97
103
106
125
96
103
106
123
106
137
110
100
94
122
119
135
88
125
124
137
112
118
124
134
108
108
118
119
96
113
121
117
104
112
123
124
109
107
123
109
109
99
117
112
122
110
109
104
107
106
126
114
116
127
98
114
118
119
106
108
136
116
106
110
105
117
109
96
119
108
103
105
116
106
80
101
97
99
116
92
112
98
96
117
109
105
120
98
121
112
99
109
115
120
114
128
100
105
120
96
127
103
102
115
113
85
98
100
106
111
112
84
99
114
91
114
111
87
121
97
87
118
115
96
97
106
86
108
109
108
126
117
102
100
105
100
100
97
96
102
93
100
112
97
108
91
96
88
86
101
88
107
106
98
89
100
79
97
105
97
98
94
113
104
97
100
93
80
85
82
97
93
86
96
74
91
84
90
90
74
97
89
97
101
95
98
107
78
101
71
93
85
98
108
88
74
82
96
96
69
85
105
97
93
93
103
85
86
78
91
88
113
100
93
98
100
106
68
88
96
101
90
84
82
82
91
92
87
78
90
79
96
98
68
83
79
84
73
80
68
86
73
81
70
85
93
80
86
79
85
82
84
75
87
78
85
99
83
74
84
90
92
83
80
74
78
82
73
64
75
76
78
92
63
75
65
71
83
79
81
76
81
71
71
58
77
67
71
70
71
65
76
83
80
67
62
90
80
78
67
42
70
73
76
74
69
71
73
83
69
76
56
66
64
76
66
63
67
66
69
70
69
62
76
65
54
65
67
56
77
68
65
71
56
67
66
49
59
80
68
63
77
73
67
60
57
66
72
77
81
68
51
82
65
57
59
65
73
61
70
59
61
63
63
73
58
68
56
59
68
56
67
58
73
68
64
64
64
59
51
58
66
82
72
60
66
65
49
45
55
68
70
61
62
65
68
65
55
70
48
55
71
60
64
56
60
67
62
68
68
67
60
53
67
60
56
59
59
48
52
55
52
55
50
64
54
58
53
57
59
49
64
65
59
54
51
65
69
53
73
58
46
67
67
60
53
48
57
53
54
44
54
59
68
53
57
57
54
38
56
57
57
58
55
53
42
46
64
51
55
42
55
49
47
60
54
51
58
54
53
46
44
51
51
50
56
55
44
52
49
54
53
44
46
65
50
38
52
47
56
61
47
43
55
57
50
62
49
57
59
54
48
49
55
53
51
47
53
48
44
51
59
65
56
56
46
45
54
54
56
58
35
54
53
37
46
58
54
44
53
53
53
41
51
46
53
48
60
37
56
38
46
45
27
48
51
39
48
52
52
54
48
49
40
41
49
37
40
53
40
58
44
63
34
45
48
49
56
38
39
45
46
37
40
45
47
46
43
55
40
50
55
41
55
43
43
46
36
46
49
62
38
43
49
46
48
43
45
54
47
37
45
48
50
49
50
43
50
43
47
49
43
51
49
56
34
37
43
47
39
31
43
56
43
57
46
43
50
56
40
52
45
47
36
38
59
49
47
43
34
46
47
44
62
48
40
45
55
36
54
51
45
52
35
45
44
42
46
51
43
52
56
58
50
53
49
49
52
60
47
54
58
52
39
43
37
39
46
48
53
52
50
41
51
39
51
56
50
45
30
45
46
55
47
41
35
56
54
39
42
44
45
46
36
48
43
36
50
53
43
50
44
48
54
57
35
35
34
45
47
46
51
51
40
47
52
53
48
41
45
39
51
44
42
56
55
45
46
49
42
49
42
39
47
34
40
34
52
45
43
34
44
38
48
46
47
35
48
39
45
47
49
37
41
36
50
49
59
34
51
52
45
64
40
57
49
36
45
52
52
49
41
48
52
44
49
52
50
52
53
43
43
53
40
51
40
38
46
54
44
50
39
45
52
46
49
43
38
58
48
45
49
48
50
33
52
46
41
51
53
46
55
48
56
42
56
42
53
51
45
44
55
51
53
59
41
54
58
47
41
42
48
41
49
54
44
41
57
62
43
51
52
65
54
49
49
40
65
62
59
53
51
48
58
66
48
50
46
60
46
59
54
59
53
49
47
61
61
53
49
51
50
61
47
56
49
51
56
49
69
54
50
48
50
65
62
56
70
51
43
69
63
55
56
49
59
50
58
53
66
52
52
58
44
57
65
56
53
55
67
44
63
54
55
52
63
64
56
66
75
62
58
66
61
73
73
48
68
63
60
58
70
64
51
63
57
71
66
63
59
66
59
59
53
48
71
62
59
65
57
68
52
61
70
78
72
60
60
72
64
63
54
71
68
62
70
67
77
63
72
68
74
68
87
58
67
59
68
76
61
63
51
74
74
77
55
79
72
68
74
87
77
84
58
56
60
84
73
65
60
68
68
77
73
82
75
92
85
66
73
69
86
93
52
81
81
69
92
76
89
80
83
64
82
80
55
70
61
66
67
81
83
68
81
85
79
57
95
95
80
82
86
68
74
68
85
84
67
76
72
72
76
89
79
70
76
81
81
74
82
74
67
82
75
87
85
88
85
89
92
95
79
72
84
95
82
81
105
85
78
86
88
78
92
94
86
96
91
80
104
79
79
96
79
91
98
108
90
80
84
85
76
97
101
78
94
72
82
86
86
83
90
87
79
91
94
90
92
93
99
100
85
76
82
112
91
108
117
101
96
104
89
112
97
89
96
104
93
107
99
131
108
96
94
119
113
104
92
86
109
101
109
95
116
99
103
104
112
108
90
99
115
108
123
99
123
116
96
107
90
112
111
119
97
112
110
116
114
108
123
109
123
130
111
105
124
103
125
82
129
118
125
116
131
123
125
110
111
107
106
121
116
107
130
109
125
136
120
114
116
118
136
138
119
131
127
102
133
119
121
126
114
137
117
137
138
116
109
145
124
115
114
120
126
139
135
145
137
128
102
122
120
142
150
130
124
130
126
151
142
142
154
129
142
140
151
127
121
152
137
140
125
162
156
147
134
147
130
142
144
141
155
151
158
148
146
155
148
141
152
119
160
150
137
149
140
157
180
152
170
138
136
171
154
154
143
144
156
165
162
148
166
136
166
149
126
176
166
173
164
179
172
150
141
160
152
171
190
142
141
196
146
170
175
170
156
160
157
169
145
172
161
177
175
203
199
187
163
157
158
185
161
189
181
180
164
188
176
191
159
207
182
156
187
175
199
180
197
192
173
199
183
195
190
174
170
191
217
201
188
179
186
204
220
179
215
219
190
209
186
172
196
183
202
221
218
196
188
195
193
215
187
241
204
210
211
210
206
203
183
188
195
197
209
220
213
206
198
204
218
206
210
192
221
233
218
219
214
201
221
203
219
217
235
240
219
247
227
211
234
234
260
221
224
214
241
248
221
232
235
231
210
253
243
231
250
214
252
237
245
232
250
237
212
245
267
252
253
237
227
225
237
264
238
247
256
279
240
243
256
262
279
234
269
245
246
273
289
249
235
260
260
256
259
262
265
290
264
271
252
268
260
267
297
266
262
261
279
239
275
286
268
299
275
285
332
268
289
304
266
282
303
260
289
298
289
296
296
308
266
288
260
302
277
291
323
271
298
268
291
281
274
300
283
297
284
298
319
286
293
325
317
259
335
303
333
340
282
331
315
325
325
340
315
312
331
356
324
321
349
357
330
301
332
343
346
345
350
346
315
309
336
327
320
344
341
334
317
382
319
340
311
393
335
336
345
331
352
317
330
362
380
338
354
322
348
347
353
313
353
352
343
352
357
374
337
365
374
358
338
383
380
371
399
347
361
387
368
381
403
342
383
375
396
413
402
390
345
388
410
422
370
392
389
380
388
388
375
373
398
359
427
392
386
395
382
452
426
379
389
356
416
466
416
406
402
401
398
407
401
418
431
437
413
405
421
397
402
437
436
400
447
393
419
415
402
448
430
440
446
433
415
435
416
410
435
420
446
452
471
428
444
452
441
429
422
426
443
461
440
444
455
455
441
448
463
442
478
440
430
461
438
429
459
449
432
460
455
493
405
471
422
453
479
507
432
491
452
437
475
452
469
467
508
494
474
457
461
443
459
470
488
455
450
439
512
503
523
471
460
498
463
478
505
492
510
499
508
526
511
501
492
502
528
516
477
491
533
508
528
545
462
499
505
525
476
466
500
537
509
490
469
501
481
512
512
539
537
539
509
547
540
513
511
530
506
537
524
524
506
509
511
511
517
506
527
491
524
553
513
543
477
490
532
555
499
499
540
548
502
511
535
546
522
528
537
567
520
525
548
575
536
572
524
535
552
532
522
572
526
545
567
588
552
540
557
567
615
521
536
568
596
568
572
585
592
575
581
555
588
486
565
572
605
569
550
562
587
553
568
538
579
582
597
620
597
580
580
554
557
627
570
544
575
585
613
578
573
579
545
539
551
570
537
535
568
594
554
547
559
574
582
628
551
588
556
600
588
581
618
593
603
604
604
533
557
588
602
550
631
585
571
592
588
536
602
582
626
568
588
588
628
575
599
600
585
589
579
564
579
611
609
567
580
586
619
570
617
632
641
602
609
626
572
555
557
635
624
621
576
570
605
580
605
615
560
573
578
605
559
597
592
599
578
623
627
612
616
617
595
619
598
611
585
599
601
581
562
593
640
566
584
571
584
580
641
619
627
613
611
636
549
606
618
588
624
610
614
533
601
617
621
616
610
580
603
602
584
585
630
587
511
615
593
595
574
601
640
615
609
578
618
616
590
617
590
592
632
604
630
602
559
572
596
616
598
593
584
596
569
583
629
654
579
615
598
598
597
583
564
575
610
590
557
605
584
550
588
590
598
578
592
581
553
572
613
558
608
549
541
564
553
583
575
609
595
579
541
624
584
618
592
579
566
570
597
599
577
592
568
570
591
589
556
586
571
609
586
552
595
580
524
539
579
572
597
573
559
587
574
565
541
530
556
596
527
568
565
567
565
585
598
556
588
547
568
592
565
584
540
525
593
538
565
510
561
541
583
559
612
506
577
592
530
552
600
523
546
541
553
552
574
518
548
564
536
564
604
523
556
536
551
551
541
537
560
527
533
554
515
516
538
572
551
560
565
536
544
499
541
525
516
527
509
529
492
489
513
517
541
503
561
558
527
503
532
520
522
491
481
524
505
528
495
486
472
482
506
482
530
529
507
502
480
479
513
492
494
477
466
482
501
512
474
525
477
442
454
502
483
471
477
480
489
488
443
472
471
450
471
493
426
482
478
480
456
494
504
467
424
466
536
478
458
456
462
486
470
434
481
458
433
448
452
462
442
429
460
433
458
458
450
435
476
429
455
426
447
428
437
432
457
432
437
459
435
445
447
437
454
453
457
438
430
419
418
428
409
456
395
384
462
415
397
442
437
434
419
424
376
407
433
426
405
399
419
405
410
414
418
390
430
414
399
394
400
425
383
387
386
410
392
389
416
400
365
420
393
412
361
369
393
403
393
371
367
435
351
392
368
376
335
364
378
390
390
387
411
367
364
337
371
359
367
352
338
341
352
384
374
340
378
358
389
389
349
349
342
389
345
334
333
378
310
340
302
321
347
342
344
351
330
348
322
336
316
309
325
342
332
316
343
326
334
335
327
323
321
329
275
324
315
294
328
285
302
305
304
323
336
292
305
320
322
337
302
298
311
310
297
294
303
289
304
305
268
268
277
260
283
282
308
302
263
274
279
262
289
256
316
262
285
290
270
272
249
262
272
297
264
254
249
260
264
259
284
309
274
272
253
279
225
269
260
287
269
271
247
257
234
245
243
233
261
240
247
254
243
245
266
236
257
219
252
228
221
255
228
253
245
235
236
226
226
244
240
212
253
221
211
256
235
215
233
223
204
238
237
213
214
228
246
189
264
217
222
183
198
198
202
209
215
229
227
195
211
213
196
198
197
229
237
181
208
206
205
193
222
197
231
211
224
207
176
201
205
199
166
165
190
202
200
204
182
186
194
192
220
179
199
189
180
184
204
190
171
168
177
201
156
181
173
167
163
183
160
165
150
178
193
172
179
162
172
158
146
183
164
170
174
174
155
170
150
159
177
175
176
154
171
153
157
143
145
136
146
168
128
159
164
149
167
133
137
167
159
156
181
145
155
148
132
154
130
127
154
145
130
145
147
151
134
167
139
127
138
165
137
146
116
142
136
149
139
136
124
135
119
112
138
112
122
126
131
138
142
105
137
117
124
116
138
131
120
130
126
106
119
94
110
136
123
118
99
108
118
129
129
104
102
98
123
103
127
127
111
115
141
102
111
105
126
102
124
89
125
99
109
114
111
116
104
96
108
107
113
106
109
87
96
89
115
117
105
102
105
118
110
102
100
86
118
89
100
110
103
97
91
99
92
111
96
93
113
87
96
87
87
89
90
79
78
70
101
100
76
77
83
91
100
86
83
79
87
88
82
100
80
81
83
83
86
77
82
91
78
89
92
77
74
98
71
91
65
78
64
84
80
70
79
76
74
90
84
79
79
89
75
71
59
71
66
72
63
60
83
57
83
69
53
67
69
76
73
67
76
61
67
82
67
55
78
60
60
56
68
76
60
60
58
65
63
66
57
58
63
68
66
67
71
61
59
51
69
61
75
67
63
52
62
60
66
60
61
48
51
51
70
68
53
47
45
47
54
63
59
60
58
47
54
55
47
55
56
53
58
43
43
45
44
44
53
52
62
58
36
59
54
58
42
23
54
51
35
56
38
42
44
41
48
51
61
48
43
45
42
50
48
52
40
47
50
50
55
47
45
57
51
42
45
44
43
35
52
53
50
37
38
37
44
39
40
35
37
31
39
32
38
49
34
46
40
39
39
37
32
40
35
43
41
31
45
48
41
48
37
39
33
28
38
34
44
33
31
39
38
39
38
35
31
30
35
29
38
35
34
25
57
22
34
44
33
28
40
29
41
29
31
29
24
34
42
27
29
39
44
27
22
33
47
29
20
32
30
25
40
39
29
26
25
21
31
33
23
31
32
32
30
28
33
29
23
31
17
29
29
26
27
25
31
29
29
28
28
24
29
26
34
33
27
35
19
30
14
20
27
30
25
19
28
28
21
13
23
23
19
19
30
26
35
28
16
27
26
21
23
37
22
31
18
20
18
18
27
31
29
23
22
22
20
23
22
18
25
16
22
19
21
19
19
27
20
31
22
15
13
19
22
18
19
22
22
27
25
21
29
25
21
13
15
26
10
20
21
17
23
22
18
22
8
19
22
20
22
16
16
21
22
17
23
18
24
20
21
21
22
21
22
14
22
12
19
18
18
23
14
18
11
11
16
22
17
17
19
22
27
26
12
17
24
15
9
11
12
14
11
16
16
16
10
17
14
10
17
12
17
24
12
10
14
21
12
14
13
15
20
17
13
14
13
12
15
12
13
18
13
7
15
20
17
14
16
15
15
19
15
20
9
13
6
14
16
11
15
11
15
16
14
11
16
6
14
8
17
12
11
16
9
17
15
23
11
16
15
11
17
14
12
16
9
11
9
14
17
5
11
12
11
13
16
9
7
9
17
13
13
11
14
10
10
6
13
14
15
8
13
7
14
9
9
14
10
10
14
10
15
7
11
14
14
13
15
12
11
15
7
5
12
5
10
8
16
13
12
7
10
12
10
10
9
7
10
7
12
17
15
12
13
8
9
12
8
7
12
9
11
15
6
7
5
12
10
6
12
15
6
10
9
10
14
7
13
5
6
7
9
11
12
8
16
14
10
10
8
15
7
6
8
8
7
4
14
6
10
4
10
3
5
6
9
9
4
8
8
10
8
11
6
10
9
7
9
8
11
7
11
9
6
2
9
9
8
14
17
8
13
7
11
7
10
7
3
8
5
11
15
5
8
6
9
8
5
10
11
9
10
10
9
10
7
4
14
7
6
5
10
6
5
10
6
7
6
8
6
11
12
7
6
9
4
4
8
11
4
7
9
10
15
7
4
7
4
6
11
7
6
10
9
12
9
13
6
7
9
6
8
7
8
6
8
9
8
3
5
8
8
8
7
9
9
6
10
8
8
10
9
2
14
6
7
6
8
10
7
9
6
4
8
7
2
3
11
9
7
8
12
13
11
1
7
6
5
6
9
3
7
5
3
7
4
9
8
6
3
6
7
10
6
9
11
3
6
8
6
7
6
3
11
4
6
10
9
7
3
5
6
11
12
8
14
8
7
9
5
4
3
5
8
9
3
8
5
6
8
6
14
4
6
7
7
8
10
11
8
4
8
11
7
12
5
6
10
12
9
5
9
10
7
7
10
12
5
10
10
11
10
5
5
7
6
6
3
7
5
9
4
4
9
10
4
8
9
13
5
10
3
5
6
10
5
4
4
4
5
11
11
6
5
7
8
2
5
9
3
7
14
10
7
5
7
9
7
9
10
7
3
6
11
6
2
8
7
6
8
7
6
10
3
7
3
7
8
4
3
15
9
5
7
3
8
9
8
8
2
5
5
6
9
10
6
5
1
8
7
3
7
9
6
6
6
5
5
4
9
10
9
9
6
3
5
9
5
5
3
8
10
6
7
7
6
6
9
5
5
5
10
7
3
11
6
6
6
7
6
6
9
5
14
7
8
2
9
3
2
2
5
8
6
9
6
5
4
5
5
5
7
9
5
7
5
6
4
1
10
7
6
14
8
10
7
12
6
6
10
1
10
8
8
7
5
4
9
7
5
7
5
2
7
15
5
6
5
5
4
5
6
5
6
6
6
4
6
8
4
4
4
6
6
10
8
8
9
8
11
8
6
8
7
4
7
10
5
8
6
5
6
9
5
7
5
1
7
5
6
7
5
5
3
7
4
6
12
7
5
6
8
6
3
2
9
10
12
5
5
7
4
6
7
4
9
7
8
7
3
7
8
10
7
6
5
9
2
6
6
5
6
8
11
8
5
5
9
4
4
7
9
7
8
8
9
4
4
8
5
10
3
7
11
7
6
8
3
5
7
3
8
5
3
11
7
5
7
5
3
3
7
5
7
6
5
7
6
6
8
2
8
2
6
6
7
7
4
3
1
4
6
6
6
6
3
6
6
9
3
4
8
6
4
6
8
7
7
5
4
8
4
6
5
6
4
9
9
7
7
5
6
6
7
13
5
10
10
4
6
7
8
4
6
9
11
4
10
3
8
12
3
3
6
8
10
7
9
1
10
4
5
4
6
6
5
7
1
8
2
7
8
10
8
4
5
6
5
8
6
8
7
6
3
3
5
5
3
10
6
7
4
7
6
4
4
4
12
6
7
5
5
9
6
3
2
3
3
4
5
3
10
7
7
5
7
10
9
8
3
5
3
8
5
5
6
6
7
7
7
8
7
7
7
8
5
4
9
11
8
6
9
6
7
5
9
4
9
6
8
5
9
4
3
9
4
5
9
5
6
6
8
7
7
7
7
1
10
6
4
9
4
4
4
3
5
6
8
4
4
5
0
4
8
11
10
8
7
5
4
4
8
6
4
6
8
6
6
1
9
1
6
4
12
9
7
7
7
5
10
5
5
4
8
8
4
5
4
9
8
10
7
3
4
6
8
5
7
3
6
4
11
7
4
13
6
7
3
6
9
4
7
3
6
5
7
5
1
7
7
7
7
5
8
4
3
9
13
7
5
3
9
10
6
7
7
4
8
7
7
2
5
3
7
4
8
9
6
9
5
8
12
7
11
4
3
9
5
1
7
6
9
4
6
6
5
4
9
7
6
11
5
6
6
6
5
6
6
6
5
5
5
3
8
5
2
3
4
1
4
5
7
3
2
10
5
3
7
3
4
4
7
6
8
3
3
3
5
3
5
5
5
5
5
3
5
4
4
8
10
7
3
11
6
4
7
3
5
3
5
3
2
8
2
7
2
6
5
5
10
8
4
2
5
6
4
3
5
7
4
4
5
7
2
4
6
3
2
2
9
6
3
6
12
7
5
8
7
11
4
9
5
8
5
6
3
6
6
4
7
9
9
7
6
3
2
7
6
5
4
6
12
3
7
6
4
5
8
5
4
9
4
5
4
9
9
5
2
12
6
7
4
7
4
4
3
7
7
9
6
2
3
4
5
7
13
7
3
2
3
6
1
4
11
5
4
7
6
3
3
9
5
3
5
3
9
4
2
1
10
8
9
5
0
7
5
6
5
5
4
1
5
5
3
7
2
4
6
4
4
3
9
2
5
8
10
10
6
6
10
9
4
9
3
2
5
4
5
5
10
4
6
9
5
6
3
3
8
5
4
1
6
5
4
7
5
4
6
2
6
6
7
4
2
5
8
5
3
1
8
3
3
5
4
9
5
4
8
2
6
4
3
4
3
5
7
3
7
2
4
4
5
4
10
5
4
6
1
7
8
7
4
6
6
8
4
7
4
4
1
3
7
7
5
2
4
5
2
4
6
3
8
5
2
5
7
1
6
5
6
9
7
5
3
2
7
7
2
7
4
3
7
6
7
5
6
6
4
7
5
12
4
4
2
6
5
4
5
6
4
4
7
3
6
3
8
3
2
5
7
3
0
6
4
1
3
11
5
1
5
6
6
8
4
3
3
3
8
2
6
5
2
10
5
1
2
11
9
5
2
3
4
5
4
5
5
2
7
7
9
8
3
4
4
4
4
5
6
4
11
1
10
1
4
5
5
5
2
6
7
10
5
5
4
6
5
1
1
3
2
4
3
5
5
4
4
8
8
4
4
4
5
5
5
11
5
7
4
5
6
4
4
9
6
5
3
7
6
6
7
4
8
11
9
2
9
9
3
3
4
6
8
5
3
5
6
7
10
2
3
3
5
5
2
5
4
4
4
2
1
4
3
1
5
4
4
4
5
5
7
12
4
5
7
7
8
4
7
1
2
7
4
6
7
6
3
4
4
5
6
3
5
5
4
6
5
3
1
2
7
7
8
5
2
5
5
5
10
3
7
6
5
3
4
9
5
8
6
2
8
3
7
5
1
8
8
9
12
4
2
1
5
8
6
5
6
6
5
2
5
3
5
5
7
9
6
4
7
5
7
8
4
3
7
4
7
1
7
7
4
8
4
7
6
3
6
5
9
8
1
3
5
4
2
5
4
6
5
6
6
3
6
3
6
8
9
8
5
7
1
4
3
3
3
7
6
5
3
3
3
6
7
3
3
7
8
4
8
14
4
8
6
6
4
5
8
3
7
6
6
5
3
6
5
4
5
5
8
4
7
9
2
5
5
5
5
4
3
3
4
3
9
4
5
2
7
3
3
3
7
6
6
5
5
4
11
4
7
6
2
11
5
5
4
6
4
5
5
2
4
4
7
6
5
7
3
2
8
2
5
8
4
6
5
7
10
5
3
2
4
2
6
1
2
3
4
5
7
4
0
4
4
4
8
7
6
8
6
2
7
8
7
5
3
4
5
3
6
4
1
6
4
5
5
2
4
6
3
10
8
7
6
4
4
4
8
4
7
2
0
5
5
6
6
7
2
8
6
4
3
4
2
5
6
2
5
5
4
4
8
2
3
4
4
4
7
5
3
3
3
5
5
4
3
6
4
2
3
5
7
5
3
6
2
5
9
8
12
6
7
7
7
4
6
4
7
6
6
2
8
9
11
4
8
6
4
4
2
6
3
5
7
8
8
4
7
8
7
5
4
6
6
5
5
5
6
3
4
5
9
6
4
9
5
7
7
10
1
3
5
3
6
1
5
6
5
9
5
10
4
6
7
6
6
2
4
2
7
9
4
5
2
10
5
5
4
5
6
7
7
3
6
8
5
3
7
3
8
3
9
5
5
4
5
2
7
4
7
5
4
3
3
5
4
3
5
8
4
4
5
3
6
4
5
9
5
4
9
3
3
4
7
5
6
6
4
5
5
9
4
5
11
7
5
3
6
6
6
3
3
3
5
3
6
4
5
1
7
6
6
7
4
8
4
6
8
8
5
6
8
4
8
4
6
5
7
2
3
4
5
8
7
7
5
0
5
3
7
7
8
8
4
8
9
5
7
4
6
3
7
5
5
9
5
3
13
10
2
2
6
5
4
5
6
7
4
4
10
7
3
8
3
4
4
8
5
7
4
9
8
2
5
6
3
5
5
5
4
4
8
6
6
5
3
3
5
12
6
4
10
7
5
5
4
4
3
6
7
3
4
4
5
2
8
5
2
6
7
10
3
5
5
3
4
10
5
8
6
9
5
9
4
6
4
10
10
2
0
11
7
3
5
5
5
6
7
4
3
3
1
2
7
7
7
8
5
5
7
3
7
6
8
4
4
4
9
6
8
6
8
3
4
9
5
6
5
3
4
5
6
4
5
5
5
5
8
2
6
6
5
6
1
3
6
3
4
5
3
6
10
5
7
5
4
7
11
4
6
7
5
4
8
10
2
5
6
11
10
6
5
8
6
8
5
6
6
7
5
5
6
7
5
5
6
3
8
7
10
8
7
7
6
7
7
5
8
5
5
4
10
7
7
4
4
5
8
7
6
9
4
7
7
5
4
3
2
8
6
4
6
6
7
6
4
6
6
6
2
8
6
7
6
9
8
3
5
7
4
7
3
9
5
3
8
8
8
6
4
4
6
2
5
5
6
5
5
10
2
8
8
9
5
7
7
6
3
4
8
7
8
4
9
6
6
7
6
3
10
8
7
6
4
5
6
8
6
3
5
6
7
4
8
7
3
3
5
4
8
2
3
1
7
5
6
6
5
3
8
4
4
6
2
3
10
6
3
5
3
4
3
5
3
8
5
4
4
8
5
8
7
5
5
7
3
4
9
6
7
5
5
3
6
9
7
5
8
7
7
6
2
4
10
9
6
7
8
5
7
7
1
6
7
6
5
11
7
5
9
10
5
9
8
3
4
6
8
6
9
5
7
6
6
4
4
5
5
7
6
5
4
5
4
4
7
8
6
6
9
15
8
7
4
2
9
4
5
4
8
9
8
8
9
5
10
10
9
7
1
4
4
7
7
3
8
6
3
10
4
5
6
9
5
5
4
6
7
3
2
6
10
3
8
7
8
4
5
7
1
5
7
7
4
9
8
2
6
5
8
10
5
4
8
11
8
6
8
8
4
5
7
6
7
2
8
7
7
10
6
4
9
3
4
8
4
6
4
10
8
4
5
7
1
8
3
4
4
5
4
3
2
4
5
6
1
6
4
7
6
9
4
4
5
6
9
1
5
5
4
9
6
8
3
3
12
2
2
8
2
4
3
6
3
2
8
3
9
7
1
9
4
2
8
5
12
5
4
12
5
4
3
6
6
8
2
5
6
3
6
3
4
2
6
3
4
5
3
4
7
9
3
4
7
9
5
5
5
8
6
4
10
9
5
7
3
8
3
3
3
7
6
6
6
4
4
6
4
5
5
2
5
9
4
6
6
6
12
4
4
5
6
7
11
7
3
7
7
8
6
3
5
5
7
5
4
11
11
9
5
8
2
7
7
6
8
7
6
6
5
7
5
6
6
0
7
7
6
11
8
3
4
6
2
7
8
6
5
4
5
3
2
4
8
11
5
3
8
3
3
6
7
5
8
7
6