0
0
0
0
0
0
0
0
0
0
0
0
0
0
0
0
0
0
0
0
0
0
0
0
0
0
0
0
0
0
0
0
0
0
0
0
0
0
0
0
0
0
0
0
0
0
0
0
0
0
0
0
0
0
0
0
0
0
0
0
0
0
0
0
0
0
0
0
0
0
0
0
0
0
0
0
0
0
0
0
0
0
0
0
0
0
0
0
0
0
0
0
0
0
0
0
0
0
0
0
0
0
0
0
0
0
0
0
0
0
0
0
0
0
0
0
0
0
0
0
0
0
0
0
0
0
0
0
0
0
0
0
0
0
0
0
0
0
0
0
0
0
0
0
0
0
0
0
0
0
0
0
0
0
0
0
0
0
0
0
0
0
0
0
0
0
0
0
0
0
0
0
0
0
0
0
0
0
0
0
0
0
0
0
0
0
0
0
0
0
0
0
0
0
0
0
0
0
0
0
0
0
0
0
0
0
0
0
0
0
0
0
0
0
0
0
0
0
0
0
0
0
0
0
0
0
0
0
0
0
0
0
0
0
0
0
0
0
0
0
0
0
0
0
0
0
0
0
0
0
0
0
0
0
0
0
0
0
0
0
0
0
0
0
0
0
0
0
0
0
0
0
0
0
0
0
0
0
0
0
0
0
0
0
0
0
0
0
0
0
0
0
0
0
0
0
0
0
0
0
0
0
0
0
0
0
0
0
0
0
0
0
0
0
0
0
0
0
0
0
0
0
0
0
0
0
0
0
0
0
0
0
0
0
0
0
0
0
0
0
0
0
0
0
0
0
0
0
0
0
0
0
0
0
0
0
0
0
0
0
0
0
0
0
0
0
0
0
0
0
0
0
0
0
0
0
0
0
0
0
0
0
0
0
0
0
0
0
0
0
0
0
0
0
0
0
0
0
0
0
0
0
0
0
0
0
0
0
0
0
0
0
0
0
0
0
0
0
0
0
0
0
0
0
0
0
0
0
0
0
0
0
0
0
0
0
0
0
0
0
0
0
0
0
0
0
0
0
0
0
0
0
0
0
0
0
0
0
0
0
0
0
0
0
0
0
0
0
0
0
0
0
0
0
0
0
0
0
0
0
0
0
0
0
0
0
0
0
0
0
0
0
0
0
0
0
0
0
0
0
0
0
0
0
0
0
0
0
0
0
0
0
0
0
0
0
0
0
0
0
0
0
0
0
0
0
0
0
0
0
0
0
0
0
0
0
0
0
0
0
0
0
0
0
0
0
0
0
0
0
0
0
0
0
0
0
0
0
0
0
0
0
0
0
0
0
0
0
0
0
0
0
0
0
0
0
0
0
0
0
0
0
0
0
0
0
0
0
0
0
0
0
0
0
0
0
0
0
0
0
0
0
0
0
0
0
0
0
0
0
0
0
0
0
0
0
0
0
0
0
0
0
0
0
0
0
0
0
0
0
0
0
0
0
0
0
0
0
0
0
0
0
0
0
0
0
0
0
0
0
0
0
0
0
0
0
0
0
0
0
0
0
0
0
0
0
0
0
0
0
0
0
0
0
0
0
0
0
0
0
0
0
0
0
0
0
0
0
0
0
0
0
0
0
0
0
0
0
0
0
0
0
0
0
0
0
0
0
0
0
0
0
0
0
0
0
0
0
0
0
0
0
0
0
0
0
0
0
0
0
0
0
0
0
0
0
0
0
0
0
0
0
0
0
0
0
0
0
0
0
0
0
0
0
0
0
0
0
0
0
0
0
0
0
0
0
0
0
0
0
0
0
0
0
0
0
0
0
0
0
0
0
0
0
0
0
0
0
0
0
0
0
0
0
0
0
0
0
0
0
0
0
0
0
0
0
0
0
0
0
0
0
0
0
0
0
0
0
0
0
0
0
0
0
0
0
0
0
0
0
0
0
0
0
0
0
0
0
0
0
0
0
0
0
0
0
0
0
0
0
0
0
0
0
0
0
0
0
0
0
0
0
0
0
0
0
0
0
0
0
0
0
0
0
0
0
0
0
0
0
0
0
0
0
0
0
0
0
0
0
0
0
0
0
0
0
0
0
0
0
0
0
0
0
0
0
0
0
0
0
0
0
0
0
0
0
0
0
0
0
0
0
0
0
0
0
0
0
0
0
0
0
0
0
0
0
0
0
0
0
0
0
0
0
0
0
0
0
0
0
0
0
0
0
0
0
0
0
0
0
0
0
0
0
0
0
0
0
0
0
0
0
0
0
0
0
0
0
0
0
0
0
0
0
0
0
0
0
0
0
0
0
0
0
0
0
0
0
0
0
0
0
0
0
0
0
0
0
0
0
0
0
0
0
0
0
0
0
0
0
0
0
0
0
0
0
0
0
0
0
0
0
0
0
0
0
0
0
0
0
0
0
0
0
0
0
0
0
0
0
0
0
0
0
0
0
0
0
0
0
0
0
0
0
0
0
0
0
0
0
0
0
0
0
0
0
0
0
0
0
0
0
0
0
0
0
0
0
0
0
0
0
0
0
0
0
0
0
0
0
0
0
0
0
0
0
0
0
0
0
0
0
0
0
0
0
0
0
0
0
0
0
0
0
0
0
0
0
0
0
0
0
0
0
0
0
0
0
0
0
0
0
0
0
0
0
0
0
0
0
0
0
0
0
0
0
0
0
0
0
0
0
0
0
0
0
0
0
0
0
0
0
0
0
0
0
0
0
0
0
0
0
0
0
0
0
0
0
0
0
0
0
0
136
193
231
214
207
191
216
215
181
211
214
203
244
229
189
209
199
205
231
220
231
221
179
220
214
177
205
219
193
222
195
206
214
199
189
237
203
212
219
178
210
185
180
213
207
194
195
194
203
184
185
188
192
196
231
194
205
191
218
179
201
216
185
168
180
183
181
185
173
182
154
183
200
179
199
185
175
183
205
177
188
190
183
172
182
156
174
178
175
187
175
174
172
155
169
164
144
176
177
158
187
160
177
197
173
159
169
163
172
158
160
154
158
156
175
176
176
158
180
159
170
169
145
160
141
148
150
147
143
153
136
142
140
149
143
142
143
150
135
122
145
140
144
137
145
136
138
139
144
140
134
136
164
155
148
143
127
131
118
126
126
128
115
155
126
128
140
134
154
123
144
116
129
117
121
117
137
128
112
116
120
130
118
98
116
132
112
121
104
108
116
92
125
112
129
100
102
110
97
121
118
110
115
102
134
110
107
118
122
117
118
99
108
123
99
84
106
102
102
115
105
103
106
108
96
91
94
98
117
102
109
104
97
92
118
96
102
97
101
85
84
93
84
85
93
92
91
95
98
90
112
100
88
94
104
107
100
102
91
80
96
86
92
98
93
96
90
87
100
103
93
100
94
88
95
85
78
84
82
84
94
80
97
91
81
97
94
74
62
77
81
82
88
98
78
82
95
90
86
84
103
94
68
84
83
86
92
90
78
81
102
82
88
87
83
87
100
87
104
71
89
79
89
93
101
69
96
84
95
93
107
90
71
73
78
102
96
97
79
74
91
82
70
82
85
78
90
97
81
77
94
90
80
83
82
74
84
82
91
91
77
74
98
124
79
93
93
96
82
79
102
74
102
97
94
79
96
94
86
91
82
84
100
99
84
79
83
96
102
91
82
81
101
110
94
117
98
89
102
84
94
107
80
111
103
99
86
84
110
102
107
88
102
92
88
94
94
88
101
97
107
77
90
91
91
87
106
96
94
94
92
103
101
107
92
116
122
110
122
97
97
135
106
85
94
110
120
115
91
98
140
110
114
122
117
109
123
97
130
118
102
118
100
105
113
118
120
111
106
100
103
119
108
123
123
118
106
131
127
121
120
131
120
112
100
132
129
95
131
133
141
121
116
112
125
108
119
142
127
117
118
134
143
138
148
140
129
118
125
121
135
147
129
156
121
139
134
139
152
148
139
134
148
143
151
143
130
152
164
154
171
143
136
147
164
144
140
158
146
166
167
151
173
161
167
157
170
144
176
167
181
159
169
164
165
159
177
190
154
170
178
157
172
200
214
174
190
166
177
192
194
174
171
193
200
199
194
196
207
182
193
205
214
213
224
196
231
200
180
208
191
205
201
229
253
202
219
212
218
215
217
227
182
234
220
231
207
221
217
233
236
230
224
227
241
215
232
250
248
239
229
239
245
244
206
248
251
282
225
253
218
240
251
282
244
231
246
231
269
268
241
251
254
264
263
273
277
288
292
276
279
310
271
316
279
327
302
274
312
281
318
294
287
321
289
344
347
332
348
335
339
352
333
304
341
358
351
304
355
349
361
321
375
346
343
347
354
359
358
352
336
374
372
387
382
375
389
371
354
354
408
391
350
378
374
396
413
377
410
400
401
390
436
427
446
414
452
433
450
450
399
430
396
409
426
447
422
448
458
445
454
483
451
481
443
519
436
444
461
468
478
463
497
497
435
457
493
471
487
535
532
527
492
486
524
524
523
539
554
513
521
506
515
559
577
541
544
533
617
543
558
583
572
561
578
564
545
626
560
611
568
610
575
642
577
641
636
622
620
604
622
672
661
649
613
628
663
643
612
679
630
645
663
692
678
652
673
671
694
693
728
713
681
663
655
732
701
725
753
763
732
705
718
746
750
733
765
717
785
742
727
761
757
698
767
750
774
817
768
796
740
770
809
809
742
831
781
826
782
814
835
838
801
861
858
822
862
815
834
881
875
863
803
885
886
881
881
889
875
873
902
899
891
909
935
901
877
930
925
920
926
964
947
923
941
943
931
978
1002
981
1015
920
999
983
903
973
973
976
993
997
996
988
1000
987
1030
1038
1025
1059
951
1011
1014
1009
1018
1026
1042
1009
1010
1075
1067
1040
1009
1107
1098
1089
1007
1034
1044
1080
1063
1091
1031
1098
955
1108
1021
1079
1108
1058
1078
1080
1094
1132
1121
1102
1086
1101
1095
1116
1110
1084
1077
1154
1162
1093
1144
1180
1120
1160
1127
1077
1155
1086
1182
1096
1141
1090
1172
1117
1145
1182
1152
1164
1133
1208
1165
1153
1216
1152
1211
1160
1184
1220
1142
1182
1186
1170
1176
1172
1116
1152
1150
1119
1110
1181
1129
1086
1156
1145
1171
1163
1183
1197
1143
1199
1198
1083
1197
1254
1208
1202
1225
1187
1129
1155
1159
1174
1214
1160
1207
1172
1196
1165
1151
1199
1098
1206
1203
1129
1201
1162
1144
1199
1139
1126
1172
1169
1234
1264
1137
1191
1080
1187
1163
1179
1160
1157
1136
1145
1213
1145
1112
1127
1109
1193
1129
1169
1161
1172
1168
1102
1156
1110
1094
1110
1096
1135
1170
1166
1104
1060
1166
1120
1118
1062
1133
1114
1096
1119
1043
1200
1140
1113
1093
1076
1090
1117
1069
1020
1082
1161
1062
990
1102
1092
1078
1026
1067
1102
1053
1100
976
1008
1025
1041
1058
1051
1062
1097
1022
1035
1017
1017
1038
967
1059
1037
1029
1027
1002
1016
1028
1060
1036
991
972
1001
1012
1057
1000
1014
1004
991
970
924
965
960
930
981
981
932
904
905
950
970
890
917
941
925
899
913
886
915
951
832
852
964
848
845
859
867
860
888
850
852
822
833
774
812
806
847
861
754
769
782
860
823
812
765
802
808
787
741
809
793
756
761
732
721
790
700
768
766
747
767
735
756
707
727
780
740
738
735
698
750
691
665
700
699
718
686
677
678
653
691
694
679
653
642
640
636
677
628
637
622
616
626
575
607
634
608
633
570
605
593
599
590
568
577
616
545
585
588
517
562
512
576
569
545
565
515
555
515
598
494
535
555
508
577
529
551
519
492
502
520
509
487
506
511
460
472
502
461
423
486
440
461
464
466
481
451
435
427
464
421
422
411
427
418
393
432
453
415
382
417
377
422
400
431
380
404
392
386
362
373
338
363
410
356
373
372
353
318
376
330
331
349
335
342
301
325
295
320
341
315
340
309
330
333
283
317
304
298
286
317
319
287
333
314
336
310
306
255
273
275
308
269
261
283
284
287
268
280
230
268
245
248
248
228
270
260
254
264
246
250
240
256
222
201
227
229
223
217
234
210
228
222
186
214
237
232
205
219
194
201
207
201
206
202
201
176
208
185
188
196
187
180
166
193
178
193
192
173
155
178
159
171
141
157
176
158
163
151
188
157
134
146
164
160
144
154
142
142
140
149
138
133
157
145
144
127
148
148
147
132
128
140
134
130
153
121
125
144
106
121
96
136
140
100
112
106
120
125
113
107
133
118
121
90
114
98
98
103
115
112
129
91
95
100
117
108
87
103
90
89
90
87
96
85
98
94
100
79
97
89
82
84
78
85
89
70
61
97
79
75
83
59
78
70
77
89
69
78
74
54
65
72
70
79
73
64
65
69
75
52
73
69
55
68
46
66
50
41
71
61
71
69
52
52
68
58
64
64
52
53
58
46
44
53
55
60
70
66
40
55
46
49
63
45
56
50
49
53
34
49
57
47
53
37
39
46
44
51
41
30
44
44
47
40
43
49
42
45
61
47
40
43
30
45
29
33
38
36
41
31
33
36
36
22
37
46
37
41
35
26
30
28
32
28
37
27
41
31
29
27
24
34
23
27
38
38
22
34
31
27
22
22
30
26
30
28
25
33
34
31
25
24
32
37
25
33
25
30
20
21
29
22
25
31
32
26
24
36
14
23
28
22
23
27
27
26
17
22
15
26
26
25
29
30
20
17
26
19
26
31
14
22
27
27
18
19
20
24
27
20
17
24
18
23
15
18
11
18
31
27
20
18
20
23
24
22
21
21
14
17
21
21
21
24
19
23
25
23
23
19
24
16
23
19
22
22
16
17
23
15
21
19
17
18
14
18
14
19
17
19
20
19
16
16
20
12
12
10
19
17
14
22
18
13
16
7
8
15
17
20
8
9
20
20
10
6
14
23
15
10
17
19
22
20
14
24
19
13
12
20
17
16
11
17
15
17
17
9
16
16
19
23
13
12
18
19
10
14
20
20
15
7
9
13
14
20
7
18
24
9
21
11
9
11
15
11
21
16
12
18
14
8
13
16
21
19
14
11
8
16
12
12
15
15
19
15
14
16
15
9
18
17
17
22
15
12
16
17
16
18
11
12
15
13
20
20
16
13
12
13
11
8
19
11
15
10
11
17
11
11
14
12
13
12
20
15
8
12
10
16
16
11
12
16
12
12
12
14
13
13
15
14
15
19
10
16
18
8
8
11
16
16
14
8
13
18
16
10
4
8
18
16
12
19
8
13
14
8
20
7
10
14
15
12
17
13
13
12
15
10
11
9
11
11
15
15
16
12
10
10
9
21
16
14
6
13
10
16
12
14
16
10
14
6
12
13
10
14
14
8
11
9
12
8
15
17
11
19
12
18
14
11
15
9
11
15
15
18
9
11
20
11
9
10
11
19
15
14
15
16
12
8
10
11
20
20
11
9
18
10
15
13
7
12
13
9
11
14
14
14
10
16
10
10
11
8
7
11
7
9
9
12
16
18
13
17
16
16
11
11
12
11
20
13
20
9
12
9
12
10
9
19
12
18
9
11
16
13
10
17
3
12
12
16
13
13
9
10
14
9
8
7
9
15
15
11
10
12
14
13
9
15
7
9
10
11
12
8
10
3
8
12
12
16
7
12
12
11
13
15
9
11
10
11
10
14
9
10
13
13
12
23
14
16
11
10
18
13
11
9
12
10
13
17
10
11
13
9
14
14
12
8
10
18
16
8
14
12
17
9
9
10
18
17
21
15
10
11
14
15
16
12
10
12
20
7
11
12
8
18
17
12
10
14
12
16
11
19
11
11
9
13
15
6
9
7
13
4
10
17
10
12
12
11
18
15
9
14
6
7
14
7
14
19
10
14
10
10
15
12
7
18
8
14
14
12
11
16
9
10
13
8
5
14
9
10
8
7
7
11
11
8
16
9
9
11
9
10
12
10
12
17
13
11
11
10
14
11
7
12
11
9
15
11
9
5
8
8
17
9
10
6
11
11
9
3
5
8
15
12
15
15
10
12
15
9
11
7
8
13
10
12
13
8
13
15
11
9
13
9
10
6
9
10
5
9
11
7
7
13
11
7
11
6
13
9
12
8
11
10
6
10
14
8
9
12
15
17
9
9
10
10
11
5
5
4
10
10
13
9
6
7
10
8
10
12
15
6
13
9
11
11
6
19
10
10
14
6
15
6
7
12
8
10
11
7
11
14
18
13
6
13
14
12
12
2
15
16
14
10
10
8
11
9
15
8
12
10
8
9
10
4
8
9
12
11
10
9
6
9
10
7
7
11
10
12
9
7
10
11
13
16
10
5
8
8
8
6
16
8
7
12
9
13
5
7
13
9
13
10
8
6
7
14
12
12
14
9
7
10
7
8
10
8
6
7
10
9
11
10
13
5
12
10
18
16
5
14
6
11
7
11
10
15
9
12
10
12
15
11
12
5
9
9
10
7
11
10
8
8
8
11
10
10
7
12
7
4
7
7
10
4
11
11
11
13
10
6
13
5
16
12
10
14
9
10
11
10
10
7
7
11
8
8
15
11
13
16
13
13
12
16
11
8
11
9
11
11
9
14
6
11
14
10
20
13
15
8
13
10
8
10
10
8
9
8
12
7
13
10
16
7
11
15
10
8
11
5
6
7
11
9
7
12
12
12
8
12
8
7
14
7
12
13
11
8
8
13
12
8
13
10
18
12
6
5
8
12
15
8
13
10
10
9
16
5
11
12
5
10
10
8
12
10
11
11
6
8
9
10
10
14
13
10
8
5
11
9
12
11
6
9
7
12
8
13
17
11
6
6
8
8
15
12
11
17
12
17
7
11
15
11
13
11
14
10
13
11
7
9
10
13
15
6
10
8
7
13
13
15
16
6
13
11
3
6
10
8
8
11
19
12
6
4
9
6
9
9
10
10
14
10
10
14
14
9
13
10
9
13
10
10
6
14
9
9
13
9
8
15
13
9
8
10
13
9
9
9
12
13
7
10
11
15
12
8
6
13
11
5
10
15
13
11
16
5
13
13
12
12
13
5
9
13
7
5
5
8
13
15
9
11
12
14
4
13
10
8
15
16
13
15
17
8
9
8
17
8
16
14
14
10
11
12
14
10
14
13
13
12
7
15
13
13
9
8
12
4
7
13
9
10
10
8
9
17
9
6
14
11
12
13
11
11
9
10
11
7
11
9
12
15
10
9
10
7
15
12
15
9
11
12
13
10
11
11
8
9
15
13
11
11
17
9
9
7
12
11
7
9
16
10
13
7
11
10
12
13
16
16
15
11
7
10
10
8
15
8
15
10
9
15
11
7
9
14
8
7
8
11
12
8
9
7
8
8
11
10
6
15
9
18
19
14
9
15
8
11
7
7
12
14
11
8
7
10
12
16
9
18
8
10
13
9
15
12
7
9
12
8
12
15
20
13
14
9
15
12
13
16
10
12
7
12
17
13
7
14
15
9
13
14
9
12
13
20
5
7
9
10
12
8
14
6
15
17
11
14
9
10
9
8
12
17
5
8
9
7
16
9
15
16
11
7
11
10
12
12
8
8
8
9
7
14
4
10
7
6
12
14
12
9
9
10
8
11
12
5
14
8
9
6
15
13
11
10
16
10
10
4
12
4
14
10
8
12
11
11
6
10
12
11
6
7
9
11
7
11
10
14
6
12
11
13
4
13
12
12
8
9
7
11
10
11
10
11
13
10
5
8
9
10
16
13
4
3
14
7
15
13
15
9
15
14
9
10
16
8
18
6
10
12
8
6
11
6
13
12
9
16
9
15
17
6
11
4
15
10
10
17
12
21
11
6
11
8
13
6
12
12
8
9
12
10
9
8
2
8
14
8
10
10
9
15
7
14
10
7
14
9
10
6
5
11
11
16
10
12
9
6
6
11
6
10
12
11
12
14
17
11
8
7
13
9
6
9
6
7
5
15
9
8
17
8
5
10
13
13
11
5
3
12
7
18
7
10
6
6
11
13
5
10
10
10
7
10
7
8
12
7
10
11
10
13
4
7
6
9
10
15
8
4
7
3
6
14
7
12
11
11
14
9
13
5
6
5
7
15
12
5
6
5
12
9
8
10
12
4
10
12
4
6
11
11
11
8
6
12
5
8
9
10
8
12
9
5
14
6
6
15
10
6
7
4
8
4
9
10
9
10
12
6
8
10
11
4
10
11
6
12
6
7
8
10
6
7
6
8
7
7
9
7
7
7
10
8
7
4
6
6
6
4
6
3
4
8
4
5
1
6
13
4
7
7
13
6
9
10
14
12
7
8
9
7
9
8
8
8
6
6
6
8
6
6
7
5
6
6
8
5
5
6
8
1
2
10
5
6
7
8
9
9
4
3
6
6
5
4
5
7
5
5
5
7
8
6
5
2
7
9
4
5
2
5
8
10
6
3
5
4
5
3
7
4
6
4
5
5
4
2
8
5
2
4
6
5
7
12
7
2
3
5
2
2
11
3
8
4
5
3
2
1
3
7
4
3
2
7
6
3
5
6
8
6
4
2
5
2
1
4
5
3
5
3
4
5
1
4
8
4
2
3
4
7
2
3
6
3
5
7
5
6
5
1
7
2
8
2
4
9
0
5
2
4
2
3
6
6
5
4
3
3
5
5
2
4
3
4
1
1
2
3
4
1
2
2
5
4
4
5
3
6
4
2
4
4
2
3
5
3
1
4
4
2
3
2
5
2
2
2
2
5
5
2
4
2
0
5
5
1
3
2
5
5
0
3
1
2
3
1
2
1
4
1
3
3
3
1
4
1
2
2
1
1
3
1
3
2
1
0
3
4
2
1
3
5
4
5
1
2
3
1
1
5
3
1
1
3
2
2
2
4
2
1
0
0
3
1
6
0
1
4
2
4
1
3
3
2
2
2
1
3
1
2
2
2
1
3
2
3
1
2
0
1
0
0
4
1
1
0
0
1
0
1
0
1
1
1
3
1
0
5
1
2
2
2
1
1
3
1
1
3
1
6
0
0
2
0
1
1
0
4
4
5
1
1
1
2
2
0
3
0
1
3
0
1
2
2
2
1
1
1
2
2
1
0
4
1
0
0
0
1
1
1
1
2
1
1
2
4
3
1
3
1
1
1
0
2
0
2
3
0
1
1
1
1
0
2
1
1
0
0
1
1
1
0
1
3
1
2
1
2
0
2
3
1
1
0
1
2
0
0
3
1
2
1
1
0
0
4
1
0
1
4
1
0
0
2
1
1
0
0
0
0
1
1
0
0
1
1
2
0
1
0
0
1
4
3
3
1
0
0
2
1
0
0
2
2
1
0
1
0
1
0
0
0
1
0
0
0
1
0
0
1
1
0
0
0
2
0
1
0
0
0
0
1
1
3
0
0
2
2
3
0
0
0
0
1
1
0
0
1
0
0
3
0
0
0
0
2
1
1
0
0
0
1
2
0
0
1
0
0
2
1
0
0
1
0
0
0
1
0
0
0
0
0
0
1
2
1
0
0
1
0
2
1
0
1
0
1
1
1
1
0
0
3
1
1
1
1
0
0
1
1
0
0
0
0
0
1
1
0
0
0
0
1
1
0
0
1
0
0
3
0
0
1
0
1
0
0
1
1
0
1
0
2
1
0
0
1
0
0
1
0
0
1
0
0
0
0
0
0
0
0
0
2
2
2
0
0
2
0
0
1
2
0
1
0
0
0
0
0
0
0
0
0
0
2
1
0
1
0
1
0
0
0
1
0
0
0
1
0
0
0
0
0
1
0
0
0
0
0
0
1
0
0
1
0
0
0
0
0
1
0
0
0
1
0
0
0
0
0
0
0
0
1
1
1
0
1
0
0
0
1
0
0
0
0
1
1
0
0
1
0
2
0
1
0
0
0
0
0
0
0
3
1
0
0
0
0
1
0
0
0
0
0
1
0
0
1
0
0
0
2
1
0
1
0
0
1
0
0
0
0
1
0
0
0
0
0
0
1
0
0
0
0
1
0
2
0
0
0
0
0
0
0
1
1
0
1
0
0
0
0
0
0
0
0
0
1
0
0
0
2
0
0
0
0
0
0
0
0
0
0
0
0
0
0
1
1
1
0
0
1
1
0
0
0
0
0
2
0
0
2
0
0
1
0
1
0
0
0
0
0
0
0
0
0
0
1
0
0
0
0
2
0
1
0
0
0
0
0
0
0
0
0
0
0
0
0
0
0
0
0
0
0
0
1
0
0
0
0
0
0
0
0
1
0
1
0
1
0
1
1
0
0
0
0
0
0
0
0
0
0
0
0
0
0
0
0
0
0
2
1
1
0
0
0
0
0
0
0
0
0
0
0
0
1
0
0
1
0
0
0
0
0
1
0
0
1
0
0
0
0
1
0
0
0
0
0
0
0
0
1
0
0
0
0
0
0
0
0
0
2
0
0
0
0
0
0
0
1
0
1
0
1
0
0
0
0
0
0
0
0
0
0
1
0
1
1
1
0
0
1
0
0
1
0
0
0
0
0
1
0
0
0
1
0
0
0
0
0
2
0
0
1
1
0
0
1
0
0
0
0
0
0
0
0
0
0
1
1
0
1
0
0
1
0
0
0
0
1
1
0
0
0
0
0
0
0
1
0
0
1
0
1
1
0
0
0
0
2
0
0
0
0
0
1
0
0
0
0
1
0
1
1
1
0
0
0
0
1
1
0
0
0
1
0
0
0
0
0
0
0
0
0
0
0
0
0
0
0
0
2
0
0
0
0
0
0
0
1
1
1
0
0
0
0
0
0
1
0
1
0
0
0
0
1
0
1
0
0
0
2
0
1
1
0
0
1
0
0
0
1
0
1
1
0
0
1
0
0
0
0
0
1
0
0
0
0
0
0
0
0
0
0
0
0
0
0
2
1
1
0
1
0
1
0
0
0
0
0
0
0
0
0
0
1
0
0
0
0
0
0
0
0
0
0
0
0
0
0
0
0
0
0
0
0
0
0
0
0
0
0
0
1
0
0
0
0
1
0
1
0
0
0
0
0
0
1
0
0
0
0
0
0
0
0
1
1
0
0
0
0
0
0
0
0
0
0
0
0
0
1
1
0
0
0
0
0
1
0
0
0
0
0
0
0
0
1
0
0
0
0
0
0
0
0
0
0
1
1
0
0
1
0
0
0
0
0
0
0
0
0
0
0
0
1
0
1
0
0
0
1
0
0
0
0
0
0
0
0
1
0
0
0
1
0
0
0
0
0
1
0
0
0
0
0
0
0
0
0
0
0
0
0
0
0
0
0
1
0
0
0
0
2
1
0
0
1
0
0
0
0
0
0
0
0
0
0
0
0
1
0
1
0
0
0
0
0
0
0
0
0
0
0
0
0
0
0
0
0
1
0
0
0
0
0
0
1
0
0
0
0
0
0
0
0
1
0
1
0
0
0
0
0
0
0
0
0
0
0
0
0
1
1
1
0
0
0
0
0
0
1
0
0
0
0
0
0
0
0
0
0
0
0
0
0
1
0
0
0
0
0
0
1
0
0
1
0
0
1
0
0
0
0
0
0
0
0
0
0
0
0
0
0
0
1
0
0
1
0
0
0
0
0
0
0
0
0
0
0
0
0
0
0
0
0
0
0
0
1
1
0
0
0
0
0
0
0
0
0
0
0
0
0
0
0
0
0
0
0
0
0
0
1
0
0
0
0
0
0
1
0
0
0
0
0
1
0
0
0
0
0
0
0
0
0
0
0
1
0
0
0
0
0
1
0
0
0
0
1
0
0
0
0
0
0
0
0
0
0
1
0
0
0
1
0
1
2
0
0
0
1
0
2
0
0
1
0
0
0
0
0
0
0
0
0
0
1
0
0
0
0
0
0
0
0
0
0
1
0
0
0
0
0
0
0
0
0
0
0
0
0
0
0
0
0
0
0
1
0
0
0
0
0
0
0
0
0
0
0
0
0
0
0
0
0
1
0
0
1
0
0
0
0
0
0
0
0
0
1
0
0
0
0
1
0
0
0
0
0
0
0
0
0
0
0
0
0
0
0
0
1
0
0
0
0
0
1
0
0
0
0
0
0
0
0
0
0
0
0
0
0
0
1
1
0
0
0
1
0
0
0
0
0
0
0
0
0
0
0
0
0
0
0
0
0
0
0
0
0
0
0
0
0
0
0
0
0
0
0
0
0
0
0
0
0
0
1
0
0
0
1
0
0
0
0
1
0
0
1
1
0
1
0
1
0
0
0
0
0
0
0
0
0
0
0
0
0
0
0
0
0
0
0
0
0
0
0
0
0
1
0
0
0
0
0
0
0
0
0
0
0
0
0
0
0
0
0
0
0
1
1
0
0
0
1
0
1
1
0
0
0
0
0
1
1
0
0
0
1
0
0
1
0
0
0
0
0
0
0
0
2
0
0
0
0
0
0
0
1
0
0
0
0
0
0
0
0
0
0
0
0
0
0
0
0
0
0
0
0
0
0
0
1
0
1
1
0
1
0
0
0
0
0
0
0
0
0
0
0
0
0
0
0
0
1
0
0
0
0
0
0
1
0
0
0
1
0
0
0
0
0
0
0
0
0
0
0
0
0
0
2
0
0
0
0
0
0
1
0
0
0
0
0
0
0
0
0
0
0
0
0
0
0
0
0
0
0
0
0
0
0
0
0
0
0
0
0
0
0
0
0
0
0
0
0
0
0
0
0
0
1
0
0
1
0
0
0
0
0
0
0
0
0
0
0
0
0
0
1
0
1
0
0
1
0
0
0
1
0
0
0
0
0
0
0
0
2
0
0
1
0
1
0
0
0
0
0
0
0
0
1
0
0
0
1
0
0
0
0
0
1
0
0
0
0
0
0
0
0
1
0
1
0
1
0
0
0
0
2
0
0
0
0
0
0
0
0
0
0
0
0
0
0
0
0
0
0
0
0
0
0
0
0
0
1
0
0
0
0
0
0
0
0
0
0
0
0
0
0
0
0
0
0
0
0
0
0
0
0
0
0
0
0
0
0
0
0
1
0
0
0
0
0
1
0
0
0
1
0
0
1
0
0
0
0
0
0
0
0
0
1
0
0
0
0
0
0
0
0
0
0
0
0
0
1
0
0
1
0
0
0
0
0
0
1
0
0
0
0
0
0
0
0
0
0
0
0
0
0
1
1
0
0
0
0
0
0
0
0
0
0
0
0
0
0
0
0
0
0
0
0
0
0
0
0
0
0
0
0
0
0
0
0
0
1
0
0
0
0
0
0
0
0
1
0
0
0
0
0
0
0
0
0
0
0
0
0
0
0
0
0
0
0
0
0
0
0
0
1
0
0
0
0
0
0
0
0
0
0
0
0
0
1
0
0
0
0
0
0
0
0
0
0
0
0
0
0
0
0
1
0
0
0
0
0
0
0
0
0
0
0
0
0
0
0
0
0
0
0
0
0
0
0
0
0
0
1
1
0
0
0
0
0
1
0
0
0
0
0
0
0
0
0
0
0
1
0
0
0
0
0
0
0
0
0
0
0
0
0
0
0
0
0
0
0
0
0
0
0
0
0
0
0
0
0
0
1
0
0
0
1
0
0
0
0
0
0
0
0
0
0
0
0
0
0
0
0
0
0
0
0
0
0
0
0
0
0
0
0
0
0
0
0
0
0
0
0
0
0
0
0
0
0
0
0
0
0
0
0
0
0
0
0
0
0
0
0
0
0
0
0
0
0
0
0
0
0
0
0
0
0
0
0
0
0
0
0
0
0
0
0
1
0
0
0
0
0
0
0
0
0
0
0
0
0
0
0
0
0
0
0
0
0
0
0
0
0
0
0
0
0
0
0
0
0
0
0
0
0
0
0
0
0
0
0
0
0
0
0
1
0
0
0
0
0
0
0
0
0
0
0
0
0
0
0
0
0
0
0
1
0
0
0
0
0
0
0
0
0
0
0
0
0
0
0
0
0
0
1
0
0
0
0
0
0
0
1
0
0
0
0
0
0
0
0
0
0
0
0
0
0
0
0
0
0
0
0
0
0
0
0
0
0
0
0
0
0
0
0
0
1
0
0
0
0
0
0
0
0
0
0
1
0
0
0
0
0
0
0
0
0
0
0
0
0
0
0
0
0
0
0
0
0
0
0
0
0
0
0
0
0
0
0
0
0
0
0
0
0
0
0
0
0
0
0
0
0
0
0
0
0
0
0
0
0
0
0
0
0
0
0
0
1
0
0
0
0
0
0
0
0
0
0
0
0
0
0
0
0
0
0
0
0
0
0
0
0
0
0
0
0
0
0
0
0
1
0
0
0
0
0
0
0
1
0
0
0
0
0
0
0
0
0
0
0
0
0
0
0
0
0
0
0
0
0
0
0
0
0
0
0
0
0
0
0
0
0
0
1
0
0
0
0
0
0
0
0
0
0
0
0
0
0
0
0
0
0
0
0
0
0
0
0
0
0
0
0
0
1
0
0
0
0
0
0
0
0
0
0
0
0
0
1
0
0
0
0
0
0
0
0
0
0
0
0
0
0
0
0
0
0
0
0
0
0
0
0
0
0
0
0
0
1
0
0
0
0
0
0
0
0
0
0
0
0
1
0
0
0
0
0
0
0
0
0
0
0
0
0
0
0
0
0
0
0
0
0
0
0
0
0
0
0
0
0
0
0
1
0
0
0
0
0
0
0
0
0
0
0
0
0
0
0
0
0
0
0
0
0
0
0
0
0
0
1
0
0
0
0
0
0
0
0
0
0
0
0
0
0
0
0
0
0
0
0
0
0
0
1
0
0
1
0
0
0
0
0
0
0
0
0
0
0
0
0
0
0
0
0
0
0
0
0
0
0
0
0
0
0
0
0
0
0
0
0
0
1
0
0
0
0
0
0
0
0
0
0
0
0
0
0
0
0
0
0
0
0
0
0
0
0
0
0
0
0
0
0
0
1
0
0
0
0
0
0
0
0
0
0
0
0
0
0
0
0
0
0
0
0
0
0
0
0
0
0
0
0
0
0
0
0
0
0
0
0
0
0
0
0
0
0
0
0
0
0
0
0
0
0
0
0
0
0
0
0
1
0
0
0
0
0
0
0
0
0
0
0
0
0
0
0
0
0
0
1
0
0
0
0
0
0
0
0
0
0
0
0
0
0
0
0
0
0
0
0
0
0
0
0
0
0
0
0
0
0
0
0
0
0
0
0
0
0
0
0
0
0
0
0
0
0
0
0
0
0
0
0
0
0
0
0
0
0
0
0
0
0
0
1
0
0
0
0
0
0
0
0
0
0
0
0
0
0
0
0
0
0
0
0
0
0
0
0
0
0
0
0
0
0
0
0
0
0
0
0
0
0
0
0
0
0
0
0
0
0
0
0
0
0
0
0
0
0
0
0
0
0
0
0
0
0
0
0
0
0
0
0
0
0
0
0
0
0
0
0
0
0
0
1
0
0
0
0
0
0
0
0
0
0
0
0
0
0
0
0
0
0
0
0
0
0
0
0
0
0
0
0
0
0
0
0
0
0
0
0
0
0
0
0
0
0
0
0
0
0
0
0
0
0
0
0
0
0
0
0
0
0
0
0
0
0
0
0
0
0
1
0
0
0
0
0
0
0
0
0
0
0
0
0
0
0
0
0
0
0
0
0
0
0
0
0
0
0
0
0
0
0
0
0
0
0
0
0
0
0
0
0
0
0
0
0
0
0
0
0
0
0
0
0
0
0
0
0
0
0
0
0
0
0
0
0
0
0
0
0
0
0
0
0
0
0
0
0
0
0
0
0
0
0
0
0
0
0
0
0
0
0
0
0
0
0
0
0
0
0
0
0
0
0
0
0
0
0
0
0
0
0
0
0
0
0
0
0
0
0
0
0
0
0
0
0
0
0
0
0
0
0
0
0
0
0
0
0
0
0
1
0
0
0
0
0
0
0
0
0
0
0
0
0
0
0
0
0
0
0
0
0
0
0
0
0
0
0
0
0
0
0
1
0
0
0
0
0
0
0
0
0
0
0
0
0
0
0
0
0
0
0
0
0
0
0
0
0
0
0
0
0
0
0
0
0
0
0
0
0
0
0
0
0
0
0
0
0
0
0
0
0
0
0
0
0
0
0
0
0
0
0
0
0
0
0
0
0
0
0
0
0
0
0
0
0
0
0
0
0
0
0
0
0
0
0
0
0
0
0
0
0
0
0
0
0
0
0
0
0
0
0
0
0
0
0
0
0
0
0
0
0
0
0
0
0
0
0
0
0
0
0
0
0
0
0
0
0
0
0
0
0
0
0
0
0
0
0
0
0
0
0
0
0
0
0
0
0
0
0
0
0
0
0
0
0
0
0
0
0
0
0
0
0
0
0
0
0
0
0
0
0
0
0
0
0
0
0
0
0
0
0
0
0
0
0
0
0
0
0
0
0
0
0
0
0
0
0
0
0
0
0
0
0
0
0
0
0
0
0
0
0
0
0
0
0
0
0
0
0
0
0
0
0
0
0
0
0
0
0
0
0
0
0
0
0
0
0
1
0
0
0
0
0
0
0
0
0
0
0
0
0
0
0
0
0
0
0
0
0
0
0
0
0
0
0
0
0
0
0
0
0
0
0
0
0
0
0
0
0
0
0
0
0
0
0
0
0
0
0
0
0
0
0
0
0
0
0
0
0
0
0
0
0
0
0
0
0
0
0
0
0
0
0
0
0
0
0
0
0
0
0
0
0
0
0
0
0
0
0
0
0
0
0
0
0
0
0
0
0
0
1
0
0
0
0
0
0
0
0
0
0
0
0
0
0
0
0
0
0
0
0
0
0
0
0
0
0
0
0
0
0
0
0
0
0
0
0
0
0
0
0
0
0
0
0
0
0
0
0
0
0
0
0
0
0
0