0
0
0
0
0
0
0
0
0
0
0
0
0
0
0
0
0
0
0
0
0
0
0
0
0
0
0
0
0
0
0
0
0
0
0
0
0
0
0
0
0
0
0
0
0
0
0
0
0
0
0
0
0
0
0
0
0
0
0
0
0
0
0
0
0
0
0
0
0
0
0
0
0
0
0
0
0
0
0
0
0
0
0
0
0
0
0
0
0
0
0
0
0
0
0
0
0
0
0
0
0
0
0
0
0
0
0
0
0
0
0
0
0
0
0
0
0
0
0
0
0
0
0
0
0
0
0
0
0
0
0
0
0
0
0
0
0
0
0
0
0
0
0
0
0
0
0
0
0
0
0
0
0
0
0
0
0
0
0
0
0
0
0
0
0
0
0
0
0
0
0
0
0
0
0
0
0
0
0
0
0
0
0
0
0
0
0
0
0
0
0
0
0
0
0
0
0
0
0
0
0
0
0
0
0
0
0
0
0
0
0
0
0
0
0
0
0
0
0
0
0
0
0
0
0
0
0
0
0
0
0
0
0
0
0
0
0
0
0
0
0
0
0
0
0
0
0
0
0
0
0
0
0
0
0
0
0
0
0
0
0
0
0
0
0
0
0
0
0
0
0
0
0
0
0
0
0
0
0
0
0
0
0
0
0
0
0
0
0
0
0
0
0
0
0
0
0
0
0
0
0
0
0
0
0
0
0
0
0
0
0
0
0
0
0
0
0
0
0
0
0
0
0
0
0
0
0
0
0
0
0
0
0
0
0
0
0
0
0
0
0
0
0
0
0
0
0
0
0
0
0
0
0
0
0
0
0
0
0
0
0
0
0
0
0
0
0
0
0
0
0
0
0
0
0
0
0
0
0
0
0
0
0
0
0
0
0
0
0
0
0
0
0
0
0
0
0
0
0
0
0
0
0
0
0
0
0
0
0
0
0
0
0
0
0
0
0
0
0
0
0
0
0
0
0
0
0
0
0
0
0
0
0
0
0
0
0
0
0
0
0
0
0
0
0
0
0
0
0
0
0
0
0
0
0
0
0
0
0
0
0
0
0
0
0
0
0
0
0
0
0
0
0
0
0
0
0
0
0
0
0
0
0
0
0
0
0
0
0
0
0
0
0
0
0
0
0
0
0
0
0
0
0
0
0
0
0
0
0
0
0
0
0
0
0
0
0
0
0
0
0
0
0
0
0
0
0
0
0
0
0
0
0
0
0
0
0
0
0
0
0
0
0
0
0
0
0
0
0
0
0
0
0
0
0
0
0
0
0
0
0
0
0
0
0
0
0
0
0
0
0
0
0
0
0
0
0
0
0
0
0
0
0
0
0
0
0
0
0
0
0
0
0
0
0
0
0
0
0
0
0
0
0
0
0
0
0
0
0
0
0
0
0
0
0
0
0
0
0
0
0
0
0
0
0
0
0
0
0
0
0
0
0
0
0
0
0
0
0
0
0
0
0
0
0
0
0
0
0
0
0
0
0
0
0
0
0
0
0
0
0
0
0
0
0
0
0
0
0
0
0
0
0
0
0
0
0
0
0
0
0
0
0
0
0
0
0
0
0
0
0
0
0
0
0
0
0
0
0
0
0
54
54
49
40
41
48
50
57
53
50
54
43
40
54
51
50
57
47
46
48
56
43
50
54
44
38
59
52
49
58
51
44
40
53
50
42
48
53
46
54
42
51
47
42
33
54
56
49
57
49
52
53
48
50
53
50
45
47
63
47
54
59
54
39
47
47
69
52
37
33
48
43
49
48
62
54
55
58
47
50
50
56
58
63
52
47
51
45
38
46
56
53
49
56
50
50
44
48
57
63
40
48
39
59
64
41
45
47
50
56
56
40
48
48
44
45
40
50
45
38
54
45
54
56
47
57
46
50
52
44
54
57
42
49
39
60
34
51
50
38
56
48
46
64
38
53
50
53
48
53
45
59
52
41
49
65
53
52
42
51
53
36
36
41
44
45
62
57
50
51
42
44
61
51
54
51
46
54
50
45
43
41
54
53
45
47
44
55
42
53
42
56
53
55
56
57
50
49
57
33
57
60
50
50
39
61
54
43
48
47
60
52
55
59
49
58
52
49
57
56
47
47
56
49
64
48
44
54
56
47
41
50
46
55
54
42
77
64
52
56
51
45
51
48
58
43
56
58
52
37
53
57
58
63
54
50
53
43
55
47
58
76
60
65
51
63
62
53
52
55
49
48
47
56
52
59
49
55
47
55
47
54
53
57
51
49
53
67
57
45
59
49
50
50
77
62
56
65
64
62
50
39
61
63
60
66
54
64
62
65
50
68
50
59
56
64
61
56
50
55
46
66
75
58
55
58
47
47
68
65
73
51
62
61
55
58
54
65
59
80
76
46
75
60
81
57
52
63
61
60
66
61
55
61
54
60
51
57
62
61
59
60
66
79
68
61
65
60
85
71
59
60
61
67
64
69
61
72
55
70
60
52
69
72
52
70
58
78
75
65
56
71
78
68
95
71
64
61
67
69
73
76
56
77
72
88
68
50
73
69
67
76
71
70
83
76
74
60
83
73
66
68
77
86
88
77
67
69
85
82
55
78
78
84
75
88
67
104
72
60
75
71
59
75
91
73
73
66
80
76
65
82
66
84
90
74
70
77
72
90
66
71
72
74
74
75
74
75
73
64
75
93
95
87
78
70
74
95
81
69
82
98
87
91
85
98
78
87
90
100
91
117
69
83
89
85
74
94
86
71
92
85
84
78
106
80
80
75
89
87
79
82
84
94
78
101
78
100
75
80
104
92
89
100
96
82
71
84
94
93
103
88
88
81
74
105
100
110
105
103
93
102
100
88
96
80
103
104
93
75
85
97
79
97
110
102
104
106
101
125
108
108
100
81
86
110
100
102
125
110
109
106
104
106
120
97
115
99
105
111
141
120
91
118
111
144
112
113
108
108
114
97
120
115
100
119
121
112
119
116
112
114
137
129
125
97
124
129
100
122
134
122
118
124
140
115
128
123
128
134
116
117
124
114
144
142
137
141
131
130
144
127
132
124
129
160
125
114
138
151
122
129
114
143
139
142
138
132
131
128
152
127
145
175
128
146
138
156
160
126
143
140
139
137
134
124
137
137
138
137
143
151
143
124
150
164
117
155
142
132
143
140
150
135
150
172
158
145
191
169
161
153
166
163
142
142
163
158
171
161
171
174
157
160
149
169
152
155
153
147
173
167
171
191
171
150
141
161
175
178
166
175
168
158
173
185
171
159
155
161
164
171
171
170
146
160
170
180
155
168
162
149
192
159
144
170
192
179
189
144
203
183
175
191
159
170
175
189
177
190
191
183
187
185
151
180
171
180
168
181
189
183
175
171
192
165
195
161
167
150
141
175
189
168
177
169
185
164
195
180
190
168
199
177
173
166
191
174
177
185
162
184
185
190
180
172
175
164
196
161
180
179
196
187
161
151
179
189
189
194
170
192
166
169
203
167
171
172
193
191
160
206
167
162
167
189
181
166
165
175
199
210
190
175
160
156
163
196
159
185
174
188
169
167
156
193
175
178
188
155
185
194
174
169
169
174
167
182
180
156
142
164
166
163
153
182
175
160
168
160
163
166
177
170
167
168
152
173
163
145
191
173
142
162
167
170
159
173
172
165
163
205
149
182
160
134
160
140
140
162
162
175
159
175
154
156
189
167
152
139
162
170
144
151
167
158
154
150
149
169
142
133
145
128
135
158
138
153
150
137
147
145
141
139
138
138
170
148
138
143
128
150
133
136
146
129
142
124
139
120
119
112
132
146
138
137
124
124
130
135
131
133
141
106
123
141
143
134
116
146
140
131
122
112
129
142
108
120
114
126
114
111
115
139
122
111
109
125
102
116
132
120
103
107
105
114
125
117
129
98
119
104
112
108
116
115
95
110
111
108
116
74
107
96
112
111
113
106
117
99
102
102
122
102
114
90
113
102
113
82
94
107
90
107
97
101
101
99
101
111
99
113
116
93
106
102
100
109
105
97
100
82
103
97
108
103
102
114
78
99
91
98
89
108
90
90
88
90
83
86
86
79
100
81
80
90
89
107
93
81
72
76
89
82
89
103
82
105
85
79
100
71
90
88
85
74
86
94
75
67
88
82
78
79
91
86
69
80
92
85
76
84
89
62
67
80
82
89
70
73
80
85
79
76
86
80
84
86
71
88
71
84
75
76
76
82
72
86
89
82
88
70
77
58
75
73
83
80
76
71
77
76
66
61
82
69
72
63
52
71
68
70
75
64
88
56
60
72
63
73
72
80
55
73
53
69
59
84
70
72
68
93
74
73
76
71
75
66
59
72
67
59
67
76
83
78
65
72
81
73
74
65
77
70
80
71
72
53
57
61
64
55
75
73
60
83
77
67
78
79
75
69
63
75
75
72
74
64
54
66
71
73
81
57
66
55
75
73
63
83
67
56
67
71
56
59
57
61
62
67
63
68
65
59
64
72
69
79
56
63
69
57
70
63
67
78
63
64
53
81
81
60
58
73
58
67
58
76
65
64
71
64
68
72
74
74
67
63
62
67
61
65
77
64
69
55
59
73
61
80
68
88
71
65
77
57
51
82
65
63
65
75
55
52
51
77
72
68
69
67
67
84
67
84
90
76
82
68
70
80
69
79
59
69
72
92
79
52
59
73
59
75
67
73
67
71
58
68
69
76
84
65
75
61
76
68
90
76
72
70
66
69
88
75
86
82
79
78
73
67
77
72
58
67
88
78
83
65
51
70
67
81
65
74
81
71
84
73
88
79
86
97
83
64
73
71
84
69
74
78
74
87
70
63
88
67
72
78
93
85
84
71
86
71
66
79
81
76
79
79
79
95
92
85
85
88
91
62
79
88
82
79
92
111
89
94
87
80
79
78
85
85
93
79
71
83
82
74
96
91
84
106
89
75
87
84
92
74
95
99
83
101
90
86
87
66
104
103
83
83
84
95
71
87
94
101
102
94
93
104
75
88
110
88
90
101
88
108
116
88
107
100
109
97
105
113
105
96
110
126
122
101
95
117
106
111
114
121
116
110
111
97
105
91
113
106
115
115
95
92
109
97
118
116
106
119
106
117
108
107
126
109
138
113
114
119
114
114
110
124
120
134
133
114
124
104
109
137
137
113
141
136
126
121
131
138
151
113
149
131
127
137
136
120
142
128
141
115
139
132
140
145
153
150
151
137
130
132
133
124
167
172
159
149
134
143
135
144
135
172
139
139
124
170
158
141
138
153
140
134
139
158
161
178
137
170
156
158
155
177
150
178
168
134
162
164
177
176
142
159
162
127
191
144
181
175
156
167
190
161
158
180
171
149
191
141
176
156
159
177
174
156
171
205
179
197
195
168
181
173
190
185
185
156
178
188
154
209
168
194
193
182
196
229
199
199
197
208
177
203
215
187
207
212
207
195
178
201
202
211
235
171
221
196
208
221
204
210
221
200
219
215
239
229
213
204
224
219
238
228
235
239
220
240
230
253
227
236
216
217
236
237
212
238
239
238
232
256
230
231
254
252
274
259
246
233
243
284
259
255
250
285
275
278
260
269
277
266
282
283
306
229
251
291
271
298
286
263
311
261
296
312
270
286
275
295
263
281
311
296
292
300
293
286
276
283
332
303
302
336
308
288
261
312
279
327
314
313
330
295
298
325
299
332
358
332
319
320
295
337
317
317
340
346
323
368
312
394
365
370
358
345
373
378
347
367
338
377
359
364
348
361
367
362
366
356
398
369
386
380
362
371
425
383
410
377
414
387
374
383
393
422
389
434
427
406
415
413
408
426
397
397
393
385
418
442
428
447
430
457
433
411
435
484
464
443
447
443
446
421
448
464
475
448
444
433
458
501
470
474
452
504
471
461
468
518
477
445
493
481
456
523
472
449
470
477
505
502
499
512
494
498
531
530
524
524
583
511
530
592
516
536
540
538
526
539
520
516
523
549
539
532
615
521
603
549
558
586
541
568
585
577
551
556
610
618
572
602
584
602
603
596
599
532
578
644
575
595
660
624
648
605
598
590
603
645
721
615
637
654
626
622
609
651
632
646
623
677
671
648
613
663
675
634
628
645
641
668
693
660
646
694
711
670
653
691
725
683
692
683
671
670
657
720
651
713
705
736
738
701
698
674
711
746
745
774
702
726
717
757
738
725
726
750
732
743
722
723
775
767
721
738
783
748
778
728
786
750
760
742
779
770
827
760
782
759
792
724
804
753
829
784
757
773
808
762
800
770
818
808
798
804
835
840
817
826
813
833
818
807
835
813
801
809
821
849
834
839
826
863
886
815
856
852
858
882
794
849
856
906
864
832
806
844
829
852
885
919
818
863
908
840
839
827
888
870
888
905
886
851
874
932
888
833
896
856
878
921
899
882
882
864
902
914
802
868
863
862
914
894
869
920
923
863
922
871
862
932
832
887
847
940
928
888
898
891
881
953
937
897
960
888
959
921
923
929
977
889
940
921
960
969
902
907
874
907
948
902
873
939
927
927
918
893
900
960
888
883
939
910
932
888
902
899
965
928
883
910
947
932
933
979
923
953
928
945
893
865
909
919
910
887
928
906
916
927
990
931
911
885
932
918
920
933
917
943
881
922
941
883
904
960
934
885
905
961
913
922
885
887
852
906
863
917
888
897
901
929
875
871
913
907
893
914
814
920
857
908
892
935
896
912
834
905
867
897
867
861
917
887
867
854
873
895
838
862
867
859
935
886
866
853
861
873
813
874
836
853
904
824
860
862
876
823
865
792
860
857
828
854
862
821
833
858
831
823
786
802
749
802
842
843
825
861
810
807
835
783
833
795
773
816
777
780
794
772
756
799
798
784
837
794
745
804
759
779
815
728
743
767
757
780
755
749
762
821
783
743
747
779
771
819
730
736
784
716
758
696
753
733
679
733
672
726
715
749
668
698
662
740
692
712
666
719
663
652
728
677
666
746
701
676
700
666
637
649
677
694
696
688
701
633
647
634
672
603
652
701
661
630
678
664
637
598
630
687
595
631
634
653
621
613
669
611
607
592
638
629
623
599
607
627
613
649
598
617
530
616
584
576
526
573
579
581
593
540
559
577
587
517
562
570
546
510
550
590
535
537
525
542
520
510
524
508
544
553
508
528
520
504
553
525
479
536
482
518
520
470
521
488
494
522
476
504
473
462
468
488
433
474
495
493
469
479
458
451
453
452
433
472
468
437
478
421
449
458
441
436
411
481
417
418
402
420
438
404
451
417
434
437
437
396
427
397
403
394
442
388
372
400
414
403
357
377
399
355
380
365
393
349
352
362
375
349
320
368
348
351
358
353
376
344
355
369
313
373
357
328
338
342
342
342
347
326
326
334
302
294
327
337
304
296
313
316
308
312
318
295
315
294
277
308
281
278
283
306
305
300
308
264
275
280
274
285
238
283
296
243
303
298
263
274
271
302
260
263
264
256
305
264
240
257
269
241
265
279
270
240
219
250
245
243
303
209
252
223
216
261
228
244
234
235
219
233
221
222
220
223
251
183
244
225
212
199
230
222
198
225
192
199
219
202
201
189
225
211
175
171
178
195
198
177
191
194
165
179
205
170
183
186
207
179
198
167
169
185
165
199
166
185
185
171
158
170
164
176
160
147
160
169
149
155
157
148
162
136
153
155
150
151
146
140
136
159
159
161
124
133
165
132
154
130
147
165
146
154
144
143
130
147
121
129
122
145
113
133
98
115
119
121
140
118
124
109
113
127
113
135
109
123
116
111
124
117
114
117
119
120
108
109
115
120
105
121
118
103
86
97
109
88
98
88
108
113
114
97
112
94
82
100
93
90
98
69
86
77
88
67
107
85
96
88
76
88
83
84
82
73
94
78
79
78
78
72
66
81
62
68
76
76
83
54
77
63
75
83
85
78
64
68
53
79
78
72
74
86
74
64
77
83
73
80
71
53
61
58
67
70
67
56
60
51
76
55
63
60
53
65
64
49
69
45
54
67
55
61
70
47
59
50
63
42
55
61
50
41
51
53
54
59
52
65
46
45
49
56
52
55
54
57
58
49
66
58
47
47
58
35
50
38
38
38
45
49
44
34
43
47
38
43
48
47
43
40
42
46
52
33
39
50
27
41
35
44
37
37
26
38
36
42
36
37
27
34
33
30
38
29
39
37
25
31
46
25
25
36
29
37
33
44
32
36
29
32
33
34
26
28
28
39
24
32
29
28
30
29
22
32
34
29
29
20
23
28
34
34
32
18
32
26
26
28
19
19
27
31
28
26
26
35
26
36
23
29
22
22
34
25
34
21
24
26
26
28
29
17
22
24
35
22
26
15
29
25
35
27
31
24
20
24
30
16
29
14
27
14
29
17
22
29
15
26
14
17
14
22
20
20
21
19
23
17
19
19
27
13
17
24
22
19
19
23
18
16
14
15
19
19
14
14
15
13
18
18
22
15
23
11
22
17
14
14
21
23
18
10
17
19
18
10
13
13
13
11
18
13
25
18
19
13
21
11
13
15
17
15
15
16
13
22
19
19
23
15
22
12
10
18
10
14
12
15
14
7
14
10
15
15
17
11
12
9
5
18
15
11
25
15
20
18
15
17
15
18
12
11
16
10
17
11
8
19
18
15
13
20
13
14
12
10
15
12
9
10
18
14
14
10
25
18
19
11
13
17
13
24
16
10
14
14
7
18
18
12
18
12
10
13
14
12
14
9
11
12
12
13
14
12
10
18
12
13
9
13
10
12
16
20
10
19
13
15
7
9
10
12
8
7
8
17
8
15
8
14
16
12
8
13
13
5
14
13
14
9
16
12
13
18
12
12
15
12
14
14
9
17
20
12
7
9
15
16
12
11
9
11
13
8
12
12
9
9
8
9
9
12
9
14
8
15
11
15
7
8
9
10
11
9
11
18
14
6
11
14
4
19
9
15
9
12
11
9
9
10
16
10
14
7
10
14
11
8
9
11
15
5
13
14
16
13
13
7
7
15
12
9
5
5
14
11
19
12
12
13
11
14
15
8
11
9
7
7
7
8
9
7
11
13
12
11
7
6
10
10
10
12
10
12
9
12
12
14
10
11
16
6
8
8
6
6
8
11
10
10
6
7
11
15
7
13
6
15
14
14
9
9
11
5
10
14
15
8
7
8
12
8
5
10
11
14
8
11
12
15
10
13
8
13
17
9
12
5
10
11
14
16
12
7
7
13
10
6
15
11
10
11
7
7
11
9
9
7
11
7
10
9
10
12
7
5
14
3
6
13
8
13
11
4
10
15
7
15
5
4
8
8
15
4
10
8
12
11
15
14
13
15
9
8
13
14
17
7
13
3
12
9
14
8
13
16
10
6
7
6
10
9
7
9
10
13
8
7
14
14
12
10
9
8
8
13
5
10
11
5
8
9
10
10
11
15
8
13
9
5
10
9
9
7
7
12
7
12
6
11
14
6
5
5
7
10
11
14
7
10
10
11
11
7
10
7
8
8
8
12
9
6
11
9
13
9
9
8
17
7
6
14
7
11
8
9
4
13
7
6
5
6
9
14
7
6
5
6
12
6
5
9
9
6
9
10
9
10
5
9
12
8
9
9
8
11
11
7
9
11
13
8
12
7
5
4
5
9
9
7
6
7
12
6
6
14
10
12
9
6
9
10
13
9
14
14
10
7
9
4
8
7
11
13
5
10
14
14
8
8
5
12
10
4
8
6
7
12
8
6
10
9
5
7
14
6
8
9
6
14
13
9
9
9
8
6
3
9
12
11
8
9
13
11
14
12
16
11
7
11
5
9
12
9
9
7
9
7
6
8
12
11
12
14
12
6
16
9
5
11
10
7
4
12
12
6
11
5
6
9
10
8
17
5
7
11
9
11
11
5
4
13
9
9
8
6
10
5
11
6
3
12
11
7
7
6
9
9
7
9
6
12
11
11
8
6
9
11
14
8
9
11
7
5
9
16
6
7
8
10
10
4
8
10
9
6
8
6
4
12
11
9
3
8
13
11
8
7
12
6
8
7
6
10
10
9
8
10
6
8
6
12
6
12
11
5
12
8
10
8
8
7
6
8
9
13
12
8
11
7
9
12
7
7
6
6
8
11
7
3
5
9
8
6
12
6
10
7
8
9
9
5
6
9
5
11
16
7
5
8
5
7
8
6
5
10
11
7
3
9
11
9
16
10
7
7
10
6
4
7
10
7
6
12
15
7
3
10
10
5
7
3
8
11
13
7
7
9
7
12
7
8
2
2
3
5
10
5
13
8
8
11
6
11
5
11
6
7
7
2
10
12
5
6
6
8
6
5
9
7
7
7
9
6
4
11
9
5
3
16
11
8
6
11
4
9
4
6
13
11
7
9
7
5
10
3
10
9
7
8
9
7
8
8
9
14
11
4
12
8
7
7
5
8
7
10
9
9
11
16
8
4
7
5
10
6
9
8
11
7
4
10
13
12
4
6
7
5
8
10
8
5
17
3
5
6
6
9
8
7
9
10
9
7
6
12
8
13
8
3
11
4
4
6
13
9
6
9
5
6
8
8
6
10
9
6
9
8
7
9
6
7
3
4
4
6
11
6
6
6
9
9
14
7
7
8
3
6
7
11
7
7
5
8
5
9
8
7
5
9
9
8
9
10
10
7
7
7
10
2
3
5
9
9
7
8
5
2
11
10
11
6
12
10
7
10
10
13
6
5
6
2
10
6
9
12
11
9
9
3
12
6
6
8
11
4
10
7
4
7
3
7
10
8
7
6
12
7
10
5
5
9
8
6
9
15
10
9
8
7
11
9
10
8
8
13
7
7
7
3
10
8
6
10
9
9
3
4
12
7
7
7
3
5
6
9
5
8
7
8
12
14
11
12
8
14
2
8
10
7
7
8
13
7
8
10
9
9
11
14
8
5
4
3
9
11
14
3
8
5
6
9
11
8
6
6
8
10
8
10
7
8
7
9
7
7
8
4
7
14
3
7
14
5
7
11
7
12
4
6
7
4
13
4
10
7
11
9
7
7
7
10
2
11
12
7
7
8
8
8
10
7
11
12
4
6
4
5
6
9
12
5
8
7
6
7
7
11
7
7
14
7
9
12
4
6
8
5
7
7
7
8
4
11
9
8
13
7
8
7
5
6
4
9
10
5
6
7
9
6
1
6
9
12
9
9
6
8
7
5
10
10
7
6
6
5
6
7
7
11
11
8
4
3
6
5
11
3
8
8
1
9
11
8
7
6
9
7
11
6
14
9
12
6
8
6
14
6
4
8
11
8
6
10
9
6
4
6
9
6
7
4
8
6
11
6
5
7
10
5
6
6
6
10
9
9
3
7
15
6
10
8
13
8
7
3
1
7
9
7
6
11
8
7
2
5
7
4
11
8
7
8
8
5
7
5
7
7
9
6
8
7
7
9
8
7
10
5
11
7
6
6
8
10
7
6
10
8
10
8
7
11
4
5
14
8
7
7
15
9
7
5
7
10
9
7
5
4
11
8
10
9
10
7
14
8
5
7
10
6
6
6
7
5
11
7
5
11
7
10
7
12
10
5
6
4
8
6
2
5
9
8
10
11
9
7
4
4
8
14
10
8
4
6
10
8
9
10
8
10
6
9
12
6
4
8
5
8
9
5
6
11
6
9
11
10
9
7
9
6
10
5
9
4
2
5
7
14
8
5
10
7
10
11
10
8
8
10
13
5
10
7
3
9
8
12
4
12
9
8
9
8
6
5
15
10
8
10
11
7
8
11
8
10
8
7
4
9
9
2
6
9
13
8
8
15
11
6
12
6
8
16
10
8
9
7
4
7
11
14
11
7
9
8
6
8
10
9
13
8
5
7
9
10
9
4
14
7
7
6
7
8
9
9
12
11
6
8
8
10
6
9
10
7
10
12
6
7
6
8
8
11
12
11
11
11
8
11
4
16
10
7
7
14
9
5
5
12
4
12
4
8
7
11
10
13
6
11
10
10
10
9
9
8
16
9
10
9
10
5
8
10
5
12
5
5
12
4
7
5
13
11
10
9
5
9
7
11
5
5
9
3
9
6
8
6
6
16
6
12
8
6
8
7
9
8
12
9
5
13
10
6
8
10
10
4
4
10
8
4
2
11
4
7
8
15
12
6
7
15
6
5
11
6
13
9
8
8
15
10
12
6
9
5
10
7
10
6
12
8
13
12
8
11
6
11
9
5
8
7
6
10
7
3
9
6
9
11
6
10
9
14
13
9
8
6
10
11
10
9
10
5
10
7
17
8
6
6
12
10
8
6
5
3
10
5
9
6
5
4
9
6
13
5
6
4
11
4
8
5
6
7
4
3
5
8
11
12
5
8
7
11
7
10
8
7
7
11
12
12
11
11
10
11
9
9
12
10
8
9
6
7
9
8
19
4
10
3
4
8
8
12
8
12
8
4
8
9
10
9
10
7
11
4
9
6
4
4
16
6
9
12
9
9
12
13
8
13
8
7
11
4
6
8
10
11
6
5
4
8
8
3
13
10
4
4
13
12
12
7
7
8
9
7
8
9
9
10
9
8
6
7
6
5
9
10
10
6
10
8
4
8
8
7
9
8
10
9
12
10
8
9
9
4
6
15
11
6
12
9
12
15
6
8
4
10
9
8
8
10
3
8
15
11
14
9
4
7
5
10
7
3
6
7
8
10
11
11
4
8
13
10
7
11
3
12
3
4
6
8
7
7
7
5
8
8
6
7
6
9
4
5
7
4
11
7
5
9
7
8
5
5
10
6
6
11
9
6
6
5
11
7
3
8
9
7
10
8
12
8
7
10
10
8
5
5
8
10
3
4
10
10
6
7
7
6
8
5
4
9
9
8
8
6
7
7
9
4
7
11
5
8
4
6
9
10
13
5
6
6
9
4
8
7
2
7
7
6
6
7
7
10
7
6
4
5
4
5
7
4
3
10
5
6
10
5
8
7
3
8
5
12
10
5
6
10
8
8
4
5
9
3
6
4
10
5
6
9
9
1
7
5
6
2
9
5
5
4
4
10
6
9
11
13
10
0
8
7
11
5
7
5
6
3
8
8
0
2
7
7
5
6
5
8
4
3
5
8
8
3
4
4
8
4
12
4
7
9
1
5
6
11
6
3
5
3
7
6
7
4
6
7
5
8
4
5
11
6
9
5
6
7
4
6
5
2
8
3
5
4
6
6
9
1
2
3
3
8
4
11
3
9
6
3
3
5
6
3
4
5
4
4
6
6
9
3
5
7
9
3
6
7
8
3
5
2
5
6
1
3
5
3
5
7
7
9
2
5
8
2
6
6
7
2
2
3
2
11
2
3
4
5
7
3
2
3
1
3
3
4
4
6
5
5
2
5
2
3
2
2
3
10
3
3
3
7
10
4
2
5
4
2
6
4
10
2
6
1
1
7
5
3
5
7
4
2
4
6
7
2
3
4
5
5
5
7
6
4
5
8
9
4
6
2
5
5
9
9
5
6
5
1
4
5
3
10
1
4
1
3
3
5
4
3
4
3
6
3
5
4
4
3
4
3
6
8
7
6
3
3
3
2
6
3
6
6
4
1
2
5
3
2
5
3
6
5
4
3
4
2
3
2
3
2
2
1
6
5
9
1
2
7
2
5
2
2
2
3
3
1
4
6
5
3
4
1
3
4
3
3
1
2
2
2
5
2
3
0
2
3
2
0
5
1
2
0
2
5
4
2
6
2
3
3
0
2
2
4
3
0
6
4
2
2
3
4
1
4
2
4
2
5
4
3
1
1
3
3
2
3
2
2
2
4
5
3
3
1
1
0
5
3
2
2
1
3
3
1
2
5
2
7
1
2
1
1
1
4
1
1
3
2
1
5
4
1
1
1
1
2
2
5
1
1
1
8
0
5
1
3
5
4
1
3
2
2
2
2
2
2
1
7
1
3
2
2
2
1
1
1
0
2
0
3
0
3
0
0
3
1
3
0
3
2
2
0
1
2
0
3
3
5
0
3
2
1
1
1
5
0
3
2
1
1
1
1
1
0
2
0
3
0
2
1
1
3
3
0
4
3
3
3
1
2
0
0
2
2
1
4
2
3
1
1
0
0
0
1
2
1
0
2
3
5
5
1
2
1
3
4
1
1
2
1
2
1
0
1
0
4
2
2
1
0
1
0
0
0
2
1
0
2
0
4
0
2
0
2
1
0
0
0
2
5
1
4
2
3
1
2
0
0
0
2
0
1
1
1
1
0
1
2
0
1
1
2
0
1
2
2
1
2
0
1
0
0
1
0
0
3
1
1
3
1
1
0
2
1
0
1
0
1
1
1
2
4
2
1
1
0
1
1
3
1
1
1
0
2
0
2
0
2
1
1
0
1
0
0
2
0
1
0
0
3
2
0
1
0
2
1
0
2
3
0
1
0
0
1
0
2
1
1
1
0
2
0
0
1
1
0
1
1
0
0
1
2
1
2
1
0
0
2
1
2
0
1
0
2
0
2
0
1
2
1
3
1
0
0
0
0
0
0
0
0
1
1
0
0
2
1
0
0
0
1
1
2
0
0
1
1
1
0
0
2
0
0
0
0
0
1
0
0
0
1
0
0
1
1
0
0
0
0
0
0
3
1
2
0
0
3
1
2
1
3
0
2
0
1
1
0
1
0
0
0
1
0
0
1
0
0
0
0
0
0
3
0
0
1
0
0
0
0
0
1
0
0
0
0
1
0
0
1
1
2
0
1
0
0
1
0
1
0
0
0
1
0
1
0
0
0
0
0
0
1
0
0
0
0
1
0
0
0
1
0
0
1
1
0
0
0
1
0
1
0
1
0
0
0
0
1
0
0
0
1
0
0
0
0
0
0
0
1
1
0
0
0
0
0
1
0
0
0
0
0
1
1
1
0
0
1
0
1
0
1
0
0
0
0
0
0
1
1
0
1
0
0
2
1
0
1
0
0
2
0
1
0
0
0
0
0
0
0
0
2
0
0
0
0
1
0
0
0
0
0
0
1
2
0
0
0
0
1
0
2
0
0
0
0
0
0
1
0
0
0
1
0
0
1
1
1
0
0
0
0
0
0
1
0
0
0
0
0
0
1
0
2
1
0
1
0
1
0
0
0
0
1
1
0
0
0
1
0
0
0
1
1
0
0
0
0
1
0
0
0
0
1
0
1
0
0
0
0
0
2
0
0
0
1
0
0
1
0
1
0
1
0
0
0
0
1
1
0
0
0
0
1
1
0
0
1
1
1
0
0
2
1
1
0
0
0
0
1
0
0
0
0
0
0
0
0
0
1
0
0
1
0
1
0
0
0
1
0
0
0
0
0
1
0
0
0
0
0
0
0
0
1
0
0
0
0
0
0
0
0
0
1
1
0
0
0
0
0
1
0
1
0
0
0
0
1
0
0
0
3
0
0
0
1
0
0
1
0
0
0
0
0
1
0
0
1
0
1
0
2
1
0
1
0
0
0
0
0
0
1
0
2
0
0
0
0
1
2
0
0
0
0
0
0
0
0
1
0
1
1
0
0
0
0
0
0
0
0
0
0
0
0
0
0
1
0
0
1
0
0
0
0
0
1
0
0
0
1
0
0
0
0
0
0
0
0
1
1
0
0
0
0
1
0
0
0
0
1
0
1
2
0
1
1
0
0
0
1
0
0
0
0
0
0
0
0
0
0
0
0
0
0
0
1
0
0
0
0
0
0
0
0
0
1
0
0
0
0
1
0
0
0
0
0
0
0
0
0
0
0
0
0
0
0
1
0
0
0
0
0
1
0
0
0
0
0
0
0
0
0
0
0
0
0
0
0
0
1
0
0
0
0
0
0
0
0
0
0
0
0
0
0
0
0
1
0
0
0
0
0
0
0
0
0
1
0
1
0
0
1
0
0
0
0
1
1
1
0
0
0
0
0
0
0
0
0
0
0
1
1
0
0
0
0
0
0
0
0
0
0
0
0
0
0
0
0
0
0
0
0
0
0
1
0
0
0
0
0
1
0
1
0
0
0
1
0
1
0
0
0
0
0
0
2
0
0
0
0
1
0
0
0
0
0
0
0
1
1
0
1
1
1
0
1
0
0
0
0
1
0
0
0
0
0
0
0
1
0
0
0
0
1
0
0
0
0
0
0
0
0
0
0
0
0
0
0
0
1
0
0
0
0
0
2
0
0
0
1
0
1
0
0
0
0
0
0
0
0
0
2
0
1
1
0
0
0
0
0
0
0
0
0
0
1
1
0
1
0
0
0
0
1
0
0
0
0
0
0
0
0
0
0
0
0
1
0
0
0
1
0
0
0
0
0
0
0
0
0
0
0
1
0
0
0
0
0
0
0
0
0
1
0
0
0
0
0
0
0
0
0
1
0
0
0
0
0
0
0
0
0
2
0
0
1
0
0
0
0
0
1
1
0
1
0
0
0
0
0
0
0
0
0
0
0
0
1
0
1
0
0
0
0
0
1
0
0
0
0
0
0
1
0
0
0
0
0
0
0
1
1
0
0
0
0
0
0
0
0
1
0
1
0
0
1
0
0
0
0
0
0
0
0
0
0
0
0
0
0
0
0
0
0
0
0
0
1
0
0
0
0
0
0
0
0
0
0
0
0
0
0
0
0
1
0
0
1
0
0
0
0
0
0
0
0
0
0
0
0
0
0
1
1
0
2
0
0
0
0
1
0
0
0
1
0
0
0
0
1
0
0
0
0
0
0
1
0
0
0
0
0
0
0
0
0
1
0
0
0
0
0
0
3
1
1
0
0
0
0
1
0
0
0
0
0
0
0
1
0
0
0
0
0
0
0
0
0
0
0
0
0
0
0
0
0
0
0
0
0
0
0
0
0
0
0
1
0
0
0
0
0
1
0
0
0
0
0
0
0
0
0
0
0
0
0
0
0
0
0
0
0
0
1
0
0
0
1
1
0
0
0
0
1
0
0
0
0
0
0
0
0
0
0
0
0
0
1
1
0
0
0
0
1
0
0
0
0
1
0
0
0
0
0
0
0
0
0
0
1
0
1
0
0
0
0
0
0
0
1
0
0
0
0
0
0
1
0
0
0
0
0
0
0
1
0
0
0
0
0
0
0
0
0
0
0
0
0
0
0
0
0
0
0
0
0
0
0
0
0
0
1
0
1
0
0
0
0
0
0
0
0
1
0
0
0
0
0
0
0
0
0
0
0
0
0
0
0
0
0
0
0
1
0
0
0
0
1
0
0
0
0
0
0
0
0
0
0
0
0
0
0
0
0
0
0
0
1
0
0
0
0
1
0
0
0
0
0
0
0
0
0
0
0
0
0
0
0
0
0
0
0
0
0
0
0
0
0
0
0
0
0
0
0
0
0
1
0
0
0
0
0
1
0
0
1
0
0
0
0
0
0
0
0
0
1
0
0
0
0
0
0
1
0
0
1
0
0
0
0
0
0
0
0
0
1
0
0
0
0
0
0
1
0
0
0
0
0
1
0
0
0
0
0
0
0
0
0
1
0
0
0
0
0
0
0
2
0
0
0
0
0
0
0
0
0
0
0
0
0
0
0
0
0
0
1
0
0
0
0
1
0
0
0
0
0
0
0
0
1
0
0
0
0
0
0
0
0
0
0
0
0
0
0
0
0
0
0
0
0
1
1
0
0
0
0
0
0
0
0
0
0
1
0
0
0
0
1
0
0
0
0
0
0
0
0
0
0
0
0
0
0
1
0
0
0
0
0
0
0
0
0
0
0
0
1
0
0
0
0
0
1
0
0
0
0
0
0
0
0
0
0
0
0
0
0
0
0
0
0
0
0
0
0
0
0
0
0
1
0
0
1
0
0
0
0
0
0
0
0
0
0
0
0
0
0
0
0
1
0
0
0
0
0
0
0
1
0
0
0
0
0
0
1
0
1
1
0
0
0
0
0
0
1
0
0
0
0
0
1
0
0
0
0
0
0
0
0
0
0
0
0
0
0
0
0
0
0
0
0
1
0
0
0
0
0
1
0
0
0
0
0
0
0
0
0
0
0
0
1
0
1
0
0
0
0
0
0
0
0
0
0
0
0
0
0
0
0
0
0
0
0
0
0
1
0
0
0
0
0
0
1
0
1
0
0
0
0
0
1
0
0
0
0
0
0
0
0
0
0
0
0
0
1
1
0
0
0
0
0
0
0
0
0
0
0
0
0
0
0
0
0
0
0
2
0
0
0
0
0
0
0
1
0
0
0
0
0
0
0
0
0
0
0
0
0
0
0
0
0
0
0
0
0
1
0
0
0
0
0
0
0
0
0
0
0
0
1
1
0
0
0
0
0
0
0
0
0
1
0
0
0
0
0
0
0
0
0
1
0
2
0
2
0
0
0
0
0
0
1
0
0
1
0
0
0
0
1
0
0
0
1
0
0
0
0
0
0
0
0
1
0
0
0
0
0
0
0
0
0
0
0
1
0
0
0
0
0
0
0
0
0
0
0
0
0
0
0
0
0
0
0
0
0
0
0
0
0
0
0
0
0
0
0
0
0
0
0
0
0
1
0
0
0
0
0
0
0
0
0
0
0
1
0
0
0
0
0
0
0
0
0
0
0
0
0
0
0
1
0
0
0
0
0
1
0
0
1
0
0
0
0
0
0
0
0
0
0
0
0
0
0
0
0
0