0
0
0
0
0
0
0
0
0
0
0
0
0
0
0
0
0
0
0
0
0
0
0
0
0
0
0
0
0
0
0
0
0
0
0
0
0
0
0
0
0
0
0
0
0
0
0
0
0
0
0
0
0
0
0
0
0
0
0
0
0
0
0
0
0
0
0
0
0
0
0
0
0
0
0
0
0
0
0
0
0
0
0
0
0
0
0
0
0
0
0
0
0
0
0
0
0
0
0
0
0
0
0
0
0
0
0
0
0
0
0
0
0
0
0
0
0
0
0
0
0
0
0
0
0
0
0
0
0
0
0
0
0
0
0
0
0
0
0
0
0
0
0
0
0
0
0
0
0
0
0
0
0
0
0
0
0
0
0
0
0
0
0
0
0
0
0
0
0
0
0
0
0
0
0
0
0
0
0
0
0
0
0
0
0
0
0
0
0
0
0
0
0
0
0
0
0
0
0
0
0
0
0
0
0
0
0
0
0
0
0
0
0
0
0
0
0
0
0
0
0
0
0
0
0
0
0
0
0
0
0
0
0
0
0
0
0
0
0
0
0
0
0
0
0
0
0
0
0
0
0
0
0
0
0
0
0
0
0
0
0
0
0
0
0
0
0
0
0
0
0
0
0
0
0
0
0
0
0
0
0
0
0
0
0
0
0
0
0
0
0
0
0
0
0
0
0
0
0
0
0
0
0
0
0
0
0
0
0
0
0
0
0
0
0
0
0
0
0
0
0
0
0
0
0
0
0
0
0
0
0
0
0
0
0
0
0
0
0
0
0
0
0
0
0
0
0
0
0
0
0
0
0
0
0
0
0
0
0
0
0
0
0
0
0
0
0
0
0
0
0
0
0
0
0
0
0
0
0
0
0
0
0
0
0
0
0
0
0
0
0
0
0
0
0
0
0
0
0
0
0
0
0
0
0
0
0
0
0
0
0
0
0
0
0
0
0
0
0
0
0
0
0
0
0
0
0
0
0
0
0
0
0
0
0
0
0
0
0
0
0
0
0
0
0
0
0
0
0
0
0
0
0
0
0
0
0
0
0
0
0
0
0
0
0
0
0
0
0
0
0
0
0
0
0
0
0
0
0
0
0
0
0
0
0
0
0
0
0
0
0
0
0
0
0
0
0
0
0
0
0
0
0
0
0
0
0
0
0
0
0
0
0
0
0
0
0
0
0
0
0
0
0
0
0
0
0
0
0
0
0
0
0
0
0
0
0
0
0
0
0
0
0
0
0
0
0
0
0
0
0
0
0
0
0
0
0
0
0
0
0
0
0
0
0
0
0
0
0
0
0
0
0
0
0
0
0
0
0
0
0
0
0
0
0
0
0
0
0
0
0
0
0
0
0
0
0
0
0
0
0
0
0
0
0
0
0
0
0
0
0
0
0
0
0
0
0
0
0
0
0
0
0
0
0
0
0
0
0
0
0
0
0
0
0
0
0
0
0
0
0
0
0
0
0
0
0
0
0
0
0
0
0
0
0
0
0
0
0
0
0
0
0
0
0
0
0
0
0
0
0
0
0
0
0
0
0
0
0
0
0
0
0
0
0
0
0
0
0
0
0
0
0
0
0
0
0
0
0
0
0
0
0
0
0
0
0
0
0
0
0
0
0
0
0
0
0
0
0
0
0
51
80
91
77
65
76
78
62
92
66
64
79
59
78
72
71
74
87
51
69
50
57
78
63
84
70
64
66
73
71
72
72
72
74
54
57
69
57
55
69
60
68
65
51
51
61
69
66
59
49
58
65
50
61
55
53
63
49
53
58
70
43
66
39
66
55
56
61
52
50
53
50
51
52
47
63
59
65
54
53
47
48
54
40
55
60
53
40
43
44
38
58
39
53
58
54
43
50
52
46
40
49
42
52
48
44
50
45
44
51
56
66
33
44
49
45
45
52
60
45
53
45
51
43
37
42
50
53
52
38
42
51
38
42
51
35
45
46
30
42
41
48
40
42
51
36
60
47
31
47
39
38
41
33
47
35
37
28
41
39
48
43
46
47
32
56
43
47
47
34
39
39
32
37
34
38
37
39
37
42
39
34
40
40
34
37
42
31
56
40
46
41
36
29
46
39
30
33
45
38
45
26
47
55
32
34
41
34
31
40
37
33
37
45
17
35
27
37
41
43
34
37
42
32
47
27
32
30
35
39
27
28
41
34
36
37
32
35
39
42
31
35
30
35
25
31
42
40
27
36
48
34
38
32
38
38
31
29
46
40
27
36
32
45
32
29
45
37
31
41
31
39
31
26
29
30
29
27
32
29
36
28
31
31
29
39
27
31
29
30
29
21
29
36
30
31
21
27
27
21
24
24
30
33
27
25
29
30
33
25
39
27
32
32
33
45
33
30
27
31
33
25
28
31
32
24
28
29
32
36
24
23
29
28
21
21
27
30
27
29
28
18
25
25
29
30
27
38
25
32
31
25
35
20
30
31
33
27
26
27
26
23
32
32
28
18
27
34
31
17
26
16
22
31
24
26
35
23
23
27
37
26
30
25
27
33
25
29
24
29
26
34
35
32
19
18
21
24
22
35
29
32
23
26
22
18
20
25
31
28
29
27
28
30
30
28
25
22
25
23
23
24
25
32
28
27
24
28
34
30
19
25
22
22
21
25
22
23
27
36
17
27
27
24
32
24
24
20
22
20
25
21
28
25
25
25
27
25
21
25
32
21
32
29
25
27
34
35
21
29
27
21
24
19
29
22
20
25
28
27
28
30
27
27
24
25
24
24
28
25
25
26
30
21
22
32
16
33
25
25
28
35
16
37
24
18
16
19
27
24
21
22
35
15
27
29
21
25
24
24
15
19
27
22
25
24
30
20
25
24
29
32
29
23
30
22
30
24
16
24
23
23
32
29
31
13
19
20
13
25
22
14
30
25
23
23
29
23
21
20
23
26
17
25
29
22
18
18
25
25
25
20
32
26
17
29
25
27
31
21
20
24
19
18
22
21
32
19
27
30
26
18
16
14
23
27
28
32
32
28
31
23
27
15
26
28
30
20
24
21
35
23
19
28
31
24
19
29
24
22
33
13
28
28
21
23
24
31
20
28
25
20
24
29
26
30
18
17
23
25
25
25
24
25
27
26
30
19
20
26
26
30
22
26
23
22
24
26
16
24
19
18
27
19
28
19
27
19
25
16
26
23
33
23
20
17
38
26
25
23
31
28
19
33
17
31
24
23
28
22
23
24
25
14
24
20
22
22
19
26
28
30
23
42
28
30
19
33
29
29
20
16
24
19
30
20
23
21
27
19
26
23
27
21
30
20
22
29
26
22
25
21
29
31
20
22
23
13
24
19
24
28
21
30
30
26
26
15
30
33
21
21
20
28
27
18
24
18
20
28
29
22
30
23
26
15
22
18
24
33
22
25
32
20
20
22
19
37
22
22
22
26
30
23
22
21
24
25
16
18
23
24
34
18
27
19
24
25
25
22
24
26
27
27
17
20
20
25
33
24
28
22
29
23
15
24
24
22
27
20
26
27
22
16
20
27
24
20
20
21
35
24
27
25
19
22
26
33
27
30
25
25
17
23
22
16
17
22
28
24
17
23
15
23
31
31
21
18
31
29
23
30
27
26
28
20
22
19
30
25
20
27
19
27
17
28
28
21
18
20
19
30
30
17
25
21
25
29
39
24
24
17
23
30
27
26
24
29
25
24
26
29
21
26
27
33
25
25
25
31
23
27
37
23
31
29
32
28
31
17
21
25
24
26
20
19
30
27
24
24
21
27
30
32
27
21
21
34
31
27
22
34
38
36
25
24
32
26
26
17
26
24
26
26
25
35
24
18
21
32
20
21
26
27
31
31
23
26
20
29
25
25
31
19
23
30
23
29
25
23
26
29
28
15
30
28
23
24
18
23
25
27
26
14
29
20
35
17
17
19
17
34
40
27
23
25
16
24
35
29
29
21
27
29
22
27
24
37
24
29
31
25
26
22
26
21
27
32
31
29
18
20
22
30
25
24
18
21
23
32
28
19
31
24
19
31
21
28
21
18
26
19
32
32
19
26
30
22
20
38
21
28
25
21
19
23
31
31
16
24
17
22
25
33
21
18
28
27
19
33
28
27
16
28
24
24
22
26
31
21
24
28
29
21
25
24
29
29
28
23
28
31
26
22
23
35
17
40
19
29
26
25
28
36
22
28
23
28
18
25
21
21
23
31
28
26
31
27
28
30
22
14
32
26
22
17
35
29
28
32
26
36
29
30
30
27
17
32
34
32
30
29
27
29
24
23
29
21
31
25
22
42
25
27
15
31
35
28
20
23
18
26
29
39
33
33
35
28
25
29
28
32
28
43
28
22
39
28
30
21
18
34
25
30
33
29
31
26
28
30
15
32
31
31
25
29
30
14
23
31
27
30
21
31
30
29
28
29
26
36
36
34
27
35
24
33
26
34
30
21
31
28
35
29
28
32
31
24
27
35
31
40
27
28
29
30
30
30
34
37
26
30
29
29
33
11
28
30
38
31
31
26
33
29
37
33
21
34
32
32
30
29
24
32
33
21
34
26
33
24
23
28
20
40
32
24
23
30
34
30
35
31
32
30
31
37
29
35
33
33
31
25
28
38
27
34
34
38
37
29
30
29
32
28
39
33
37
40
22
28
36
32
26
34
27
35
33
41
30
40
35
41
28
30
29
35
39
23
28
30
30
27
33
43
38
36
32
35
31
29
40
35
23
30
36
37
48
28
35
27
35
39
49
34
39
28
31
40
32
29
34
26
35
31
30
29
34
36
28
40
34
36
24
40
31
38
32
38
25
30
31
25
32
32
32
42
40
29
35
47
32
36
40
42
34
40
41
31
37
37
34
23
21
30
32
36
39
34
37
49
44
39
30
41
41
29
33
45
51
40
39
33
31
40
36
35
42
29
49
35
32
38
33
37
42
29
36
20
41
49
31
47
33
36
45
38
38
36
33
38
31
36
33
38
29
29
39
48
35
40
32
37
39
40
32
56
33
32
41
45
43
35
37
39
52
35
39
37
37
46
41
28
32
35
38
48
35
36
43
36
26
29
50
28
31
42
36
45
49
44
34
39
46
40
31
44
39
38
40
35
44
40
45
49
43
47
47
37
32
34
36
43
42
34
49
45
54
34
45
36
40
44
42
56
51
30
41
28
43
39
50
45
32
42
32
41
43
53
38
50
46
35
42
49
39
50
55
48
42
39
53
47
32
46
35
44
42
45
33
47
45
42
48
44
42
50
41
40
44
45
46
40
48
48
39
45
44
49
50
47
50
36
49
51
52
48
38
51
45
46
46
46
49
45
43
42
48
40
45
45
50
45
40
40
46
33
36
49
52
60
50
52
46
51
42
47
48
43
48
47
45
40
45
45
47
43
47
46
61
54
47
40
57
52
48
49
39
47
44
39
35
41
41
51
40
50
49
31
39
53
55
40
43
35
44
60
50
55
51
45
58
60
55
54
50
57
54
42
61
39
45
49
46
40
71
48
40
35
68
54
53
53
53
57
64
53
40
45
54
59
53
66
46
40
63
57
49
45
49
62
45
49
59
50
52
45
53
60
42
49
37
52
49
50
55
56
54
70
61
60
67
43
51
59
70
44
62
47
60
64
64
64
41
66
56
64
65
51
54
56
61
59
57
54
51
54
61
69
61
69
66
58
60
59
61
53
55
73
58
52
77
65
49
62
53
50
65
52
64
52
61
56
58
59
62
59
75
43
63
59
63
76
52
62
53
55
60
56
72
62
55
66
67
72
77
52
81
73
77
68
55
53
59
61
60
51
59
62
64
71
56
70
60
60
65
66
70
54
60
63
68
75
60
58
67
74
73
70
67
66
67
61
59
49
67
66
62
62
63
76
71
84
57
70
78
64
58
66
86
61
79
55
60
63
76
83
72
73
61
66
80
74
65
75
75
71
71
73
69
93
64
62
83
70
70
74
67
82
78
70
79
63
82
70
75
74
59
83
59
71
84
94
71
71
79
78
78
57
68
63
77
59
68
66
76
68
74
71
77
71
75
83
60
71
80
82
74
65
77
79
62
80
79
65
79
79
68
57
82
75
88
92
70
72
73
91
82
64
71
74
65
83
68
74
89
71
79
86
78
85
78
87
67
90
88
81
64
78
100
84
106
90
79
92
89
73
84
70
81
87
74
84
72
79
63
79
84
86
95
64
65
82
85
82
72
90
92
75
67
85
72
77
92
77
79
95
78
90
67
74
95
68
83
82
80
74
76
79
80
83
96
82
84
64
82
90
92
83
78
73
100
88
100
92
86
94
89
79
88
90
88
92
83
74
103
72
85
90
92
83
86
83
89
88
98
81
82
83
88
95
75
69
67
94
72
103
73
90
84
94
93
86
74
90
101
94
84
102
112
88
75
88
77
80
80
85
76
94
84
92
104
76
82
83
96
76
97
103
102
85
90
93
97
72
76
93
85
87
99
91
88
91
83
100
90
83
89
87
98
81
123
97
97
88
95
99
91
84
80
81
83
91
80
95
93
84
74
94
94
95
90
98
81
97
95
92
85
84
86
100
88
84
103
87
76
92
84
84
98
84
84
84
101
83
90
91
87
93
104
85
93
91
89
88
88
85
97
92
99
80
83
89
95
86
96
92
90
100
83
82
85
91
86
92
98
71
87
98
88
81
85
99
86
85
84
95
93
93
97
92
107
73
95
94
89
79
93
100
89
85
90
83
96
98
103
75
91
90
95
91
95
106
92
81
95
73
74
102
69
88
76
87
96
105
100
83
100
105
90
98
102
93
88
99
78
90
72
88
69
84
106
83
75
73
86
81
81
91
86
75
64
77
72
77
92
93
91
93
92
78
83
82
82
70
87
94
94
85
89
91
82
83
77
113
86
97
95
94
59
91
75
77
76
78
62
94
72
81
78
94
97
83
66
90
72
92
90
78
90
104
81
88
67
89
93
96
66
83
86
82
84
85
77
90
79
86
87
77
71
86
73
93
94
78
82
69
83
77
95
71
90
73
83
90
83
81
77
93
67
72
71
65
78
80
89
82
87
81
62
69
78
81
63
58
91
73
77
74
84
76
82
74
89
76
83
84
67
72
71
91
81
74
82
85
85
80
89
72
65
88
79
63
71
61
72
66
67
80
71
72
59
80
82
74
64
76
59
74
70
64
66
74
61
64
70
74
74
61
60
60
74
57
79
84
58
79
60
68
69
73
63
70
67
64
68
62
49
64
49
75
67
76
59
73
84
57
56
82
56
63
74
55
65
75
91
54
72
63
80
55
71
65
54
70
79
70
68
70
65
69
62
68
80
68
71
62
75
76
48
69
57
61
68
61
64
61
81
106
67
53
75
61
52
62
72
53
64
61
63
59
74
53
61
74
52
61
53
59
56
75
69
57
55
47
59
67
62
74
60
75
55
60
59
48
49
57
51
62
72
59
54
59
53
56
56
61
50
62
57
56
63
61
42
50
60
46
51
61
30
56
60
47
53
53
48
61
55
54
47
54
66
50
61
61
49
65
48
53
46
51
50
56
60
53
46
62
51
44
51
52
53
49
61
47
51
63
58
59
56
58
54
53
62
51
34
45
69
56
58
47
55
57
40
42
55
51
43
43
54
41
54
61
51
44
55
59
55
55
65
46
61
35
44
52
51
62
51
61
51
37
55
51
58
53
57
47
69
45
63
41
49
45
53
44
43
54
45
53
59
55
35
39
49
66
62
42
38
47
40
32
44
47
40
52
51
47
44
50
43
57
44
53
45
43
54
43
39
38
39
43
62
58
51
44
47
47
50
59
44
55
45
54
38
49
30
45
57
51
53
45
37
46
50
29
47
50
42
44
40
38
45
37
47
44
51
46
44
42
43
50
43
39
45
44
47
39
52
41
45
39
33
40
35
34
37
43
39
36
36
34
44
34
35
48
42
56
36
48
39
40
38
42
33
49
43
54
45
35
42
50
40
33
38
45
40
45
46
29
40
37
41
36
37
39
32
40
49
33
48
31
38
37
32
39
44
36
37
43
40
40
34
37
40
46
53
35
25
40
37
37
33
47
36
42
47
47
44
39
45
37
38
42
28
34
43
32
34
37
25
38
55
47
38
40
46
33
32
35
34
31
33
38
31
33
37
51
47
40
36
56
30
44
38
38
27
39
38
50
41
27
31
35
31
34
34
52
32
34
49
31
33
45
35
42
45
41
32
30
29
37
30
30
33
38
27
33
33
41
32
36
43
38
29
35
30
32
38
36
29
43
32
42
31
39
36
31
30
32
33
33
33
35
32
33
41
36
33
23
38
35
28
36
34
37
32
36
38
35
33
39
35
33
33
33
31
38
41
37
32
30
35
37
44
39
31
38
29
25
29
34
29
34
46
43
33
25
25
36
27
36
35
38
27
36
38
46
40
41
26
24
33
32
32
31
25
35
32
40
38
28
40
35
26
34
43
23
34
30
32
28
38
36
36
41
37
17
39
38
40
33
49
38
37
37
43
44
37
44
35
31
34
35
34
33
38
28
21
39
35
29
39
37
39
36
34
30
44
29
31
34
29
27
43
35
31
43
27
27
30
25
31
26
41
33
32
36
31
28
27
30
50
37
26
36
36
30
35
38
46
26
43
36
34
40
36
35
22
37
41
34
31
25
37
43
31
36
38
28
28
24
22
35
37
37
33
36
28
44
34
39
31
27
35
37
47
44
35
46
26
34
32
29
37
38
27
39
40
32
40
31
32
41
33
29
34
39
36
39
35
30
23
35
32
42
29
40
33
41
38
30
28
20
29
35
23
40
39
33
27
28
36
33
40
51
40
34
41
37
21
36
41
22
30
49
41
37
45
34
33
35
33
31
38
28
33
42
35
47
34
25
39
29
44
41
26
40
35
37
30
31
32
26
37
35
31
32
26
18
38
30
40
33
32
32
43
33
36
35
32
30
25
43
35
35
28
36
40
36
46
35
34
35
27
35
45
40
26
36
45
44
38
26
31
33
32
37
31
45
37
30
39
29
41
38
35
31
39
35
42
30
27
37
31
44
45
39
32
41
27
28
36
31
41
41
43
41
32
30
51
38
25
29
44
33
38
42
42
37
34
30
27
32
41
34
35
41
40
40
31
33
44
33
39
29
36
32
28
36
37
36
38
39
29
44
46
45
42
39
39
37
22
30
30
42
47
28
48
34
44
29
33
38
39
39
36
42
29
38
35
38
43
44
42
36
42
41
55
45
41
49
35
41
35
38
44
43
24
38
45
50
48
33
47
37
38
43
43
39
35
32
39
42
32
45
39
42
33
47
41
33
33
44
40
32
38
34
46
42
43
38
38
30
30
39
51
27
42
45
41
36
39
35
31
47
43
35
36
49
37
46
34
38
43
44
33
41
44
36
39
50
33
40
37
38
49
47
33
44
45
37
54
44
43
39
46
48
55
37
62
34
39
38
43
34
46
50
44
57
48
36
47
44
41
34
49
45
40
42
51
42
44
47
38
41
46
65
45
40
46
50
45
39
55
44
43
51
45
51
42
46
57
46
54
53
55
26
51
47
49
49
44
46
59
46
52
29
46
43
57
57
49
38
44
63
56
46
51
32
50
44
36
48
52
49
46
46
47
47
63
50
58
45
37
56
43
50
48
48
45
51
42
46
57
50
53
53
49
47
49
41
48
52
48
41
55
50
48
51
63
31
46
41
55
43
57
54
70
51
50
46
44
47
55
51
47
53
64
45
42
40
58
48
59
48
51
42
54
47
49
52
49
64
57
43
58
51
50
45
58
65
51
52
57
60
70
63
70
55
68
50
57
63
48
48
58
51
60
51
54
51
48
63
46
62
48
61
38
45
57
48
64
75
60
62
57
68
60
60
51
56
50
57
59
53
34
52
56
56
71
63
54
46
70
52
46
60
82
60
74
65
53
61
72
54
63
57
71
60
50
58
56
55
61
65
68
52
69
70
61
70
56
53
62
61
61
58
71
56
61
52
67
70
63
42
57
66
68
62
60
65
43
51
69
56
63
64
85
54
66
76
67
76
59
54
72
68
76
61
64
70
72
73
61
64
70
63
66
73
69
61
67
64
72
55
66
77
71
77
86
83
59
70
71
70
78
71
91
64
62
73
66
67
72
87
57
72
84
74
82
64
60
54
81
68
78
73
80
82
73
78
74
66
89
67
91
67
79
76
74
89
77
89
70
61
75
83
91
73
88
66
74
77
70
83
75
76
72
81
77
77
87
71
75
100
79
69
86
71
80
73
65
84
87
88
102
71
77
76
82
85
75
66
80
65
75
82
82
76
75
90
85
81
90
102
81
92
91
90
82
85
84
78
82
97
81
97
88
84
104
116
90
88
81
80
100
76
87
89
77
88
81
82
87
96
87
104
78
82
79
89
91
98
71
92
90
99
98
102
92
102
111
89
84
98
110
99
88
99
97
116
93
97
87
102
94
103
83
84
90
104
100
103
99
91
91
82
104
117
103
97
107
88
128
104
97
107
109
94
90
103
105
105
115
90
91
104
107
111
102
88
111
85
86
114
96
103
103
96
92
102
116
93
105
106
130
118
108
119
111
96
106
110
103
99
102
100
96
110
106
114
107
112
110
104
132
117
105
109
119
119
112
99
113
116
104
115
122
103
90
107
128
110
123
112
120
128
104
124
119
137
134
123
117
133
125
117
121
112
107
141
100
134
123
139
137
122
110
96
122
114
144
124
131
111
131
130
120
118
118
119
141
111
132
117
126
130
123
120
138
143
111
131
134
125
147
125
142
139
114
116
132
144
132
117
126
135
128
125
121
137
146
139
144
144
151
135
110
145
162
138
140
131
135
145
126
152
140
124
134
132
143
145
145
139
136
126
138
158
148
151
132
136
132
146
144
155
136
144
142
152
152
146
139
162
136
156
157
165
152
152
165
145
145
150
175
146
156
134
157
144
138
183
147
148
166
141
155
150
152
161
164
158
160
142
163
168
165
156
143
163
154
157
144
154
153
140
162
145
143
173
164
156
135
179
157
155
159
152
149
157
181
150
169
157
157
164
170
181
142
148
193
155
156
162
185
180
183
171
168
198
180
174
190
191
162
169
157
180
189
167
196
164
186
208
189
181
181
167
206
177
218
180
174
198
180
178
197
176
178
174
194
186
176
191
185
187
209
191
171
215
186
198
189
213
189
176
171
206
180
180
180
216
203
184
197
178
194
195
173
173
197
215
197
219
206
222
197
201
197
203
214
183
185
193
189
197
210
209
205
188
173
194
197
199
209
240
224
194
191
245
212
198
226
221
219
219
209
204
210
213
207
218
203
201
203
222
190
202
226
235
217
227
215
213
222
253
232
234
220
241
222
215
209
226
240
225
204
230
236
266
257
253
203
230
231
266
243
229
223
230
206
265
253
228
232
237
249
218
266
241
243
248
252
279
231
249
206
252
247
231
258
262
241
255
254
277
228
253
252
259
251
254
287
227
250
240
260
250
270
284
238
243
268
258
223
226
244
274
293
261
241
291
245
227
252
282
277
257
261
266
258
311
264
285
284
261
250
267
289
251
317
288
255
297
304
271
252
268
271
266
259
251
249
278
289
279
269
276
271
280
260
287
262
273
332
282
298
292
272
285
282
271
280
268
275
306
290
275
273
275
289
253
265
262
306
292
296
290
302
288
321
312
306
307
281
325
301
270
294
286
283
304
334
295
298
287
279
282
276
312
315
283
276
282
326
342
310
305
303
310
302
308
331
328
313
324
294
289
341
301
336
337
332
326
300
291
323
315
313
359
314
295
310
361
314
350
313
324
324
340
324
272
327
275
333
346
336
340
374
341
339
356
346
371
298
311
334
349
327
345
338
344
314
342
351
323
355
345
319
323
298
326
373
325
355
352
330
351
338
363
343
327
334
344
355
380
347
366
341
353
360
362
362
360
319
379
383
355
368
356
380
361
350
378
340
356
344
390
365
374
346
358
375
368
362
377
386
371
346
333
368
365
376
377
373
356
332
384
387
368
360
398
397
361
370
385
358
339
372
373
373
355
393
363
399
392
377
385
371
398
367
401
369
376
374
400
392
373
392
375
418
349
405
408
388
384
406
433
383
383
395
422
382
373
409
392
379
419
391
369
382
372
394
390
382
373
418
452
408
394
395
428
407
408
391
363
428
428
402
445
421
404
413
446
416
423
399
407
391
401
403
417
417
410
396
409
401
400
429
394
432
425
430
415
417
451
437
393
456
442
402
399
413
406
414
400
464
425
441
403
424
451
454
429
420
422
452
425
444
413
459
418
450
416
454
423
450
424
437
426
437
423
436
403
436
443
428
419
451
440
416
466
471
431
443
420
392
450
415
422
433
410
457
449
441
453
460
422
469
432
411
433
433
430
396
472
473
471
408
472
454
413
441
441
427
443
468
451
414
471
457
418
446
422
470
497
488
466
471
462
456
449
437
439
439
463
471
435
446
465
486
461
497
465
429
456
479
427
452
475
452
477
459
455
473
445
454
447
410
444
433
463
425
428
474
461
425
450
460
475
464
438
435
500
468
436
451
427
438
464
467
465
437
470
441
483
450
451
491
462
460
469
459
472
440
461
465
445
486
464
445
510
474
498
473
461
457
452
447
462
467
445
517
443
449
471
439
429
458
458
461
490
490
461
515
478
467
493
476
456
489
468
470
482
451
454
504
470
476
472
499
438
429
458
477
487
476
456
494
454
462
479
502
414
477
502
476
458
453
450
507
483
504
440
462
494
440
485
445
487
448
475
470
487
488
444
468
515
469
460
448
454
420
458
518
481
452
448
464
479
460
434
482
472
486
445
491
471
434
435
490
475
458
484
463
462
439
420
424
441
472
454
463
469
460
463
489
480
455
453
485
444
460
500
476
493
485
452
487
478
499
467
473
437
439
493
473
465
483
462
464
429
460
437
481
468
511
482
443
449
491
483
462
474
475
455
460
463
453
455
464
451
474
480
453
442
444
438
473
452
459
476
425
472
425
435
458
434
422
454
439
473
416
472
491
485
467
449
420
444
442
445
437
469
433
419
440
439
436
463
442
459
449
452
432
424
431
406
489
434
461
494
430
443
423
439
436
427
469
440
394
445
391
444
439
432
447
434
429
432
436
466
472
465
437
424
422
425
451
413
459
442
436
414
455
425
425
436
458
399
414
432
456
451
422
411
444
418
424
462
470
430
479
411
403
415
436
430
430
416
389
419
413
436
401
382
391
420
428
455
414
412
425
460
444
406
416
420
423
410
430
435
415
402
423
441
344
399
432
415
398
417
400
441
416
400
409
417
416
430
385
417
398
391
354
405
378
393
388
406
425
385
418
372
392
389
389
409
413
342
406
396
419
413
395
401
369
425
384
406
404
401
349
381
394
376
410
407
415
398
408
392
374
369
381
361
389
417
362
379
381
360
349
388
363
380
388
367
384
408
344
400
388
403
371
372
360
358
358
399
387
389
369
352
363
386
383
366
374
382
338
334
355
361
345
377
362
350
328
375
346
350
369
354
377
390
361
374
346
376
351
368
365
371
358
352
345
346
362
345
337
330
340
364
344
364
334
352
318
368
341
380
332
340
348
375
339
330
361
341
361
357
366
328
363
365
329
360
328
322
315
327
310
317
349
328
326
314
353
304
325
326
303
332
317
303
357
322
307
344
312
314
341
299
319
321
316
364
318
317
310
318
311
332
331
331
343
331
314
304
307
303
332
302
316
277
315
325
301
293
292
296
293
318
326
326
313
295
303
308
275
311
300
288
271
294
308
340
292
284
278
305
289
299
282
280
284
312
295
292
293
291
293
302
291
287
277
304
298
291
250
245
287
290
270
278
264
273
250
280
266
300
280
269
307
282
268
283
292
301
253
273
274
283
258
259
289
276
238
248
245
268
257
267
228
270
275
272
261
254
261
246
244
255
255
261
266
253
221
270
257
270
261
268
273
279
250
234
260
258
264
256
273
231
257
250
243
223
265
242
271
252
267
239
250
247
241
254
230
221
227
238
231
248
253
231
247
233
227
240
208
247
242
237
226
251
247
236
227
250
226
223
226
213
214
245
196
221
220
205
227
250
212
182
214
235
211
192
215
211
193
213
210
209
240
212
229
197
191
192
197
208
216
194
239
209
209
203
202
220
186
207
217
186
213
204
219
209
205
193
191
210
194
202
203
200
208
193
199
182
210
221
205
212
224
193
195
204
191
203
206
215
177
206
203
187
183
196
182
187
188
177
168
174
188
169
188
166
204
171
167
187
171
148
172
184
187
187
207
164
189
177
169
157
171
204
189
178
175
172
173
188
167
171
203
181
198
169
182
178
180
163
160
163
169
158
163
144
170
176
157
150
165
167
165
165
167
147
177
156
159
142
156
151
152
149
147
125
171
157
138
168
145
151
160
136
144
143
146
161
149
148
151
139
131
143
160
145
136
154
118
133
135
150
153
155
127
150
163
153
142
136
123
143
148
134
137
133
139
145
135
140
140
148
134
146
147
127
127
130
142
127
137
129
138
147
132
134
119
138
123
131
136
131
130
128
126
136
136
128
121
127
107
123
110
135
121
129
140
120
118
117
121
123
124
151
136
114
112
123
105
117
96
128
118
119
111
118
136
122
109
104
120
127
124
109
123
119
112
127
110
113
108
106
100
98
95
124
115
115
108
107
104
121
105
91
123
91
114
118
106
108
98
110
104
111
108
102
114
97
91
102
85
94
104
121
119
104
93
113
103
108
100
90
88
83
92
116
118
99
79
88
82
77
104
100
63
101
96
92
93
102
96
90
93
87
96
93
89
83
87
96
81
77
89
90
95
81
88
98
91
95
88
87
71
82
74
74
102
98
78
83
90
78
83
91
86
98
83
77
81
87
75
94
79
77
75
76
91
82
102
68
89
85
86
68
83
77
83
70
88
81
93
92
72
83
71
71
79
96
78
80
88
69
69
82
67
71
75
77
66
75
70
69
67
68
76
82
70
73
62
67
78
78
70
71
54
81
63
79
63
73
71
79
84
72
66
56
57
74
75
65
78
67
56
63
80
67
68
50
48
60
71
62
58
68
59
57
68
67
73
59
62
72
46
62
46
60
58
68
45
67
67
48
68
60
57
70
63
58
77
56
52
74
50
56
45
42
71
58
45
61
52
38
53
59
57
58
53
61
57
38
57
40
47
74
46
54
48
56
68
62
61
56
46
49
49
44
55
51
43
60
55
55
52
48
50
47
54
50
53
43
50
56
33
45
48
40
56
54
36
40
43
54
52
40
49
46
50
42
52
38
38
59
48
43
51
50
40
51
40
37
43
33
31
40
37
38
39
45
44
45
39
42
36
40
42
45
39
36
37
54
35
38
39
41
43
35
50
41
40
38
46
35
38
40
42
33
52
46
25
41
39
39
47
27
31
42
32
46
32
26
30
43
27
45
33
40
28
40
42
35
31
26
36
54
41
39
37
30
29
42
24
36
40
39
34
40
26
36
26
40
37
41
41
34
20
33
30
33
22
31
36
28
36
27
25
23
29
31
29
33
37
37
33
30
33
44
33
29
35
32
38
31
31
20
31
38
36
30
32
37
30
16
31
29
30
35
27
30
38
31
19
28
22
28
26
25
33
29
21
22
26
25
23
27
34
28
24
35
31
24
25
25
22
26
26
30
25
23
25
30
28
28
31
20
31
23
30
32
17
30
19
35
24
26
17
19
27
19
25
27
22
27
24
24
29
20
25
17
19
26
27
34
26
19
24
23
19
25
24
28
23
25
18
21
27
19
23
20
29
22
21
25
19
24
26
20
22
12
20
24
23
19
28
21
22
25
21
24
21
13
25
20
20
22
16
16
22
18
21
18
29
18
21
20
24
22
29
24
21
18
8
20
21
23
17
11
24
13
20
24
18
24
17
15
15
19
18
21
13
16
8
28
8
23
13
17
20
19
14
16
25
11
20
19
20
14
19
21
17
16
19
17
20
9
14
19
10
14
16
13
11
18
24
15
17
11
15
12
12
13
14
17
18
16
13
14
10
19
13
15
13
12
16
17
17
18
15
17
11
18
12
14
17
17
16
16
13
18
11
14
9
12
20
13
21
11
13
20
10
19
17
13
11
14
9
12
13
16
14
7
15
12
12
12
18
15
12
11
16
15
11
10
13
14
10
8
10
13
5
18
17
9
19
10
11
18
11
12
8
10
11
14
8
6
10
21
14
12
13
6
12
14
16
10
18
18
9
7
14
9
12
14
9
8
10
8
10
15
9
8
9
12
6
15
12
16
22
12
19
11
12
10
13
16
11
12
8
16
17
11
14
5
11
8
6
7
21
9
13
7
5
10
11
5
11
3
12
7
16
10
8
6
19
11
9
19
11
8
10
10
6
10
14
10
14
10
9
9
10
14
9
5
10
5
17
11
14
9
10
11
8
10
7
9
9
13
7
14
7
13
10
12
12
6
6
10
7
7
9
7
12
6
10
13
8
5
5
13
10
13
5
13
8
7
10
6
9
8
7
15
10
14
9
6
9
8
5
7
8
9
5
10
13
7
8
10
13
4
9
8
5
11
13
13
9
10
12
11
7
9
3
6
7
6
6
11
9
11
9
6
9
13
8
12
6
14
6
12
8
5
9
6
12
14
8
12
7
6
7
4
8
11
10
5
8
8
6
8
6
7
10
12
11
6
9
10
8
8
7
5
4
8
8
8
5
10
10
7
7
4
7
7
11
10
10
8
8
5
11
6
7
10
3
7
10
5
4
5
6
10
8
8
4
5
9
7
4
5
7
9
12
2
9
8
9
10
8
6
3
6
12
6
4
5
5
8
7
8
7
6
8
5
4
7
12
7
5
12
6
9
6
4
9
5
4
2
8
7
4
4
5
9
9
6
8
7
6
11
7
6
11
8
8
5
9
7
2
6
5
7
6
4
6
8
9
4
11
10
9
8
7
11
7
1
2
1
4
8
4
4
8
9
6
9
8
7
3
4
4
7
4
6
6
8
3
5
6
8
10
6
7
3
10
9
7
5
4
3
7
7
5
6
5
7
7
5
6
4
7
6
7
7
6
3
5
8
6
4
9
3
8
0
6
7
8
7
1
2
6
4
9
8
6
5
5
7
9
7
6
4
2
9
8
12
6
5
8
6
1
2
7
2
5
6
4
6
9
7
7
9
5
5
6
6
8
7
5
5
7
6
3
7
2
6
4
6
8
2
4
6
4
5
3
6
4
7
5
6
9
8
10
4
6
2
11
5
2
10
4
4
6
10
6
5
4
4
7
5
6
4
2
8
4
7
5
12
9
2
10
4
5
8
9
2
8
2
5
3
4
6
5
4
5
4
3
10
4
4
6
4
8
8
7
3
4
3
4
8
5
3
6
3
4
1
8
4
10
6
9
4
3
3
4
7
2
4
8
2
2
5
7
9
8
8
9
3
5
5
4
9
10
4
3
7
7
8
6
3
5
4
2
4
7
5
13
4
6
7
3
3
5
10
8
0
2
4
2
6
7
5
6
2
8
6
2
5
7
2
4
9
5
4
7
1
4
5
6
5
8
4
4
7
3
6
1
4
10
1
6
4
2
8
1
5
5
4
6
6
8
6
3
6
6
1
6
1
5
18
7
7
9
3
6
4
6
3
5
3
4
6
4
6
2
7
9
4
4
5
2
3
4
6
6
2
6
7
3
8
4
7
4
4
6
0
10
9
6
5
6
2
8
7
7
7
5
6
4
3
2
10
6
7
3
4
5
5
8
4
4
11
3
6
4
2
7
5
5
7
3
1
4
9
3
6
7
3
2
2
4
11
3
6
6
5
3
5
4
7
4
4
5
2
6
4
9
9
3
7
4
5
7
2
4
1
1
5
4
3
0
3
4
4
6
3
3
6
3
4
4
6
10
8
7
4
2
3
5
7
6
9
6
8
5
2
5
6
6
4
5
9
6
1
5
8
5
5
10
4
5
6
5
2
4
5
3
8
5
5
2
3
3
3
2
6
7
10
7
4
6
3
2
4
3
5
5
3
3
4
4
8
8
9
7
6
8
7
1
7
4
3
11
7
5
4
5
6
5
6
3
3
4
7
3
3
7
5
12
3
7
5
8
4
10
7
3
4
8
4
3
6
10
5
4
3
7
6
4
4
9
10
8
3
3
7
5
4
4
4
4
10
3
3
2
2
2
4
4
8
6
8
3
5
5
6
6
8
4
3
7
4
3
4
8
1
4
6
3
7
8
3
4
7
6
4
11
5
5
3
4
5
7
4
3
7
4
3
5
4
5
8
6
10
9
6
5
6
9
3
2
6
3
6
3
4
3
8
4
8
13
3
6
5
3
4
9
5
4
4
5
5
7
7
6
6
3
6
5
3
10
5
10
5
5
5
7
7
3
6
7
6
2
6
3
5
8
6
6
2
6
4
6
6
11
6
2
5
5
4
6
9
3
5
1
2
5
2
5
6
8
7
6
5
7
4
1
3
0
5
7
4
4
3
4
4
10
2
2
5
4
2
2
7
3
5
6
5
2
7
3
5
1
4
5
7
6
7
6
9
3
4
6
5
2
4
3
9
2
2
4
2
7
7
4
5
6
4
5
3
2
7
10
4
3
5
2
3
2
8
7