0
0
0
0
0
0
0
0
0
0
0
0
0
0
0
0
0
0
0
0
0
0
0
0
0
0
0
0
0
0
0
0
0
0
0
0
0
0
0
0
0
0
0
0
0
0
0
0
0
0
0
0
0
0
0
0
0
0
0
0
0
0
0
0
0
0
0
0
0
0
0
0
0
0
0
0
0
0
0
0
0
0
0
0
0
0
0
0
0
0
0
0
0
0
0
0
0
0
0
0
0
0
0
0
0
0
0
0
0
0
0
0
0
0
0
0
0
0
0
0
0
0
0
0
0
0
0
0
0
0
0
0
0
0
0
0
0
0
0
0
0
0
0
0
0
0
0
0
0
0
0
0
0
0
0
0
0
0
0
0
0
0
0
0
0
0
0
0
0
0
0
0
0
0
0
0
0
0
0
0
0
0
0
0
0
0
0
0
0
0
0
0
0
0
0
0
0
0
0
0
0
0
0
0
0
0
0
0
0
0
0
0
0
0
0
0
0
0
0
0
0
0
0
0
0
0
0
0
0
0
0
0
0
0
0
0
0
0
0
0
0
0
0
0
0
0
0
0
0
0
0
0
0
0
0
0
0
0
0
0
0
0
0
0
0
0
0
0
0
0
0
0
0
0
0
0
0
0
0
0
0
0
0
0
0
0
0
0
0
0
0
0
0
0
0
0
0
0
0
0
0
0
0
0
0
0
0
0
0
0
0
0
0
0
0
0
0
0
0
0
0
0
0
0
0
0
0
0
0
0
0
0
0
0
0
0
0
0
0
0
0
0
0
0
0
0
0
0
0
0
0
0
0
0
0
0
0
0
0
0
0
0
0
0
0
0
0
0
0
0
0
0
0
0
0
0
0
0
0
0
0
0
0
0
0
0
0
0
0
0
0
0
0
0
0
0
0
0
0
0
0
0
0
0
0
0
0
0
0
0
0
0
0
0
0
0
0
0
0
0
0
0
0
0
0
0
0
0
0
0
0
0
0
0
0
0
0
0
0
0
0
0
0
0
0
0
0
0
0
0
0
0
0
0
0
0
0
0
0
0
0
0
0
0
0
0
0
0
0
0
0
0
0
0
0
0
0
0
0
0
0
0
0
0
0
0
0
0
0
0
0
0
0
0
0
0
0
0
0
0
0
0
0
0
0
0
0
0
0
0
0
0
0
0
0
0
0
0
0
0
0
0
0
0
0
0
0
0
0
0
0
0
0
0
0
0
0
0
0
0
0
0
0
0
0
0
0
0
0
0
0
0
0
0
0
0
0
0
0
0
0
0
0
0
0
0
0
0
0
0
0
0
0
0
0
0
0
0
0
0
0
0
0
0
0
0
0
0
0
0
0
0
0
0
0
0
0
0
0
0
0
0
0
0
0
0
0
0
0
0
0
0
0
0
0
0
0
0
0
0
0
0
0
0
0
0
0
0
0
0
0
0
0
0
0
0
0
0
0
0
0
0
0
0
0
0
0
0
0
0
0
0
0
0
0
0
0
0
0
0
0
0
0
0
0
0
0
0
0
0
0
0
0
0
0
0
0
0
0
0
0
0
0
0
0
0
0
0
0
0
0
0
0
0
0
0
0
0
0
0
0
95
116
88
111
105
69
94
83
87
80
89
81
95
96
86
86
94
85
85
69
88
97
87
90
62
76
78
79
78
94
71
88
85
85
72
87
70
66
67
91
53
59
70
68
68
73
68
60
68
62
66
60
60
79
59
45
65
62
59
59
54
62
84
68
49
65
52
53
65
56
47
45
60
47
61
54
51
57
59
50
39
61
72
54
45
50
57
58
57
51
53
48
67
50
45
41
56
49
49
50
47
43
46
54
53
60
52
46
32
26
50
50
53
44
49
45
67
52
40
50
38
41
49
40
50
46
36
42
42
57
45
42
41
40
37
37
48
44
38
37
42
47
35
41
35
40
41
32
37
26
42
38
31
39
28
38
41
42
34
53
51
44
28
41
40
39
40
33
33
51
34
38
33
41
33
35
34
23
23
32
37
21
42
21
38
31
45
37
38
41
46
39
35
33
28
43
41
42
34
34
32
29
25
27
29
38
35
43
29
33
28
34
39
32
27
34
25
29
31
36
35
22
30
43
32
34
31
29
27
20
31
30
32
30
33
31
30
32
28
27
32
28
28
34
35
34
27
25
32
33
28
34
35
24
25
28
30
24
17
26
34
27
26
26
28
35
34
23
27
26
30
28
29
39
37
31
32
30
35
19
31
29
18
32
27
24
24
21
32
29
32
32
25
28
23
26
20
21
28
28
30
23
23
20
23
37
23
29
30
26
25
19
32
32
29
22
26
25
25
21
24
32
32
24
17
22
21
35
20
30
22
26
21
21
18
29
23
27
27
24
25
24
19
29
26
32
15
32
23
25
16
25
28
24
35
20
34
22
19
22
35
14
24
23
23
25
32
18
25
29
23
24
26
28
30
24
27
26
28
23
32
21
27
22
26
23
34
18
20
20
23
24
20
15
22
25
30
19
24
32
20
25
23
25
25
26
24
27
28
24
25
31
21
23
22
23
27
19
18
20
13
27
19
31
24
32
28
28
25
21
21
24
21
30
20
38
24
20
25
26
29
21
18
23
24
23
20
23
18
24
19
31
26
25
21
32
22
23
26
27
23
25
17
21
23
17
19
19
25
24
23
24
25
34
20
25
21
27
32
21
13
19
17
20
18
19
20
32
24
18
21
17
29
24
21
20
27
20
22
23
22
15
24
19
16
27
28
28
15
17
24
17
19
18
26
21
18
25
21
24
19
33
17
21
20
21
22
13
34
17
24
21
20
19
18
27
22
10
21
20
24
26
26
27
21
16
22
19
28
19
17
25
27
29
20
24
20
23
26
26
18
13
20
22
18
21
14
17
30
21
20
26
28
23
19
22
22
26
28
20
25
25
20
19
26
28
16
20
22
25
11
19
21
24
20
21
27
14
22
22
18
22
29
17
17
19
16
26
27
22
19
14
19
36
23
17
17
19
21
12
16
22
21
20
23
20
21
22
21
23
11
26
31
22
25
24
17
19
21
28
23
21
17
22
35
19
19
18
20
22
20
21
15
17
24
20
19
17
20
25
21
13
17
24
20
18
15
26
16
18
25
28
20
25
17
15
19
25
17
19
25
25
17
17
18
29
17
20
21
26
28
18
17
22
25
16
17
19
29
21
25
21
18
17
20
31
24
21
9
22
19
23
20
20
26
18
24
17
20
19
19
23
24
19
19
15
18
22
18
23
18
15
14
20
18
27
26
18
13
21
26
26
11
23
19
23
20
23
16
16
17
21
26
21
17
22
18
21
23
17
11
22
21
13
19
22
10
26
16
30
23
22
17
16
19
21
20
19
20
19
23
18
22
13
14
13
19
16
16
14
11
15
21
20
17
18
18
21
19
13
16
16
24
16
22
17
25
15
8
18
31
19
18
19
16
15
23
16
15
13
11
28
15
18
21
17
24
14
16
14
19
17
20
23
21
24
19
16
19
24
26
24
18
13
14
16
18
9
13
24
16
25
26
25
22
19
16
24
19
14
17
22
21
13
21
18
23
20
21
17
21
22
22
23
24
16
14
17
24
22
18
27
15
21
20
14
24
19
23
18
18
18
11
20
22
19
16
18
19
14
13
23
22
16
16
19
25
22
15
25
10
19
16
17
18
22
25
23
16
25
18
17
21
15
17
21
17
21
13
18
20
20
21
21
18
11
16
20
13
14
13
15
12
21
25
18
30
17
17
16
18
15
22
14
16
18
17
9
19
18
24
21
25
15
19
19
20
13
18
17
20
24
12
19
19
12
23
19
29
17
18
17
13
26
21
14
12
17
16
17
22
16
19
16
27
12
20
23
21
13
14
18
19
26
19
13
18
22
18
16
18
20
15
23
25
24
19
20
20
25
20
32
19
26
22
25
12
18
24
24
17
18
20
18
28
16
30
19
19
27
23
13
23
16
20
16
29
26
32
16
16
19
21
14
14
20
20
29
13
30
24
13
14
19
22
25
19
22
15
19
24
28
25
12
26
20
18
19
10
15
18
21
16
22
26
25
24
18
16
24
16
17
29
9
16
18
15
14
14
16
23
14
19
16
25
10
10
24
22
13
16
12
17
19
19
20
17
15
17
22
16
17
20
17
13
23
20
18
17
21
22
21
18
27
21
30
29
14
20
14
9
21
21
17
26
27
18
17
18
18
12
25
22
26
17
17
22
22
19
25
19
24
26
25
21
13
23
23
26
23
19
18
18
25
17
20
21
13
19
18
12
9
21
21
20
19
18
24
14
22
15
19
23
16
15
20
20
20
22
20
16
24
12
23
16
16
24
22
20
23
20
21
22
21
13
16
25
14
6
20
20
27
15
22
25
19
19
8
12
17
17
18
17
18
21
14
19
12
22
25
23
20
10
16
21
17
21
19
16
18
20
16
25
19
12
27
28
24
20
21
19
22
16
14
19
24
17
14
23
14
16
18
19
22
22
21
19
23
12
14
19
19
13
16
23
22
17
18
15
22
16
19
12
11
17
17
15
13
19
12
21
19
16
23
28
15
19
13
20
12
21
19
14
19
18
13
19
25
23
17
17
17
16
24
16
18
30
20
19
22
12
8
24
22
15
20
21
22
15
27
24
17
17
12
9
20
19
17
19
15
13
22
27
18
24
16
19
12
18
13
24
14
21
15
20
11
19
22
16
16
20
20
23
22
16
28
19
26
16
26
16
16
28
19
20
19
23
16
14
19
18
19
14
19
18
19
23
21
20
20
18
25
27
17
13
18
12
16
17
19
19
19
15
18
15
22
23
21
17
18
25
19
21
18
19
17
13
25
22
15
13
16
15
19
21
12
24
21
18
14
23
21
16
19
15
25
17
24
22
20
25
16
20
14
21
22
17
20
20
19
19
17
23
7
13
16
22
20
30
10
25
19
25
16
17
22
26
21
15
26
21
16
17
17
14
14
20
20
11
18
26
22
17
18
24
20
21
23
19
13
21
14
28
27
23
22
25
17
22
25
22
20
19
19
18
27
26
25
8
33
33
26
24
24
14
12
15
17
21
18
14
17
19
13
27
11
22
26
24
21
20
22
18
14
18
22
20
17
16
18
20
15
21
16
19
16
19
21
19
24
23
14
15
26
23
20
17
17
16
16
21
18
26
14
24
23
22
24
13
25
17
17
20
25
11
17
27
23
22
11
19
28
22
18
27
25
23
29
13
10
16
25
27
19
19
23
26
26
13
18
22
17
18
27
15
22
13
27
20
21
15
31
19
17
24
14
28
14
23
25
20
23
20
22
17
22
21
16
23
30
20
21
20
22
16
23
24
16
22
32
18
22
29
18
14
21
22
11
21
23
30
11
22
14
21
17
19
22
19
26
17
26
22
19
25
10
23
19
21
23
20
20
20
24
28
15
23
29
23
20
21
22
33
23
19
27
17
16
18
25
20
19
33
17
22
24
21
20
25
17
18
17
20
17
20
18
26
19
26
18
20
16
26
14
17
23
21
20
15
23
23
21
21
30
23
24
22
18
19
16
24
19
25
26
21
22
20
22
15
16
12
21
25
22
21
22
27
15
20
19
19
22
21
16
29
17
25
26
28
27
22
24
22
22
16
20
25
31
20
31
21
18
18
25
15
19
40
21
26
23
18
23
21
32
19
24
23
20
15
26
19
22
18
12
23
20
27
19
27
28
12
26
18
24
20
25
25
18
20
19
19
23
22
28
26
19
26
24
17
17
23
23
18
16
28
26
25
25
23
19
29
33
22
24
25
24
16
27
22
30
18
21
19
33
17
24
27
24
14
24
23
24
19
24
30
30
23
27
27
17
26
20
23
24
22
21
25
13
24
27
29
26
16
23
27
19
19
19
29
20
10
28
26
24
22
24
23
26
16
18
18
24
26
26
21
21
21
21
17
32
31
22
29
24
20
25
16
27
17
19
24
21
25
16
29
18
17
24
24
23
27
29
28
28
21
25
18
22
21
26
23
39
23
27
26
24
31
29
25
22
33
19
24
21
19
26
26
25
21
25
27
27
25
22
26
25
21
25
23
21
24
40
30
18
29
26
22
24
22
30
21
21
27
26
23
23
28
24
31
33
28
22
41
20
24
31
20
28
22
28
24
28
33
24
28
23
19
30
24
15
23
15
31
30
31
32
26
33
35
24
29
37
28
21
24
21
21
28
33
32
27
36
22
32
24
17
33
33
26
24
23
18
25
25
20
30
28
20
26
27
28
16
29
23
22
24
25
28
39
30
26
15
32
25
26
22
28
30
43
21
27
31
30
32
33
17
25
18
28
26
26
24
27
18
30
27
23
33
36
33
34
19
28
29
34
26
40
32
20
22
23
23
31
36
22
31
22
16
15
26
25
27
33
19
22
29
35
29
30
28
28
26
18
22
21
24
23
22
31
29
28
39
28
22
37
27
30
22
33
23
23
35
20
24
34
37
26
20
26
34
30
31
28
31
31
34
28
31
29
24
27
29
22
26
27
34
28
27
26
23
22
29
25
17
30
31
22
32
28
25
29
29
25
23
25
33
31
27
33
27
21
38
32
26
21
28
32
26
29
29
24
26
31
31
32
33
24
20
28
38
25
29
29
27
23
24
43
29
34
26
20
37
34
34
29
26
41
28
33
36
27
31
28
38
31
31
33
33
26
26
36
31
23
30
29
28
38
28
31
26
25
32
35
27
35
32
36
34
38
33
29
31
31
33
43
31
31
34
34
38
26
40
41
35
32
33
22
37
31
32
34
37
28
29
34
31
20
29
36
34
39
35
36
23
36
30
31
34
35
37
35
32
31
41
36
38
32
36
28
30
35
41
37
32
30
34
30
32
27
32
32
49
22
39
29
32
32
31
21
34
34
30
35
37
26
36
32
34
33
33
38
27
27
40
29
39
34
29
36
43
27
41
29
46
41
31
17
32
34
36
49
34
29
42
36
37
31
34
36
36
49
35
22
38
34
34
34
31
44
44
38
39
38
34
44
30
34
44
33
45
35
44
40
37
35
27
32
36
36
34
42
43
25
47
34
45
37
38
54
35
38
32
52
34
45
42
28
34
45
47
38
36
40
38
27
39
32
38
35
43
41
39
37
39
38
36
32
52
41
45
28
38
38
38
40
42
38
39
40
42
44
43
28
42
34
36
30
32
46
36
54
42
41
32
32
46
46
37
43
36
43
41
33
48
33
37
48
39
46
33
41
35
54
46
33
38
45
36
40
33
43
52
36
61
50
50
38
37
48
50
43
38
45
50
48
49
35
43
36
42
47
36
40
39
47
36
35
53
53
48
45
39
42
38
40
36
45
39
49
52
44
40
65
33
46
29
36
50
45
39
48
27
37
44
43
40
45
46
46
45
45
42
41
52
55
47
54
47
60
42
51
43
53
54
56
44
47
48
52
54
42
49
45
43
50
39
39
52
43
41
45
38
56
44
59
56
55
52
56
45
49
47
49
42
56
52
57
56
39
34
42
46
43
57
47
48
45
41
54
45
47
42
45
52
55
53
56
42
45
40
46
46
63
52
52
60
43
46
46
49
46
42
51
49
50
50
63
44
51
47
52
46
59
48
46
38
49
53
46
47
47
46
35
51
44
44
40
58
61
54
44
72
43
58
47
50
48
55
49
56
64
56
46
47
50
60
50
55
53
55
40
51
53
49
48
45
63
51
59
56
51
47
63
44
49
46
58
55
67
74
57
46
46
45
57
57
61
46
67
51
61
58
60
61
67
58
40
58
59
56
58
61
49
56
56
55
57
64
56
55
68
69
58
54
48
62
43
82
57
61
64
49
53
51
68
54
52
52
50
49
63
65
71
49
65
67
55
57
62
63
57
49
61
47
68
56
56
52
67
59
61
53
48
53
53
66
56
54
40
50
53
71
46
76
57
66
65
57
61
57
63
55
64
54
66
66
59
62
64
63
54
59
65
60
63
70
65
53
45
58
61
43
55
67
67
60
70
72
63
74
76
58
57
67
58
59
62
69
59
49
75
68
66
57
60
65
57
81
66
47
63
57
55
53
62
65
65
63
79
55
54
74
54
75
72
64
56
65
59
71
57
57
64
51
68
65
81
63
63
69
48
55
62
65
57
68
75
58
64
63
70
66
51
66
56
60
64
63
55
69
74
68
61
63
64
56
61
70
70
63
77
78
70
76
67
77
63
76
61
68
54
61
82
56
89
77
75
46
66
65
70
49
68
70
68
66
74
55
70
72
51
83
65
58
68
73
64
79
58
78
64
50
60
84
57
79
79
67
74
67
59
71
76
73
66
79
75
77
68
68
70
70
69
61
68
69
70
73
75
70
59
68
71
77
66
69
60
70
57
48
71
87
68
66
68
73
67
56
57
72
68
69
77
77
70
61
68
77
70
89
62
90
72
61
73
62
74
69
81
77
70
69
71
88
63
65
71
63
75
62
69
58
65
69
87
60
56
67
69
66
73
69
80
75
69
63
71
66
69
73
59
72
72
59
76
62
74
69
60
66
63
68
66
74
65
80
77
81
79
83
81
68
80
71
89
61
49
87
64
70
54
82
71
68
75
72
66
77
80
49
60
79
65
79
74
77
73
60
75
80
78
64
58
70
69
63
73
66
53
82
59
64
74
78
63
72
66
60
73
61
74
71
78
84
66
59
68
70
74
61
69
71
70
70
67
62
51
63
60
98
76
70
59
67
72
70
55
75
65
72
84
85
84
51
73
60
65
64
67
77
71
59
58
76
79
61
79
76
62
68
74
63
73
68
62
73
74
75
67
53
75
65
73
73
73
70
55
83
71
68
77
57
71
67
65
71
58
57
65
69
80
51
78
80
78
68
74
60
58
69
57
68
65
75
74
64
59
74
70
58
74
66
86
68
64
56
66
63
63
60
68
63
56
59
83
62
58
66
67
74
70
66
76
73
64
77
82
68
74
65
66
68
68
74
64
75
73
55
70
56
63
72
65
70
77
83
65
56
54
59
66
65
78
52
58
66
70
83
70
60
53
52
65
66
60
55
62
73
69
73
62
56
67
72
65
64
69
69
53
54
60
56
59
60
61
67
63
57
59
59
61
73
72
73
61
48
52
74
92
53
61
75
60
65
58
58
61
61
72
64
62
59
57
65
57
61
55
61
68
53
55
68
59
71
63
59
61
53
55
52
79
56
65
60
62
53
72
64
52
66
71
45
54
57
57
78
65
55
71
64
55
57
57
57
63
61
56
59
65
75
57
58
48
60
57
56
56
57
56
63
53
46
53
59
52
57
67
52
66
55
62
54
49
53
51
59
61
44
61
51
53
68
59
50
48
52
57
57
45
59
48
67
57
53
56
54
69
52
54
48
60
45
53
68
47
50
53
60
61
57
56
49
50
52
46
57
51
41
58
50
41
49
61
48
55
57
56
61
66
65
49
55
52
54
54
45
50
51
51
54
55
54
49
43
61
50
43
56
40
48
65
60
47
52
37
49
39
52
53
56
51
44
51
42
50
53
62
46
40
39
62
50
44
50
41
45
47
47
53
58
44
39
48
59
42
54
53
42
51
51
39
42
48
47
44
51
58
38
51
46
41
39
46
41
49
39
57
46
44
46
43
53
41
40
51
46
45
38
38
44
44
40
49
37
37
40
45
45
38
41
56
56
42
46
44
37
48
51
47
36
36
48
31
40
53
44
43
45
37
57
43
46
55
43
46
41
53
56
51
38
45
53
46
37
36
42
37
33
44
36
46
36
53
37
48
27
47
44
41
43
41
53
42
30
52
34
39
39
52
39
40
46
56
39
45
46
49
41
38
47
35
57
36
34
54
56
54
40
41
35
35
40
43
37
46
36
48
39
53
39
44
28
31
37
40
45
31
40
34
43
43
43
39
47
50
39
42
44
48
36
38
29
42
36
37
30
33
31
51
48
31
42
45
43
45
38
45
38
41
34
44
43
34
33
40
32
34
43
39
37
46
40
34
33
38
36
38
25
26
28
44
31
32
30
37
35
35
31
39
45
29
22
39
43
26
38
39
13
37
41
48
50
38
41
38
40
36
32
24
42
46
29
37
38
42
35
34
38
37
30
39
43
34
36
42
31
29
48
41
32
29
40
34
48
40
42
42
28
32
37
25
32
33
34
31
38
25
34
40
35
32
42
35
32
22
50
42
39
31
32
39
41
34
27
32
29
29
36
32
35
41
37
23
28
35
28
28
38
31
34
33
37
36
23
33
36
32
24
29
39
43
28
37
27
27
29
32
26
29
43
28
23
35
34
27
36
30
37
29
25
31
40
31
30
31
39
24
31
34
29
32
24
35
31
27
31
35
40
39
30
21
30
43
35
36
27
26
28
30
26
18
25
31
30
24
34
46
32
39
28
35
28
31
33
36
28
26
38
33
33
26
29
25
32
34
32
30
23
29
31
31
32
30
25
38
16
38
28
30
27
33
27
22
29
28
23
32
31
32
24
32
28
22
35
26
37
29
20
26
32
41
33
22
27
27
25
28
30
23
42
27
27
41
36
22
26
39
33
35
37
25
27
27
34
34
21
39
32
32
31
37
19
28
18
20
41
35
27
40
30
34
25
31
27
26
21
30
23
36
31
33
18
34
36
28
26
26
29
28
23
23
34
21
25
31
25
27
32
25
26
24
31
25
36
36
25
28
25
27
25
21
34
24
27
23
23
35
23
28
22
23
27
26
23
23
24
17
19
34
24
35
27
28
36
21
23
28
25
23
25
24
24
26
23
23
30
21
33
21
34
25
32
21
34
23
33
29
34
29
36
34
21
26
30
25
26
31
20
27
32
23
37
25
26
20
26
17
16
28
27
35
29
26
30
31
26
22
18
29
27
26
27
23
33
28
28
25
28
19
29
26
24
40
27
18
22
23
26
25
17
38
26
21
20
25
29
31
28
21
18
29
34
27
20
32
26
28
33
29
30
36
29
28
25
31
27
31
26
28
23
29
25
28
23
23
25
24
30
24
22
23
32
33
22
31
28
29
32
26
24
19
28
30
25
37
20
25
28
27
22
35
34
31
18
30
29
31
22
22
22
25
25
19
24
26
28
21
26
29
21
21
21
18
20
26
26
29
23
21
25
26
22
23
31
27
23
25
27
22
21
23
21
31
31
35
20
29
29
27
22
33
33
20
27
22
24
29
20
24
22
29
27
22
22
27
22
21
17
26
22
23
30
31
27
20
30
18
25
23
24
29
26
21
26
23
23
21
28
24
17
25
24
25
35
23
30
26
38
25
21
21
25
15
25
21
26
28
22
25
22
25
19
28
29
20
28
22
34
33
25
24
31
22
29
26
23
24
30
28
20
17
26
15
19
17
34
13
25
28
28
28
17
26
25
24
29
28
32
30
26
24
25
26
27
28
18
19
24
19
27
22
25
26
22
22
26
23
26
18
26
29
20
30
20
22
29
21
28
19
24
39
22
29
25
26
18
29
27
22
24
28
20
21
20
22
23
36
31
17
27
23
12
24
25
32
22
21
27
26
23
22
29
20
32
31
28
18
26
17
24
31
21
25
28
29
24
31
28
23
29
22
28
22
20
24
15
33
19
31
28
16
29
29
27
19
32
30
21
27
37
10
16
31
29
30
15
30
28
38
24
23
23
25
25
21
33
28
26
25
20
27
32
15
30
29
25
14
23
23
22
21
24
23
29
29
28
27
40
18
24
31
30
31
29
21
25
25
25
27
17
29
32
26
23
28
23
18
20
29
24
32
24
25
24
21
26
32
25
27
32
28
22
23
23
24
24
23
24
31
24
33
13
19
24
37
14
27
28
23
31
35
36
24
25
26
26
25
28
34
23
31
34
34
26
31
27
31
18
32
29
27
34
33
33
32
24
29
27
28
27
30
30
28
31
28
29
32
37
24
16
27
25
19
24
27
24
35
28
25
28
32
19
24
21
33
24
23
25
28
40
25
31
25
22
29
27
29
23
23
29
33
27
24
22
33
25
31
25
24
32
31
31
19
20
21
32
27
22
27
29
30
18
22
23
35
23
27
24
29
26
16
31
33
29
31
25
32
35
29
21
32
33
24
32
29
25
23
36
36
23
21
29
30
25
30
25
32
33
34
22
21
26
20
21
24
30
28
28
29
29
28
23
28
22
18
32
21
29
27
25
29
32
38
26
28
38
18
26
35
36
27
25
34
18
34
35
26
27
38
30
21
30
32
22
23
28
33
30
33
33
30
32
28
39
19
33
42
39
28
39
21
26
38
27
29
32
28
36
39
36
33
29
38
31
28
28
31
33
21
23
20
34
34
31
30
34
34
27
22
29
38
41
31
35
31
26
27
31
27
29
45
25
35
29
32
30
30
22
30
34
33
37
28
36
27
37
30
25
37
37
31
31
33
33
39
32
27
38
37
42
35
39
31
31
40
29
30
19
49
34
40
33
29
22
28
34
30
42
44
33
34
32
36
38
41
28
33
34
33
38
26
41
31
33
32
36
35
37
30
34
29
23
37
38
35
26
31
39
39
32
39
37
38
30
36
34
30
37
35
29
35
38
29
36
30
39
30
30
39
43
27
30
33
33
37
27
32
44
40
32
39
49
27
37
32
35
33
28
39
41
42
34
35
40
55
34
46
35
54
38
40
48
37
41
26
38
32
33
30
34
32
37
32
44
37
23
30
36
28
32
43
40
31
41
32
46
42
44
34
34
37
34
43
42
41
42
36
41
29
38
40
30
39
42
28
44
39
43
45
36
36
39
46
41
48
42
32
40
45
32
40
32
40
43
43
52
36
51
36
40
33
48
50
40
44
40
31
36
41
38
33
41
45
47
47
41
34
48
42
30
30
49
37
43
46
35
30
37
41
45
32
46
33
40
36
38
43
41
38
37
37
36
40
49
46
39
51
41
39
38
32
38
50
35
42
39
46
47
33
38
49
43
54
52
40
54
36
49
49
45
44
56
47
38
49
36
55
30
39
39
35
38
57
40
39
29
33
39
48
50
46
41
45
42
52
59
37
43
52
42
54
36
40
40
48
43
40
47
56
49
45
46
43
47
50
47
42
45
56
44
45
52
60
51
46
32
56
52
55
47
44
51
55
55
31
49
28
56
57
53
39
47
39
46
43
57
43
49
51
40
55
59
46
49
45
53
42
38
48
58
47
54
48
50
40
57
50
55
54
57
54
35
46
39
61
60
37
50
47
55
59
58
39
60
51
39
42
53
67
46
47
57
55
53
50
57
51
52
52
37
45
58
48
50
49
48
49
65
50
57
55
43
63
53
47
51
63
49
52
62
64
54
49
53
51
42
66
42
52
50
44
51
58
53
60
40
43
49
50
46
63
59
61
63
62
68
46
58
63
64
52
60
48
56
50
63
52
49
70
48
72
62
53
56
57
56
67
47
56
51
69
59
57
66
58
55
48
66
55
72
55
60
56
57
61
67
70
56
72
66
52
70
63
65
52
66
62
49
51
59
59
59
60
51
52
59
53
59
76
69
51
47
58
60
57
55
65
65
63
66
67
54
56
55
53
51
66
65
66
54
61
88
71
57
62
64
69
79
53
66
66
67
64
82
60
59
59
48
65
64
68
63
72
61
58
70
63
62
51
67
70
69
69
75
50
65
59
65
67
67
72
75
61
69
69
75
56
79
59
66
75
75
74
66
65
60
64
70
64
75
63
68
68
77
62
67
75
67
64
66
73
59
58
73
70
75
72
80
60
58
77
68
71
76
63
78
72
67
91
70
81
65
74
81
75
77
72
83
86
65
71
85
89
83
78
71
84
78
73
66
81
74
82
72
63
74
74
66
86
80
67
80
69
77
78
74
93
76
94
73
79
86
68
77
84
72
89
89
95
68
79
80
74
72
77
62
81
74
91
71
75
72
79
85
90
75
85
66
68
71
85
84
72
89
64
71
80
85
92
62
77
89
89
109
71
81
72
93
82
87
90
90
78
91
84
84
92
80
78
85
80
71
78
86
104
73
84
104
107
102
102
79
86
90
88
74
84
102
77
89
94
80
81
92
94
93
92
83
84
113
106
97
96
91
80
85
96
94
99
99
85
81
100
88
104
87
80
92
100
94
92
87
89
77
87
102
100
90
80
97
104
84
84
85
73
94
93
100
78
94
96
92
98
92
103
102
88
96
87
89
102
112
86
102
85
101
106
82
97
107
93
107
89
84
108
92
84
109
108
105
92
105
129
97
91
101
96
105
110
90
86
97
115
109
105
92
107
114
103
97
100
89
115
98
100
102
99
96
124
118
106
112
92
108
103
92
95
93
116
114
119
112
108
108
125
105
99
101
87
128
98
95
110
98
108
85
112
114
106
119
98
95
90
117
108
99
126
126
100
108
125
107
115
118
110
126
112
100
125
103
124
108
116
120
110
106
125
123
114
115
116
127
120
103
120
106
117
99
115
112
107
130
121
125
122
140
111
125
123
147
115
120
104
110
130
113
119
115
110
112
112
120
126
108
121
121
127
140
129
133
124
127
141
134
111
129
127
126
130
109
125
141
112
142
119
117
132
121
131
117
130
120
123
116
134
104
135
122
138
144
140
121
124
130
127
125
126
120
129
130
132
140
142
132
140
121
135
126
123
150
134
120
140
125
146
132
121
154
130
115
137
133
139
144
149
134
138
138
144
122
125
133
134
121
124
142
131
166
136
129
151
160
155
152
115
155
130
132
142
131
122
148
133
137
152
126
122
154
142
167
140
144
135
141
139
140
142
159
145
162
144
169
150
131
149
169
148
178
148
138
153
149
161
142
148
144
134
156
160
148
166
142
136
152
155
131
149
169
153
164
158
175
153
136
164
174
165
151
168
144
157
178
169
157
155
150
156
184
155
165
172
132
153
192
149
159
172
179
153
179
158
159
195
154
174
155
132
184
151
140
183
169
173
171
165
172
175
172
175
143
157
179
178
181
179
190
168
171
188
181
177
173
177
170
172
168
162
179
153
201
178
171
183
162
173
160
169
167
162
172
166
169
183
209
181
189
166
177
184
180
187
159
163
185
181
199
198
192
201
218
179
192
198
189
164
194
194
209
188
198
202
190
193
203
203
180
211
195
204
203
172
174
174
188
170
183
172
200
185
207
190
192
195
193
233
208
189
173
211
186
202
196
216
189
189
185
202
192
211
185
194
206
208
206
216
211
214
186
213
197
211
200
198
214
231
218
195
225
195
189
200
227
224
216
173
198
212
207
178
209
223
216
204
229
193
216
197
211
229
220
199
208
218
203
171
209
225
221
207
189
209
191
224
206
191
208
217
208
222
217
186
204
218
224
228
203
215
205
234
219
215
222
229
205
217
214
227
223
210
234
235
198
206
237
198
251
208
247
252
211
226
212
225
233
225
218
229
237
221
243
216
230
257
226
234
252
235
260
232
256
231
204
247
199
244
230
176
239
229
234
225
253
270
248
214
207
228
219
221
221
242
260
217
227
241
229
228
275
239
234
228
222
241
265
227
216
251
256
220
259
257
253
214
244
213
225
255
230
262
254
233
250
262
277
229
272
258
266
224
256
270
254
246
255
256
265
254
267
213
291
237
265
269
271
237
276
237
236
250
250
256
260
252
277
268
240
242
228
288
239
225
272
245
266
290
276
265
276
280
259
221
234
275
282
245
261
246
277
276
245
266
258
278
240
294
293
221
273
281
304
269
240
279
269
269
301
261
273
234
275
274
291
257
301
301
277
287
289
294
260
259
302
264
266
280
299
284
286
268
270
274
266
294
285
237
299
295
283
288
284
287
276
288
288
278
292
278
268
273
296
268
315
274
278
286
289
287
290
295
263
265
281
315
275
276
301
281
279
279
270
294
312
314
296
292
305
303
305
300
289
307
318
325
285
258
317
307
278
321
283
288
297
328
279
318
296
289
319
290
305
296
301
278
295
301
302
335
274
300
300
304
311
314
285
282
286
279
300
319
288
313
305
320
319
348
335
293
288
308
308
298
314
290
346
335
305
311
296
314
326
311
306
329
325
322
301
320
282
305
289
287
323
336
323
329
344
324
294
319
296
329
324
310
326
338
312
287
296
281
328
317
305
320
324
334
326
277
308
294
324
310
321
309
341
355
337
309
317
301
328
316
335
336
338
296
336
320
288
315
315
320
310
363
338
330
308
287
349
311
352
341
348
304
306
319
327
343
305
315
326
320
331
352
309
348
348
322
310
312
318
314
326
341
339
368
341
291
348
317
356
342
342
336
366
323
369
333
340
305
287
328
327
350
331
312
327
335
318
327
316
330
355
315
333
367
345
342
328
359
333
338
347
362
329
314
351
342
348
353
343
322
339
373
348
341
319
325
344
328
338
338
303
353
354
322
354
329
326
327
340
335
341
334
318
338
357
358
342
345
336
372
333
365
344
325
344
377
399
332
398
339
393
353
331
347
359
361
342
351
359
367
347
389
362
326
351
338
340
338
354
370
343
380
335
357
338
337
334
333
334
334
301
351
326
338
335
356
363
376
340
361
334
326
321
357
371
366
359
363
346
367
333
363
380
347
342
359
353
341
355
400
338
387
365
333
339
365
385
379
362
354
362
335
335
371
328
351
341
401
364
341
373
350
372
353
375
369
356
344
369
332
327
347
341
354
353
356
329
329
355
386
338
335
364
360
320
332
339
406
361
381
355
358
337
358
334
364
343
384
365
344
323
347
351
361
351
344
364
322
348
341
392
347
351
349
338
371
373
375
381
390
365
363
390
356
338
400
396
379
368
373
367
394
334
349
369
331
376
368
354
337
362
352
356
347
346
334
334
364
361
342
376
374
339
361
331
367
407
335
389
368
367
374
389
370
357
345
343
362
344
364
349
360
312
369
350
384
366
331
320
361
372
363
350
341
336
336
364
358
348
374
321
367
378
334
346
360
370
367
332
315
359
346
372
342
370
355
379
371
361
338
345
363
385
322
351
391
352
336
342
357
376
362
342
348
364
357
346
341
386
305
355
337
361
340
355
390
333
332
377
311
339
385
362
363
358
338
347
376
335
358
366
313
339
355
356
361
357
366
312
339
320
363
375
342
345
347
332
334
341
366
337
338
316
398
342
313
353
348
315
363
358
336
326
324
368
316
337
339
351
353
327
381
378
338
321
349
349
328
325
360
374
338
334
331
345
365
357
334
363
333
337
326
365
340
331
338
318
318
345
333
346
332
342
315
312
333
330
325
384
332
317
369
338
326
324
355
342
348
351
324
339
350
367
335
337
310
351
330
348
332
305
345
301
350
369
329
303
300
349
341
334
319
363
344
307
338
340
329
361
332
363
336
346
330
340
333
339
299
336
296
313
331
338
342
350
333
342
310
326
355
320
310
335
309
326
359
320
309
326
326
306
329
325
340
323
301
328
346
349
314
333
347
300
335
326
325
320
305
358
326
316
322
323
323
324
324
300
360
322
328
336
346
336
306
316
371
351
330
319
333
326
348
335
292
301
316
328
320
331
304
304
315
298
297
330
304
319
359
278
309
319
288
305
327
319
318
304
306
315
304
320
318
301
333
305
312
286
321
311
315
313
298
303
293
290
275
297
328
301
317
326
293
294
326
349
334
264
276
334
300
288
283
304
297
313
280
317
284
306
318
296
296
285
288
313
299
300
284
267
312
300
292
339
263
295
285
274
302
289
304
283
297
266
288
273
250
288
288
295
291
303
288
283
312
276
269
292
272
279
299
313
243
299
283
277
253
304
279
288
258
283
312
274
254
272
273
285
279
277
276
262
297
312
269
271
271
282
271
285
264
245
252
260
234
274
261
263
266
234
271
234
297
290
273
274
267
260
257
253
292
253
256
258
274
305
243
274
302
271
297
255
271
285
258
257
271
265
251
240
260
289
270
285
226
283
267
264
274
259
273
282
267
291
268
232
288
266
271
258
250
248
249
248
259
251
263
251
227
233
240
257
252
247
264
231
257
255
257
252
275
219
268
231
264
257
266
226
252
237
231
265
246
244
221
274
272
246
250
253
257
236
243
263
237
249
235
231
249
242
248
259
249
242
230
245
242
232
225
237
226
267
247
218
240
218
223
252
256
242
226
254
251
220
236
236
209
248
244
203
222
219
213
238
220
198
241
199
190
229
245
231
242
236
207
233
225
248
229
227
224
254
253
237
237
222
221
211
193
221
219
228
219
214
242
217
226
196
231
206
209
232
242
228
224
198
238
229
211
224
229
224
202
214
221
178
205
186
215
225
233
202
230
216
221
193
229
218
206
208
191
201
203
205
204
204
199
193
202
217
202
202
210
196
212
193
210
170
193
189
217
198
211
213
186
214
216
200
205
197
217
198
218
210
219
219
184
193
199
201
212
178
196
184
209
171
187
200
209
209
179
185
201
191
185
203
191
186
178
199
193
202
179
191
186
211
192
202
184
192
164
192
182
178
178
189
219
179
220
195
196
165
188
177
149
179
182
189
183
163
189
176
154
193
190
170
203
169
197
178
177
161
167
202
181
165
165
197
173
181
163
187
176
173
181
184
170
171
169
175
186
168
170
151
176
153
177
161
135
156
149
171
171
146
145
169
189
168
166
162
166
143
170
162
160
155
135
156
135
164
155
178
159
144
152
179
152
160
160
148
158