0
0
0
0
0
0
0
0
0
0
0
0
0
0
0
0
0
0
0
0
0
0
0
0
0
0
0
0
0
0
0
0
0
0
0
0
0
0
0
0
0
0
0
0
0
0
0
0
0
0
0
0
0
0
0
0
0
0
0
0
0
0
0
0
0
0
0
0
0
0
0
0
0
0
0
0
0
0
0
0
0
0
0
0
0
0
0
0
0
0
0
0
0
0
0
0
0
0
0
0
0
0
0
0
0
0
0
0
0
0
0
0
0
0
0
0
0
0
0
0
0
0
0
0
0
0
0
0
0
0
0
0
0
0
0
0
0
0
0
0
0
0
0
0
0
0
0
0
0
0
0
0
0
0
0
0
0
0
0
0
0
0
0
0
0
0
0
0
0
0
0
0
0
0
0
0
0
0
0
0
0
0
0
0
0
0
0
0
0
0
0
0
0
0
0
0
0
0
0
0
0
0
0
0
0
0
0
0
0
0
0
0
0
0
0
0
0
0
0
0
0
0
0
0
0
0
0
0
0
0
0
0
0
0
0
0
0
0
0
0
0
0
0
0
0
0
0
0
0
0
0
0
0
0
0
0
0
0
0
0
0
0
0
0
0
0
0
0
0
0
0
0
0
0
0
0
0
0
0
0
0
0
0
0
0
0
0
0
0
0
0
0
0
0
0
0
0
0
0
0
0
0
0
0
0
0
0
0
0
0
0
0
0
0
0
0
0
0
0
0
0
0
0
0
0
0
0
0
0
0
0
0
0
0
0
0
0
0
0
0
0
0
0
0
0
0
0
0
0
0
0
0
0
0
0
0
0
0
0
0
0
0
0
0
0
0
0
0
0
0
0
0
0
0
0
0
0
0
0
0
0
0
0
0
0
0
0
0
0
0
0
0
0
0
0
0
0
0
0
0
0
0
0
0
0
0
0
0
0
0
0
0
0
0
0
0
0
0
0
0
0
0
0
0
0
0
0
0
0
0
0
0
0
0
0
0
0
0
0
0
0
0
0
0
0
0
0
0
0
0
0
0
0
0
0
0
0
0
0
0
0
0
0
0
0
0
0
0
0
0
0
0
0
0
0
0
0
0
0
0
0
0
0
0
0
0
0
0
0
0
0
0
0
0
0
0
0
0
0
0
0
0
0
0
0
0
0
0
0
0
0
0
0
0
0
0
0
0
0
0
0
0
0
0
0
0
0
0
0
0
0
0
0
0
0
0
0
0
0
0
0
0
0
0
0
0
0
0
0
0
0
0
0
0
0
0
0
0
0
0
0
0
0
0
0
0
0
0
0
0
0
0
0
0
0
0
0
0
0
0
0
0
0
0
0
0
0
0
0
0
0
0
0
0
0
0
0
0
0
0
0
0
0
0
0
0
0
0
0
0
0
0
0
0
0
0
0
0
0
0
0
0
0
0
0
0
0
0
0
0
0
0
0
0
0
0
0
0
0
0
0
0
0
0
0
0
0
0
0
0
0
0
0
0
0
0
0
0
0
0
0
0
0
0
0
0
0
0
0
0
0
0
0
0
0
0
0
0
0
0
0
0
0
0
0
0
0
0
0
0
0
0
0
0
0
0
0
0
0
0
0
49
53
36
40
49
38
34
39
41
37
35
35
43
54
42
36
42
45
31
41
35
59
39
52
38
40
46
42
49
34
35
40
42
32
41
43
41
40
40
35
27
44
44
46
43
40
36
26
45
44
44
41
35
41
39
40
38
39
44
35
28
35
44
48
31
48
34
37
39
37
35
41
41
35
56
32
36
44
36
36
33
39
37
42
54
41
42
35
49
41
37
41
37
38
41
33
35
35
35
41
48
40
35
34
41
39
42
40
46
41
30
30
52
36
36
47
44
37
41
35
33
39
39
39
29
44
42
39
36
32
42
46
39
43
35
32
38
33
41
45
30
46
45
30
47
28
38
50
36
40
43
38
48
40
37
35
36
49
43
35
31
33
54
44
40
36
41
33
29
37
29
40
30
36
41
41
35
25
43
34
39
43
34
35
32
36
41
46
36
41
38
39
37
38
39
44
27
34
34
43
48
33
40
54
40
30
48
40
33
31
37
34
36
26
28
33
31
30
36
33
34
40
31
31
33
31
29
36
42
37
53
36
38
31
26
48
35
36
38
33
41
40
49
37
36
26
28
36
30
41
29
29
41
34
43
36
40
44
40
40
31
32
33
32
43
26
35
35
49
47
38
36
41
32
26
41
33
39
41
34
32
37
43
31
41
26
36
41
35
48
25
34
40
32
34
36
33
36
38
38
42
42
37
31
31
43
38
38
40
32
37
45
44
33
42
41
42
34
34
49
41
28
38
40
31
39
30
30
35
27
30
37
36
39
40
36
37
47
46
34
36
44
36
38
41
49
32
40
36
34
41
38
31
38
30
32
34
36
29
32
42
28
35
42
44
32
45
41
29
38
38
32
40
46
31
52
30
40
48
33
34
43
47
41
43
27
45
41
36
25
31
46
35
35
45
38
31
40
37
27
48
41
32
34
40
23
40
37
37
28
34
35
35
32
38
43
51
44
48
41
37
46
38
28
43
43
33
47
40
37
29
42
31
26
37
36
33
46
36
41
44
37
43
37
42
35
40
52
42
53
39
31
44
34
43
39
37
39
44
42
47
37
36
36
35
39
44
35
40
35
39
35
44
27
38
45
46
30
26
40
44
35
37
44
39
52
40
34
45
50
43
33
35
33
35
27
31
40
35
38
33
45
35
41
39
45
40
46
35
42
30
45
36
37
30
31
41
31
43
42
34
33
35
37
31
42
42
45
43
41
42
46
39
38
36
42
47
40
35
33
56
48
36
39
50
52
40
53
40
38
32
50
37
41
37
35
39
50
40
43
43
45
27
31
38
54
42
47
48
40
34
51
46
50
41
44
49
40
38
42
48
36
48
43
43
52
42
36
40
39
46
47
51
33
42
42
40
38
36
34
48
53
52
47
47
36
41
26
43
39
40
50
53
39
49
39
37
38
49
39
41
42
44
42
55
48
39
37
43
47
46
47
43
48
51
55
35
43
51
42
44
51
49
39
39
48
46
38
42
62
49
43
34
45
47
37
48
51
57
40
49
44
37
51
45
52
53
52
47
47
45
52
53
43
59
52
61
41
48
35
48
44
45
43
46
53
52
46
52
47
49
45
48
48
52
54
60
54
50
47
58
48
57
49
57
59
51
49
58
53
57
45
46
45
45
36
40
47
48
58
45
62
55
47
44
38
53
53
46
46
54
56
43
37
66
51
49
44
46
48
56
51
66
50
49
50
40
56
62
45
43
55
53
47
38
51
58
61
65
51
48
51
54
47
46
45
67
55
45
60
72
49
45
56
57
48
54
47
52
65
59
55
64
67
58
53
62
61
53
56
52
48
64
54
79
66
59
56
50
73
64
69
63
56
57
54
62
52
62
59
55
59
53
58
49
62
52
82
69
54
68
57
66
61
52
69
57
64
57
55
60
52
64
62
60
51
60
70
61
62
65
46
74
63
62
62
57
66
53
52
57
84
63
76
66
75
73
63
71
71
69
67
53
65
74
66
77
80
61
80
65
79
72
53
71
64
67
71
82
78
74
57
75
66
68
66
63
78
68
72
66
73
71
75
75
72
82
80
79
80
70
81
82
86
82
95
74
79
78
67
59
69
76
71
87
64
95
69
80
87
62
65
71
59
54
79
82
70
88
81
95
83
88
76
75
82
83
59
62
81
81
69
82
71
83
89
92
77
82
76
82
69
85
75
88
90
84
75
86
86
84
78
91
95
79
78
98
91
89
115
85
85
89
82
92
94
98
90
79
81
95
106
89
96
101
83
91
90
72
87
97
88
90
73
78
92
83
95
76
121
90
90
98
86
88
91
108
77
93
69
114
100
92
96
106
97
90
83
120
102
97
95
100
86
108
97
103
112
77
117
102
82
108
105
95
120
88
109
108
87
95
122
106
92
95
88
95
121
102
106
108
108
103
99
113
95
113
103
114
107
94
110
102
131
118
108
114
92
115
99
115
118
108
103
127
102
115
127
109
114
106
129
116
112
105
119
116
113
111
104
98
125
119
114
139
117
108
97
105
120
104
125
136
126
105
120
116
124
124
129
138
137
109
134
122
133
146
124
129
138
119
116
114
110
124
121
116
118
132
142
124
145
125
114
140
124
139
138
154
131
116
145
137
136
124
140
128
129
103
121
123
129
127
136
126
148
144
166
139
123
165
143
151
134
152
134
118
121
113
129
146
120
120
142
113
143
129
118
143
129
110
149
131
122
138
148
154
130
137
151
125
141
126
148
139
135
114
127
121
129
136
138
133
126
146
141
136
139
131
140
134
137
147
141
145
160
140
149
159
146
151
143
144
132
118
149
151
140
136
139
130
141
129
140
127
135
135
124
124
130
152
125
131
127
160
129
135
143
135
141
139
153
146
139
137
139
147
153
153
166
141
154
117
153
122
131
130
149
135
150
136
130
139
114
148
134
122
124
140
147
153
130
133
144
137
132
134
125
126
142
143
135
128
113
128
131
148
126
141
128
151
141
126
127
131
141
118
129
115
121
114
128
131
109
129
141
140
135
138
112
145
122
134
117
122
130
134
130
135
126
121
126
111
142
118
134
135
127
129
151
126
129
126
119
117
126
112
116
112
118
131
137
141
124
137
121
108
112
141
127
123
115
125
107
132
121
118
127
103
112
135
121
117
128
122
99
112
116
143
144
119
121
129
105
116
125
107
103
135
118
107
93
118
133
135
105
127
123
107
108
112
121
95
90
115
108
107
96
127
107
107
131
111
90
98
116
119
139
122
113
90
112
93
93
111
112
112
108
107
111
119
101
103
109
112
115
107
100
101
90
95
100
109
85
106
108
102
105
90
100
92
93
93
101
95
91
107
89
92
82
91
91
93
104
85
91
93
90
96
80
95
83
85
95
86
92
93
79
79
85
70
75
105
101
78
106
86
83
90
80
94
101
89
89
85
83
77
62
78
95
90
102
87
74
81
71
81
90
83
95
92
82
87
95
89
88
94
79
118
88
90
80
77
79
76
80
97
82
90
81
81
83
66
91
93
106
69
68
95
76
83
77
84
79
72
69
88
76
82
78
82
59
85
74
73
79
83
81
93
89
77
78
83
67
73
79
73
76
76
64
78
54
67
70
97
87
83
75
65
81
66
62
54
55
65
66
74
73
63
63
67
66
70
76
74
75
65
56
67
79
67
65
74
73
52
66
73
73
65
68
60
68
54
83
71
60
56
67
63
60
68
60
71
58
55
68
53
61
64
76
69
63
48
61
64
53
72
42
67
84
51
73
62
72
44
74
57
64
58
54
65
58
64
50
62
58
50
72
56
68
60
60
72
65
44
58
53
74
60
63
61
74
53
58
57
58
66
54
70
52
54
56
59
57
63
58
47
69
59
52
54
50
59
56
56
62
56
69
54
59
60
61
68
55
44
63
49
52
48
59
46
56
64
64
51
60
51
65
57
55
65
49
45
64
44
44
43
52
59
44
43
65
69
49
47
51
64
56
55
62
63
57
45
67
44
45
63
67
44
44
49
50
55
56
62
52
46
60
55
49
59
44
51
53
48
62
45
57
48
71
45
47
53
50
41
41
61
52
53
50
68
57
41
48
45
52
41
54
49
48
62
51
51
55
48
45
52
55
51
41
43
60
48
46
63
50
60
41
45
48
50
49
33
56
60
47
45
46
46
48
53
57
44
50
57
61
45
61
47
56
60
55
60
56
43
41
53
46
49
51
56
72
60
54
54
41
49
58
46
60
58
51
57
52
55
57
55
59
53
48
51
57
49
43
35
53
41
46
51
49
52
52
47
36
47
44
39
41
48
62
39
45
54
54
56
42
65
45
55
37
52
51
45
45
63
50
54
56
47
46
58
44
39
50
51
50
58
45
59
47
56
53
66
54
52
44
56
57
52
58
46
54
52
52
60
43
47
57
44
45
56
46
49
58
58
45
43
54
64
61
43
46
54
52
44
49
47
66
47
58
58
48
39
48
44
45
55
46
57
65
66
58
43
54
53
46
66
56
42
54
50
47
46
56
39
58
48
61
48
55
53
56
59
45
62
56
47
49
52
50
49
51
50
56
52
58
45
49
65
48
50
64
49
63
59
57
51
49
63
60
60
64
68
59
46
65
58
58
62
50
53
54
60
66
57
65
62
58
50
45
46
59
57
67
54
55
64
52
47
58
55
55
43
58
70
51
54
66
55
69
65
62
50
65
60
51
52
67
50
51
48
47
60
54
78
64
42
50
57
56
61
74
42
76
58
48
61
69
68
59
69
58
58
62
69
51
79
66
60
67
73
82
54
53
62
68
67
70
59
61
62
73
69
74
72
55
64
72
65
63
67
69
85
74
58
66
62
68
73
65
84
86
71
64
60
75
57
72
67
75
76
75
79
53
76
77
71
72
75
84
63
70
57
83
79
67
77
55
77
61
90
68
81
70
63
78
72
80
73
93
66
64
88
72
88
70
77
88
63
64
75
87
84
78
78
66
80
87
72
87
75
76
91
82
85
78
88
73
76
91
72
89
91
84
75
76
90
79
78
101
95
83
66
76
74
81
76
83
88
99
89
90
86
103
84
97
100
83
86
80
91
80
77
78
94
89
91
86
92
86
90
90
81
76
82
85
84
96
98
86
81
91
95
96
94
81
86
93
91
88
84
96
108
103
74
86
108
91
97
95
105
100
103
97
110
103
85
104
101
102
98
97
112
109
83
110
94
96
82
108
95
102
120
99
117
101
111
120
79
94
102
108
104
114
97
99
107
109
117
108
104
105
101
113
101
108
114
107
124
125
109
126
107
107
105
115
106
117
117
108
106
125
128
104
123
124
115
134
136
120
117
131
135
110
99
116
112
136
124
124
115
107
97
111
133
137
137
132
134
130
114
119
130
123
121
164
143
142
137
126
132
125
130
115
135
126
142
154
126
118
110
135
124
129
135
140
141
139
132
149
141
134
158
134
124
144
121
165
147
143
142
147
118
152
154
169
137
154
137
158
156
144
155
151
154
146
158
157
144
137
138
157
144
155
169
136
158
157
151
153
165
164
176
156
149
169
153
147
161
156
155
184
160
156
162
157
158
166
143
178
138
178
164
156
156
182
152
164
173
199
171
194
175
191
191
184
187
173
160
193
162
185
167
179
191
174
176
173
198
202
178
178
195
173
193
168
163
181
193
181
176
161
224
183
183
228
193
202
173
230
187
188
230
193
187
174
217
217
178
221
207
244
206
198
225
187
219
246
217
204
205
214
216
230
205
236
214
212
182
216
227
232
232
229
226
208
235
202
223
215
214
221
208
222
235
240
231
220
241
219
246
239
262
247
233
248
234
206
255
234
225
242
252
229
248
249
223
239
247
275
252
240
261
258
254
241
238
263
235
278
277
269
316
219
257
296
284
287
254
259
269
253
277
282
269
268
274
254
287
286
282
254
267
288
267
297
293
252
264
287
292
285
267
304
289
278
268
258
296
310
301
278
288
282
285
311
328
289
274
308
326
293
316
318
329
297
282
279
287
303
329
291
351
338
289
328
336
331
327
335
328
331
315
310
316
323
326
350
319
315
297
310
322
322
349
360
347
356
346
350
324
372
356
361
363
320
405
374
379
375
373
362
378
371
336
352
334
368
365
335
337
365
386
334
335
372
391
378
369
370
427
378
360
410
405
378
363
433
369
413
368
396
441
375
373
353
417
390
392
418
418
390
418
418
396
379
394
423
396
423
445
441
381
383
425
409
393
433
425
423
443
410
403
440
409
434
418
413
406
445
465
427
444
442
415
428
396
454
466
466
450
469
408
514
466
478
473
442
460
453
465
443
452
484
474
458
476
474
429
469
475
458
478
475
448
476
510
483
525
486
542
480
489
484
491
492
482
504
487
484
503
512
537
557
502
490
466
515
484
496
558
510
480
533
516
464
512
503
524
523
567
549
522
521
554
519
536
575
554
578
553
501
492
531
538
558
560
511
569
519
546
570
535
523
540
540
589
541
563
532
537
557
562
598
584
576
603
558
553
566
570
637
569
605
591
592
571
560
578
598
607
597
592
599
554
559
565
624
577
589
572
614
614
549
603
552
567
640
619
615
559
626
587
629
633
606
597
612
615
621
627
639
628
611
638
628
633
611
615
652
623
587
612
616
600
635
621
650
638
630
643
641
654
661
650
659
654
636
613
667
617
636
616
632
681
665
681
648
655
617
625
653
607
653
658
623
678
639
626
630
698
664
652
672
649
650
669
708
671
687
640
688
673
638
680
656
690
635
674
708
701
641
658
664
642
662
650
651
673
679
705
664
727
658
674
660
708
657
708
689
667
658
709
693
711
693
700
753
668
727
720
676
670
662
681
731
686
685
690
676
752
697
653
720
691
716
699
666
649
709
737
680
672
708
734
723
740
719
684
701
671
695
747
686
696
711
736
678
738
674
697
718
700
693
720
730
683
694
715
708
669
700
691
759
658
673
732
687
696
704
755
727
706
724
700
740
708
706
696
686
708
715
737
731
695
756
695
717
724
681
693
726
657
748
724
747
687
739
706
733
773
716
682
656
729
761
661
746
699
705
659
670
735
700
697
689
721
686
670
733
723
665
672
721
684
687
694
716
701
675
673
703
672
692
669
662
628
709
730
684
722
686
697
788
698
683
684
642
717
686
745
684
699
713
692
725
737
693
647
662
705
693
703
672
706
710
656
710
692
673
678
682
683
670
665
706
634
721
717
677
648
654
663
711
644
675
647
641
694
634
638
625
648
647
680
639
686
651
651
670
669
656
653
612
701
709
615
669
627
650
663
658
678
653
650
638
653
634
631
628
675
640
652
626
613
623
639
606
629
666
630
608
632
640
633
604
571
622
598
615
618
609
634
566
619
661
639
586
576
597
640
616
643
596
613
584
569
586
606
584
610
593
570
572
595
624
536
564
578
595
602
564
585
544
584
613
566
561
553
596
586
609
571
573
578
608
523
574
550
573
568
587
554
533
554
569
530
524
538
575
537
552
571
548
528
557
520
501
513
555
552
544
538
494
573
532
512
530
506
540
520
570
495
533
560
539
507
505
549
491
544
505
511
524
479
573
506
547
492
470
466
527
488
495
498
477
483
488
452
518
498
497
457
463
473
484
465
491
511
471
481
468
413
489
507
467
469
472
459
475
460
465
478
431
474
442
452
444
424
430
483
451
415
477
427
426
439
417
419
417
412
446
455
415
463
401
459
423
431
390
412
439
421
392
419
425
434
402
442
421
420
448
414
419
396
397
407
402
375
396
427
408
400
388
387
411
384
412
369
381
385
380
399
410
367
375
376
354
395
351
355
399
382
390
359
368
351
371
388
343
331
366
345
348
371
356
337
334
370
371
319
347
331
316
357
383
335
338
363
282
345
328
324
329
350
344
324
306
297
295
332
325
316
348
347
327
284
367
288
327
321
307
286
316
320
322
273
300
288
316
305
283
290
309
315
324
292
277
279
273
326
295
266
250
298
298
260
259
281
326
261
280
276
263
282
287
285
252
296
291
267
264
258
268
299
267
269
259
269
248
231
245
242
246
270
239
282
233
237
230
243
218
232
227
209
244
215
239
240
261
239
234
243
235
247
231
219
232
217
219
196
237
218
239
222
225
198
222
257
190
191
224
212
195
220
200
228
211
213
223
187
198
201
184
172
185
214
212
200
200
211
212
180
195
200
183
201
185
195
187
197
201
204
207
171
172
180
168
189
156
170
189
208
192
185
162
196
195
182
166
182
148
176
157
162
207
160
165
172
175
174
169
171
163
156
163
162
158
156
170
178
146
147
157
176
171
140
150
166
178
151
138
157
152
164
148
132
148
165
152
143
162
147
130
159
179
133
147
157
153
133
126
129
157
121
121
127
120
131
165
142
134
146
131
131
120
120
138
131
130
130
128
130
131
134
122
133
123
117
133
113
111
131
106
113
129
122
124
113
116
123
107
124
120
108
113
113
125
119
125
103
121
124
121
123
108
111
120
110
104
109
94
88
93
102
97
119
93
101
103
86
81
86
116
116
96
95
89
107
99
89
92
110
91
94
86
77
92
80
97
80
93
103
85
81
90
82
93
100
96
83
94
73
90
93
94
79
85
84
93
98
93
82
85
78
79
65
90
85
80
93
82
73
94
82
98
72
71
73
83
87
52
69
79
65
66
85
68
83
98
58
74
78
67
67
61
72
64
70
64
87
84
61
67
55
54
71
63
75
85
75
69
70
63
58
67
57
63
68
62
59
57
63
49
69
52
50
52
51
67
52
57
73
66
59
57
57
58
51
54
67
55
48
53
53
49
54
63
54
44
53
56
54
50
53
44
50
37
42
58
53
49
57
48
48
48
40
60
39
44
46
53
44
45
53
37
44
51
49
49
44
50
38
43
55
41
41
47
50
43
40
52
38
53
44
46
44
37
39
45
47
36
37
40
37
43
45
39
39
50
39
47
31
48
31
38
41
39
40
26
37
35
38
38
32
44
32
45
46
29
36
38
36
25
41
40
42
21
39
32
31
29
25
37
36
34
22
44
38
38
26
33
25
28
31
34
35
33
33
38
35
31
29
35
27
29
34
20
32
41
31
33
30
30
25
24
25
28
28
25
24
25
25
31
21
27
20
37
33
29
26
26
22
21
20
19
27
36
20
19
28
19
27
29
44
23
25
21
26
19
34
24
23
28
21
24
27
24
26
24
19
25
31
12
21
21
24
20
22
17
24
20
19
20
29
14
20
28
22
13
23
20
22
29
20
15
21
23
17
15
21
17
11
17
19
18
15
17
26
17
23
18
23
23
23
24
9
11
19
25
21
16
20
18
17
17
19
12
14
20
25
19
21
19
23
16
13
23
14
16
15
16
12
15
17
14
10
14
20
15
17
22
23
16
17
16
15
17
18
17
14
8
21
15
14
21
14
9
15
14
20
11
13
18
18
19
15
15
20
15
16
14
6
8
15
13
9
11
14
13
12
12
9
12
10
16
11
10
14
19
10
13
15
12
14
16
11
11
18
14
16
14
14
9
14
11
12
12
17
19
10
10
18
13
13
17
8
12
13
15
7
12
12
11
8
13
15
11
14
14
14
5
8
13
16
13
9
13
9
10
18
16
12
9
14
7
11
16
8
16
13
15
10
10
10
6
7
11
11
8
10
10
10
12
13
9
4
9
13
16
13
9
12
11
13
10
16
11
7
12
7
9
12
9
9
7
11
13
12
9
8
11
7
4
5
10
8
7
12
8
11
9
8
10
11
8
7
11
7
16
9
16
9
10
12
14
13
10
14
9
6
11
8
6
7
9
8
6
12
7
10
15
7
6
12
10
9
13
7
16
7
11
10
7
14
11
9
9
8
5
5
5
13
9
12
6
12
4
10
17
6
11
10
9
6
5
10
10
12
13
8
7
7
4
11
5
11
14
11
8
15
13
9
8
10
9
6
8
13
12
6
5
11
12
8
6
10
11
9
7
5
6
8
6
10
11
10
9
11
8
5
10
11
10
7
8
8
13
4
11
14
3
9
9
8
6
11
14
9
11
7
7
17
10
6
12
13
13
9
8
7
12
12
5
5
8
6
10
8
6
8
5
13
8
11
9
9
9
9
8
11
11
10
4
11
10
6
8
14
6
9
5
10
6
6
13
9
8
14
9
9
9
14
5
8
14
11
8
8
6
15
8
5
11
9
7
6
10
2
8
9
7
6
9
12
8
13
4
9
6
5
13
8
10
10
4
7
6
5
6
5
12
10
12
5
9
7
13
9
5
8
5
12
11
7
13
10
12
9
5
8
6
10
7
5
10
3
3
11
7
6
9
5
6
3
7
4
12
12
14
11
8
5
7
5
9
9
14
6
12
5
5
14
8
4
5
6
9
6
6
4
3
7
2
6
6
4
4
6
6
7
4
13
10
10
6
15
5
11
8
8
5
11
6
7
6
4
10
9
4
2
7
12
7
10
6
9
4
7
9
11
5
7
3
8
5
8
5
6
6
5
7
6
10
6
4
8
5
9
9
6
4
8
11
6
9
11
8
13
5
7
4
4
12
12
11
5
7
4
5
7
12
9
10
2
9
10
5
7
8
12
9
8
4
5
3
8
8
2
8
7
7
5
11
12
5
10
3
7
8
6
5
6
6
3
8
6
9
7
6
6
6
7
12
8
9
3
6
10
8
4
9
9
4
8
5
14
12
9
5
7
3
7
7
5
6
6
8
11
8
8
3
8
7
5
5
8
9
3
11
7
6
7
5
3
13
12
6
3
10
12
4
8
9
9
6
3
9
10
10
6
5
7
8
11
9
8
8
11
16
4
14
5
5
8
9
6
11
9
5
8
10
2
6
8
11
11
7
6
6
3
11
10
9
8
7
7
4
7
6
5
9
6
8
7
6
4
4
6
6
11
9
9
12
15
4
7
4
7
7
4
3
7
4
6
5
8
8
16
3
10
9
12
9
5
6
6
10
9
5
6
7
7
7
8
5
6
13
6
7
7
10
6
10
10
13
11
7
5
7
12
4
4
3
7
7
10
11
6
6
8
6
3
5
3
9
6
6
7
4
3
7
6
9
1
7
7
6
5
9
3
7
9
5
5
9
8
6
11
5
7
10
8
8
8
9
7
7
7
5
11
7
5
3
6
9
8
9
6
3
9
10
10
11
18
5
5
5
11
8
6
9
11
5
3
11
3
9
4
7
8
7
7
8
4
9
6
4
7
7
4
7
6
9
4
6
7
11
12
5
11
10
3
6
4
8
8
7
4
7
4
5
5
4
5
7
7
5
11
6
6
5
6
4
10
6
4
12
10
4
8
6
6
5
10
4
4
10
7
4
8
6
4
9
4
7
8
4
5
9
6
6
3
4
6
6
7
10
7
12
10
8
7
7
7
4
6
7
9
4
6
8
7
7
8
8
9
5
2
3
3
6
10
8
13
6
5
7
5
6
6
6
5
3
6
7
2
4
9
5
4
2
7
9
7
6
8
9
9
4
4
4
5
9
6
5
6
5
8
4
6
6
4
9
3
4
8
4
9
5
7
11
6
8
3
9
3
9
6
5
14
8
2
9
8
3
3
7
8
4
3
5
10
9
6
10
3
9
6
10
9
9
8
6
9
6
5
5
2
6
5
4
6
4
5
1
9
5
5
6
11
4
8
6
9
6
6
6
6
5
4
11
6
4
5
3
7
8
7
13
7
5
8
4
7
8
0
8
9
9
4
9
1
7
4
6
11
4
5
4
5
4
8
8
7
0
6
8
4
6
4
6
5
8
5
5
5
8
3
8
4
9
9
4
5
5
6
4
12
5
11
4
7
5
7
7
6
7
10
7
0
12
8
6
3
8
6
5
6
7
6
4
9
8
7
4
4
3
6
4
5
6
13
5
5
11
12
7
6
4
9
2
3
4
4
4
4
9
5
6
6
3
9
6
7
3
4
5
4
3
4
7
7
4
9
2
3
7
10
8
8
8
5
5
5
6
8
4
5
7
6
7
2
6
4
2
5
0
8
4
5
13
3
10
2
8
7
9
3
8
8
8
9
10
3
10
2
4
10
6
5
3
7
7
10
8
2
3
2
6
1
9
4
6
9
8
4
6
8
2
6
5
10
8
2
4
6
6
9
5
6
3
5
8
7
6
4
4
8
8
8
9
2
8
7
5
9
7
6
4
3
8
6
12
3
9
2
6
2
10
9
5
3
5
8
6
2
7
1
1
9
2
9
4
8
6
5
6
7
8
4
6
3
9
5
3
4
1
6
8
4
4
8
6
5
11
4
5
6
3
3
7
3
6
5
3
9
7
4
3
4
6
9
4
3
7
2
3
3
7
4
8
6
5
7
9
3
2
3
11
0
3
7
3
7
10
4
5
8
6
8
6
7
4
11
3
6
9
7
7
7
2
4
5
2
4
3
6
5
2
8
4
5
7
6
6
5
1
10
4
4
3
7
9
5
6
6
6
8
7
5
7
5
9
6
7
5
3
6
4
6
8
9
5
7
6
3
4
7
5
5
7
4
5
6
6
11
2
11
3
6
1
7
9
3
8
13
4
6
6
11
6
8
6
6
4
3
7
4
2
15
8
7
7
4
2
7
7
1
7
13
6
6
7
4
2
3
7
4
2
5
5
4
5
4
3
5
5
2
7
6
8
4
7
3
4
3
7
6
6
4
4
6
8
7
5
6
3
6
9
8
4
8
4
5
8
4
4
3
3
7
4
4
6
6
6
6
8
3
4
4
6
3
5
4
1
10
2
6
1
4
3
7
5
6
3
3
7
8
6
6
8
6
7
4
2
4
4
10
3
8
9
5
6
3
6
7
5
8
4
4
4
9
5
7
8
5
6
2
6
5
4
4
1
6
9
6
8
4
9
7
6
5
6
5
9
4
2
6
5
1
3
2
5
6
6
4
5
6
4
6
8
8
4
4
12
4
7
7
6
9
5
1
3
7
2
3
5
9
5
9
6
7
4
10
3
8
8
7
5
7
11
6
4
2
4
5
6
7
3
5
4
7
2
4
3
9
6
5
5
7
6
7
5
4
6
5
7
1
9
11
7
10
5
9
9
7
1
4
5
3
6
4
5
4
5
6
9
3
4
6
5
6
11
2
3
6
6
3
5
6
9
6
7
6
8
6
2
6
5
10
7
4
4
5
3
8
3
10
6
7
9
4
6
3
5
2
6
7
2
6
8
5
8
5
3
5
7
11
5
6
7
2
6
6
6
5
7
2
6
8
12
3
6
7
7
2
3
10
4
3
4
7
6
7
7
6
3
3
7
4
7
2
9
9
11
3
8
11
4
8
5
3
9
6
4
9
8
4
6
4
4
3
2
10
5
8
5
7
6
10
7
7
6
4
6
9
4
4
6
4
6
7
5
5
10
3
10
9
6
6
8
4
10
9
6
1
8
4
5
2
3
5
6
5
6
4
5
7
7
6
11
5
4
5
6
7
10
7
10
5
1
8
7
4
7
8
3
6
4
9
2
6
6
9
7
7
5
2
4
6
6
3
6
6
7
1
7
5
3
5
4
5
7
9
6
6
7
9
9
5
6
4
6
4
9
4
6
6
1
5
6
6
12
4
9
5
8
7
11
5
5
3
8
6
6
5
14
6
13
5
6
2
5
9
10
4
10
3
8
7
10
4
5
7
9
6
5
7
11
7
7
7
11
4
3
5
4
10
6
3
6
4
8
9
5
3
6
5
5
7
6
8
9
5
7
8
4
10
5
5
6
5
4
5
7
5
3
10
2
9
3
6
0
3
3
9
5
3
6
13
4
6
5
5
3
5
4
7
9
3
2
7
7
4
4
4
3
4
6
6
5
11
11
11
5
7
6
7
7
7
7
7
6
5
3
3
8
8
2
4
6
4
3
5
8
7
8
4
2
5
12
7
6
8
6
4
9
7
9
11
10
5
11
2
13
1
3
4
8
1
3
5
5
4
5
4
6
6
4
6
7
10
6
5
5
2
7
7
7
7
8
6
9
7
10
8
12
7
3
6
7
5
8
5
6
7
4
13
8
11
5
5
9
7
4
5
8
5
6
6
5
6
9
7
8
7
9
5
5
3
3
10
7
6
6
6
6
5
8
11
10
8
6
9
5
5
6
5
7
3
8
7
8
6
5
7
5
7
5
9
4
6
4
5
2
8
6
6
6
6
7
4
6
7
10
7
7
10
7
12
8
8
3
7
7
5
7
10
3
5
8
9
7
4
6
8
3
7
8
5
10
13
6
12
5
3
8
9
9
6
6
8
6
2
5
4
6
7
5
8
7
9
7
13
5
10
4
8
10
6
7
5
8
11
5
6
7
6
4
6
5
10
1
7
9
7
4
5
9
6
6
2
7
6
4
2
3
2
7
7
5
4
6
9
5
3
11
9
3
6
6
5
8
6
5
9
7
9
5
8
6
9
10
7
9
3
3
14
7
7
5
6
8
5
2
6
6
4
8
12
7
7
10
8
6
7
4
4
12
13
4
3
6
8
5
5
4
4
10
11
6
8
10
10
4
8
6
9
7
7
9
7
6
6
3
7
5
9
11
7
7
8
5
4
11
8
4
5
8
8
5
4
5
4
8
11
9
8
4
5
7
4
11
7
6
2
5
6
5
4
7
6
7
6
2
6
10
2
8
10
6
8
6
11
12
14
3
9
8
5
3
3
7
6
8
8
4
11
5
7
6
6
7
9
7
8
8
11
7
7
8
9
4
6
7
5
10
7
9
8
6
3
7
5
7
4
11
6
7
10
4
6
11
6
6
10
7
9
5
4
6
5
4
10
4
5
6
14
7
7
6
6
5
2
5
5
3
5
4
8
8
8
13
10
5
7
7
4
9
7
5
5
4
8
9
8
6
4
3
8
10
10
7
4
14
5
3
4
2
5
9
9
7
7
14
6
10
9
8
4
10
8
5
5
6
4
8
7
6
9
6
7
8
4
9
6
4
6
7
5
6
7
1
5
6
9
9
6
6
3
6
8
4
7
6
7
3
6
9
6
10
7
6
4
8
6
7
1
6
8
6
10
5
7
8
8
3
5
10
7
2
9
4
3
2
5
5
4
6
7
5
2
3
6
6
4
6
6
4
4
7
6
5
6
7
4
4
7
6
7
6
8
10
4
3
8
6
3
7
4
4
9
6
3
5
7
5
4
8
3
13
11
5
5
5
13
3
12
6
9
6
5
3
6
3
10
6
7
10
3
4
3
5
7
5
8
4
4
8
4
4
5
7
8
10
4
7
2
5
5
7
5
5
5
9
7
3
8
9
4
5
4
6
6
6
5
6
3
9
3
4
6
5
3
5
7
5
3
7
6
7
2
4
6
7
3
8
6
7
3
10
7
5
8
4
3
4
7
8
7
8
4
1
6
5
2
2
4
3
2
6
10
10
4
9
3
5
7
3
0
4
5
10
4
7
2
6
4
3
4
5
5
7
5
8
5
2
3
4
4
5
4
4
4
4
9
5
6
6
4
4
3
8
5
4
4
2
3
9
3
5
4
13
8
7
4
5
1
4
6
3
6
3
3
5
7
6
6
1
2
13
1
4
2
2
3
3
4
2
2
4
4
4
8
6
6
5
6
7
6
6
4
3
6
9
5
11
5
3
6
2
4
4
3
3
6
3
7
9
2
3
3
4
3
5
5
10
4
5
1
5
7
3
5
3
5
4
1
1
3
7
6
10
4
5
4
5
3
3
4
2
4
3
4
4
4
5
3
5
6
3
2
5
9
8
5
7
5
0
6
4
7
7
1
5
3
3
2
9
2
4
4
7
2
5
7
2
5
3
4
3
2
7
8
3
5
8
4
7
5
2
5
1
2
1
3
6
6
5
8
4
6
2
4
2
6
7
6
4
2
5
3
4
5
2
8
3
7
1
3
6
6
8
1
1
4
6
7
3
4
4
3
3
2
8
4
6
2
9
0
3
6
2
8
3
5
3
2
3
4
1
3
3
2
3
2
9
5
2
3
1
2
1
1
2
0
1
2
8
3
2
2
2
0
6
3
3
5
4
3
3
2
5
4
8
5
6
0
2
3
4
5
4
1
6
2
8
3
3
1
4
5
1
3
5
2
1
5
3
5
0
4
3
2
3
2
7
4
1
2
3
0
3
3
3
2
3
5
2
2
3
5
2
1
5
0
1
3
3
1
1
1
2
1
2
1
3
3
2
4
3
4
1
2
2
5
3
2
1
1
2
7
5
7
2
3
3
4
1
5
1
2
1
6
3
3
3
4
4
6
2
3
1
2
2
2
3
2
1
2
2
1
3
4
1
4
2
4
3
5
2
6
5
2
1
4
2
7
1
3
5
1
2
0
5
2
4
4
3
2
0
2
1
0
2
3
1
4
0
2
0
0
2
2
4
4
4
2
2
3
1
3
2
5
2
6
2
2
0
3
2
4
1
2
4
1
1
3
2
4
1
1
1
2
1
1
1
2
5
2
2
3
2
3
3
3
1
5
3
2
3
1
1
3
4
1
0
2
0
2
0
2
2
2
0
0
0
1
2
1
1
2
2
6
2
0
1
0
3
1
3
1
1
1
2
3
1
2
0
2
1
1
1
3
2
0
3
0
3
2
0
1
2
1
3
2
1
2
1
0
4
0
2
2
0
2
0
0
3
2
2
1
0
1
3
3
2
0
1
1
1
2
3
2
1
5
0
1
0
2
4
0
0
0
2
1
0
1
0
1
4
2
1
2
3
4
1
2
3
2
0
1
1
1
1
2
0
1
2
1
2
0
2
0
0
1
1
0
3
0
1
0
1
2
3
0
4
2
1
0
1
0
1
3
1
0
0
1
2
0
1
0
1
2
3
4
2
2
2
2
3
3
5
2
2
1
0
2
0
0
2
0
1
0
0
3
1
1
0
3
0
1
1
4
0
1
1
2
2
1
1
1
1
1
1
0
0
1
0
0
3
1
4
2
0
1
2
1
0
0
3
2
0
0
0
1
3
0
0
0
2
2
0
2
1
2
1
2
2
3
0
1
3
4
0
2
0
0
1
1
1
0
2
1
2
1
0
1
1
0