0
0
0
0
0
0
0
0
0
0
0
0
0
0
0
0
0
0
0
0
0
0
0
0
0
0
0
0
0
0
0
0
0
0
0
0
0
0
0
0
0
0
0
0
0
0
0
0
0
0
0
0
0
0
0
0
0
0
0
0
0
0
0
0
0
0
0
0
0
0
0
0
0
0
0
0
0
0
0
0
0
0
0
0
0
0
0
0
0
0
0
0
0
0
0
0
0
0
0
0
0
0
0
0
0
0
0
0
0
0
0
0
0
0
0
0
0
0
0
0
0
0
0
0
0
0
0
0
0
0
0
0
0
0
0
0
0
0
0
0
0
0
0
0
0
0
0
0
0
0
0
0
0
0
0
0
0
0
0
0
0
0
0
0
0
0
0
0
0
0
0
0
0
0
0
0
0
0
0
0
0
0
0
0
0
0
0
0
0
0
0
0
0
0
0
0
0
0
0
0
0
0
0
0
0
0
0
0
0
0
0
0
0
0
0
0
0
0
0
0
0
0
0
0
0
0
0
0
0
0
0
0
0
0
0
0
0
0
0
0
0
0
0
0
0
0
0
0
0
0
0
0
0
0
0
0
0
0
0
0
0
0
0
0
0
0
0
0
0
0
0
0
0
0
0
0
0
0
0
0
0
0
0
0
0
0
0
0
0
0
0
0
0
0
0
0
0
0
0
0
0
0
0
0
0
0
0
0
0
0
0
0
0
0
0
0
0
0
0
0
0
0
0
0
0
0
0
0
0
0
0
0
0
0
0
0
0
0
0
0
0
0
0
0
0
0
0
0
0
0
0
0
0
0
0
0
0
0
0
0
0
0
0
0
0
0
0
0
0
0
0
0
0
0
0
0
0
0
0
0
0
0
0
0
0
0
0
0
0
0
0
0
0
0
0
0
0
0
0
0
0
0
0
0
0
0
0
0
0
0
0
0
0
0
0
0
0
0
0
0
0
0
0
0
0
0
0
0
0
0
0
0
0
0
0
0
0
0
0
0
0
0
0
0
0
0
0
0
0
0
0
0
0
0
0
0
0
0
0
0
0
0
0
0
0
0
0
0
0
0
0
0
0
0
0
0
0
0
0
0
0
0
0
0
0
0
0
0
0
0
0
0
0
0
0
0
0
0
0
0
0
0
0
0
0
0
0
0
0
0
0
0
0
0
0
0
0
0
0
0
0
0
0
0
0
0
0
0
0
0
0
0
0
0
0
0
0
0
0
0
0
0
0
0
0
0
0
0
0
0
0
0
0
0
0
0
0
0
0
0
0
0
0
0
0
0
0
0
0
0
0
0
0
0
0
0
0
0
0
0
0
0
0
0
0
0
0
0
0
0
0
0
0
0
0
0
0
0
0
0
0
0
0
0
0
0
0
0
0
0
0
0
0
0
0
0
0
0
0
0
0
0
0
0
0
0
0
0
0
0
0
0
0
0
0
0
0
0
0
0
0
0
0
0
0
0
0
0
0
0
0
0
0
0
0
0
0
0
0
0
0
0
0
0
0
0
0
0
0
0
0
0
0
0
0
0
0
0
0
0
0
0
0
0
0
0
0
0
0
0
0
0
0
0
0
0
0
0
0
0
0
128
206
256
324
363
362
398
442
416
410
400
388
425
399
380
383
408
367
341
382
407
367
356
420
378
407
364
382
359
353
374
343
345
391
403
402
394
345
380
374
377
401
420
375
353
372
359
377
398
342
367
373
357
348
397
370
369
371
361
365
358
364
333
333
356
375
382
351
353
333
371
325
352
364
364
360
355
303
374
362
368
363
374
337
347
345
327
351
383
327
325
316
345
326
326
309
378
318
353
345
292
330
295
327
347
321
342
334
307
345
311
332
338
347
323
349
347
360
308
314
331
349
293
341
315
292
301
296
300
269
309
287
304
297
277
285
273
284
334
321
304
318
309
309
287
293
283
308
281
293
305
281
270
259
277
326
270
307
293
305
299
308
237
272
287
282
287
260
262
267
266
280
258
272
263
251
293
245
284
273
297
254
267
265
264
287
269
266
273
262
282
294
265
281
237
285
262
275
254
253
261
281
256
281
249
276
282
262
240
260
255
230
265
250
246
264
257
252
270
246
251
254
258
254
248
253
259
252
260
246
233
216
236
241
206
228
242
257
222
223
253
249
235
227
232
216
234
235
216
246
221
238
204
228
236
208
224
230
210
235
209
220
245
215
209
221
204
228
226
223
196
241
216
224
226
215
235
242
230
225
244
247
236
243
238
236
236
218
226
218
208
212
204
219
234
224
216
218
221
215
219
203
213
207
227
210
213
225
245
198
205
211
240
204
226
211
223
227
183
210
215
179
209
192
214
180
212
188
199
213
194
205
197
186
224
219
200
201
216
176
220
221
168
215
213
191
191
185
197
191
192
163
200
208
160
180
188
188
173
175
179
162
177
149
170
175
172
172
186
179
173
187
170
182
192
170
168
181
200
186
185
169
182
155
172
164
173
163
198
158
182
184
160
149
143
177
167
167
174
156
170
174
158
190
164
157
163
170
168
177
139
154
167
168
126
140
171
140
156
126
178
163
184
157
168
158
154
171
157
183
149
157
146
137
152
131
151
162
148
155
138
131
157
152
164
150
154
165
133
151
165
132
138
138
164
140
142
147
150
129
145
152
142
140
146
124
140
140
155
153
149
140
136
138
147
153
151
148
132
158
145
145
159
167
150
147
146
141
149
166
151
157
138
135
153
128
136
139
155
142
136
153
131
167
142
136
162
143
127
118
132
113
134
141
116
151
144
144
119
133
150
150
138
119
132
139
112
126
140
136
123
159
147
132
138
140
118
118
117
133
102
124
135
136
140
128
134
124
129
136
125
112
128
104
136
148
132
137
139
120
142
138
125
138
98
133
107
143
131
121
119
126
120
121
146
123
104
133
119
109
130
112
118
129
96
123
126
104
110
106
117
103
112
110
95
136
110
116
101
97
106
107
114
112
96
117
86
109
116
102
100
103
115
90
104
104
113
114
103
118
106
101
85
99
115
119
116
110
100
102
105
113
128
101
112
94
108
113
92
91
114
108
113
104
97
102
93
105
108
109
113
106
101
121
107
114
100
98
112
128
106
131
116
107
135
122
130
122
115
116
114
121
117
107
108
108
103
102
115
96
89
100
104
99
100
115
110
99
122
114
94
92
106
92
103
96
123
106
92
101
117
101
122
103
104
108
97
110
90
79
92
123
104
107
103
100
101
94
101
106
128
115
124
121
117
110
103
124
77
79
109
98
102
96
102
95
103
84
109
95
104
100
86
99
80
85
101
95
99
97
93
92
103
96
85
104
102
114
102
103
89
112
91
99
85
86
88
109
88
95
118
92
99
89
93
104
92
85
99
76
88
100
97
108
90
95
104
100
102
102
111
96
113
85
91
96
113
92
86
98
91
86
82
86
83
103
82
90
80
93
91
92
83
92
82
107
100
80
90
88
79
86
101
81
92
91
76
86
93
78
87
77
89
100
88
80
93
76
82
86
84
85
81
97
80
80
71
78
74
79
74
95
74
115
78
90
120
82
87
100
78
90
91
98
88
89
84
85
90
87
69
90
90
78
85
62
82
85
80
106
72
88
98
96
88
94
84
85
83
74
72
66
81
101
96
93
95
95
91
112
104
87
82
89
92
81
89
84
66
73
68
77
88
101
77
76
80
93
78
68
85
101
92
74
69
90
76
99
82
77
45
84
81
84
89
81
77
82
78
87
83
94
97
77
84
92
103
85
76
97
78
73
100
67
71
63
84
64
86
96
75
92
99
77
87
75
79
74
82
87
77
86
82
79
94
71
87
91
71
77
77
81
94
79
90
72
77
96
84
82
76
85
83
85
87
68
84
87
92
66
77
87
82
85
75
89
80
86
78
85
92
86
81
100
79
75
75
78
63
77
82
72
85
96
76
76
75
79
71
73
85
75
67
87
73
89
70
73
78
83
72
76
65
49
78
91
71
77
81
80
84
80
82
81
77
72
79
90
60
85
77
80
81
73
100
67
82
77
86
84
83
67
84
81
71
72
85
67
68
70
69
96
87
70
75
93
77
66
61
66
69
83
73
83
77
68
89
79
73
71
63
59
65
85
68
62
76
80
69
69
96
68
89
80
74
70
82
94
78
83
79
81
73
72
60
81
81
77
72
66
85
79
72
109
88
79
70
70
71
75
72
78
91
85
72
87
91
80
66
74
78
68
69
69
77
67
62
80
73
64
53
88
79
97
85
67
77
75
64
79
64
53
71
70
63
69
69
84
56
68
73
72
67
61
81
91
70
74
68
85
73
76
65
55
79
80
76
64
84
78
86
83
81
80
85
68
76
79
96
54
69
70
82
75
67
75
76
71
81
81
93
81
81
91
69
88
80
72
89
68
63
52
69
66
82
72
76
72
80
88
69
80
82
78
87
74
64
72
65
85
74
80
68
71
103
73
78
66
85
77
74
84
92
89
78
95
90
77
75
68
81
75
85
96
98
80
93
82
80
59
80
85
66
69
84
66
73
70
85
77
89
84
75
81
88
67
75
69
67
65
85
76
80
91
75
67
57
67
72
66
93
89
75
72
72
65
85
79
73
61
76
56
82
71
76
77
91
81
63
87
84
79
80
81
73
77
86
90
77
72
69
76
68
81
77
74
78
77
66
91
80
74
71
65
83
72
77
66
58
72
89
80
69
69
70
67
77
68
66
71
82
70
77
91
93
90
79
88
79
80
78
77
107
102
86
83
85
79
68
84
73
102
100
84
58
94
74
62
95
71
71
75
79
84
90
97
96
71
93
84
75
96
98
76
83
77
69
92
111
76
83
84
81
89
91
81
105
93
99
96
104
97
87
86
86
75
85
88
92
85
80
91
92
77
72
99
83
80
74
74
69
89
74
88
81
94
71
82
91
69
80
80
93
83
65
95
67
87
84
81
96
92
92
86
81
91
81
78
77
79
88
75
97
90
100
92
93
93
90
84
93
95
93
107
73
103
94
97
117
101
101
94
102
107
107
76
86
84
90
78
90
87
101
101
89
110
99
69
96
99
106
83
96
95
93
97
98
94
97
92
89
100
82
87
101
97
91
99
95
90
76
88
89
102
98
96
93
113
94
89
99
93
96
97
97
77
100
93
119
94
103
98
104
93
105
117
113
107
106
89
105
114
124
84
105
96
103
106
110
88
99
103
86
87
93
113
109
91
97
102
100
108
76
120
101
87
115
98
122
91
105
105
109
86
85
104
103
97
108
86
105
110
99
121
110
112
98
113
102
105
101
118
112
99
106
98
103
96
113
112
113
108
93
95
85
116
100
106
89
123
111
108
108
109
116
113
110
106
108
96
104
89
97
121
100
129
115
114
116
109
114
121
102
82
117
91
105
101
114
113
113
111
107
98
90
102
97
110
119
104
98
116
113
133
117
118
128
108
113
114
110
125
114
103
103
113
92
97
106
113
106
93
100
110
99
98
101
110
126
128
119
108
108
124
127
103
115
104
124
134
113
107
135
104
131
119
115
106
129
104
126
105
124
117
127
132
114
127
118
99
116
117
117
110
114
123
106
133
129
126
113
120
103
119
116
101
130
134
117
125
121
119
132
121
97
133
111
108
117
112
107
100
111
111
120
119
107
107
109
101
111
110
110
104
130
98
124
109
108
128
114
116
121
102
123
132
111
118
120
125
122
125
120
132
127
134
127
121
119
127
108
117
101
107
107
106
110
123
112
113
140
93
112
101
99
103
100
143
122
124
112
101
124
128
142
101
116
117
116
123
98
101
117
108
101
117
101
109
107
113
118
106
106
102
123
126
104
104
117
97
116
102
132
107
105
107
121
121
117
105
128
110
108
122
115
129
105
101
120
107
103
88
111
116
101
111
91
93
113
129
94
103
114
114
106
118
106
105
110
112
116
123
110
111
126
110
110
103
102
123
91
109
119
94
99
105
122
118
104
92
101
118
103
102
112
107
140
113
104
106
114
90
107
115
95
104
97
97
107
106
86
107
98
89
90
97
107
112
93
106
115
106
76
97
77
88
94
94
102
94
108
94
91
100
108
101
111
109
108
93
100
95
108
72
86
101
101
96
107
90
83
109
106
107
91
88
98
96
94
95
76
96
106
98
69
90
94
101
98
95
96
92
99
85
79
91
89
91
99
95
94
88
81
98
94
92
85
84
113
91
81
105
90
96
94
81
79
106
84
78
95
92
100
92
90
100
84
93
101
91
79
80
70
79
78
79
81
92
88
83
84
78
84
99
91
96
79
68
79
83
80
94
87
88
85
96
92
83
91
79
97
75
92
71
91
70
74
65
70
95
85
66
100
74
84
77
72
73
75
88
98
72
72
78
87
81
81
88
74
74
84
69
85
74
72
70
72
81
68
82
76
81
64
68
73
69
69
71
70
63
82
96
70
81
82
63
59
72
70
57
71
74
67
62
70
65
78
70
76
74
71
70
74
70
78
74
68
75
71
64
78
65
64
64
68
56
49
82
87
54
88
87
77
58
63
73
59
68
65
69
67
57
69
60
73
69
61
82
61
46
66
65
67
64
62
50
62
69
66
76
47
63
55
58
50
82
66
56
65
52
65
77
62
65
58
68
62
54
50
68
47
57
40
51
69
51
63
56
59
54
54
67
82
65
62
73
71
58
51
65
68
64
59
57
63
53
60
69
78
51
64
60
49
72
59
43
59
35
57
59
39
54
49
54
52
48
62
63
53
69
50
43
63
51
63
55
53
43
44
48
55
49
44
73
52
40
48
62
48
63
53
59
36
62
40
50
56
51
53
64
58
50
54
51
47
51
56
48
53
56
29
53
42
38
55
48
50
53
54
55
33
59
42
43
43
54
61
45
51
51
47
61
54
57
35
46
47
58
48
57
54
49
42
61
48
42
53
48
45
47
56
54
58
43
41
48
48
54
43
41
34
51
47
42
38
57
52
55
45
41
54
31
42
52
44
42
42
49
50
40
39
47
43
41
54
48
43
51
53
50
44
39
46
57
40
43
45
54
51
49
42
51
25
58
38
39
44
36
54
48
43
44
49
46
44
50
37
44
36
43
49
34
40
41
48
42
43
45
29
37
45
42
49
42
47
41
47
45
47
43
44
48
38
47
44
42
43
38
38
48
45
44
32
31
44
55
35
44
50
43
44
43
38
31
47
46
33
47
42
41
36
40
37
50
46
43
39
38
46
39
35
34
40
39
66
49
34
40
43
37
38
40
43
43
35
39
35
46
27
52
40
55
40
38
46
45
29
42
37
31
28
42
51
38
43
45
40
40
38
43
43
44
36
34
35
47
39
35
36
33
45
55
36
32
44
48
38
43
49
38
36
33
45
46
35
36
32
30
45
34
45
37
37
47
44
39
34
45
28
40
41
34
38
45
43
34
28
51
32
46
36
44
47
35
42
41
35
47
32
46
39
30
38
43
55
49
43
32
39
32
37
44
37
43
44
35
35
46
33
30
40
34
41
35
45
43
43
30
39
39
34
36
35
33
37
34
43
33
57
33
39
42
30
31
30
37
31
41
38
29
40
37
39
36
35
38
37
41
49
29
39
34
50
40
45
40
27
31
43
38
37
45
37
54
40
49
30
34
40
35
32
39
42
35
37
39
37
35
38
47
32
29
41
36
47
32
50
37
35
43
37
34
35
42
47
28
40
38
52
40
40
36
29
42
37
37
41
41
34
31
42
36
34
44
29
32
45
32
38
35
48
51
33
36
30
39
47
31
35
43
37
36
46
35
40
34
45
37
40
30
44
30
26
36
38
39
36
40
32
36
39
39
39
40
35
43
32
42
36
41
31
34
56
37
35
32
41
37
36
31
44
32
40
37
40
41
53
40
48
47
41
45
39
38
33
44
38
45
40
42
42
42
46
31
39
40
41
50
43
38
39
43
37
38
45
44
35
39
42
30
38
43
27
49
40
44
34
44
38
47
29
57
45
31
42
30
41
50
49
45
39
43
26
53
46
43
42
56
37
45
46
45
25
38
50
39
38
50
38
46
43
37
43
34
45
48
48
35
33
34
61
40
52
40
48
43
39
42
43
55
40
58
38
38
45
43
56
42
48
37
40
41
46
36
35
47
42
39
44
56
41
32
37
47
34
36
44
53
46
44
55
42
42
46
42
49
47
47
48
32
39
52
48
43
32
48
54
45
53
33
52
43
32
51
35
49
44
30
49
35
38
39
44
44
49
38
56
42
56
34
37
51
53
46
46
44
54
52
45
46
53
41
33
46
55
57
44
52
42
42
48
50
36
44
38
42
47
53
55
48
56
51
45
51
39
43
47
53
63
56
43
42
58
49
48
52
57
45
53
54
47
40
31
40
54
60
50
53
53
50
46
59
49
39
54
59
50
55
31
48
47
49
59
55
58
52
40
56
52
39
48
66
46
56
54
61
50
50
44
68
62
52
62
51
55
46
73
53
50
66
44
38
53
57
55
76
67
64
56
43
56
46
57
53
63
49
56
34
54
52
55
68
39
59
72
54
58
55
65
58
60
60
55
63
47
49
50
66
57
52
57
57
53
47
65
53
71
48
43
64
50
71
53
67
62
61
59
57
69
59
62
54
58
57
60
57
58
60
56
61
46
58
52
44
69
60
63
68
73
56
65
67
62
58
62
60
62
50
49
70
60
61
86
58
54
63
73
60
51
53
71
72
66
67
69
63
58
72
71
63
50
79
59
61
58
72
54
46
74
65
66
67
65
80
89
64
79
64
63
69
72
59
61
59
58
87
71
67
71
64
69
86
78
86
74
72
68
61
65
76
76
83
77
57
65
70
56
74
68
70
72
66
90
73
59
76
58
86
65
62
72
92
71
69
67
78
69
68
75
62
64
86
75
71
65
74
84
79
67
94
77
72
67
79
94
75
81
83
64
82
97
73
83
62
99
77
89
74
81
76
76
71
76
85
75
79
77
87
82
75
80
92
92
74
87
73
79
104
77
81
67
76
88
89
77
74
92
87
112
107
108
100
92
78
94
75
86
96
75
85
82
100
91
85
107
105
103
96
100
101
104
89
98
78
110
90
75
86
110
100
96
107
102
100
105
101
82
89
98
120
98
99
92
102
91
91
111
87
88
111
96
92
98
105
96
99
105
102
87
115
103
100
90
107
117
88
100
100
120
110
119
115
117
113
110
115
89
104
100
98
115
119
102
74
120
92
116
114
112
108
128
111
97
89
103
123
110
117
104
106
109
101
132
110
103
121
116
121
118
95
96
118
93
117
102
102
114
131
113
101
113
116
108
115
116
109
110
111
98
108
111
114
88
125
124
111
118
114
130
112
125
113
115
141
121
112
127
138
108
142
122
110
145
138
108
119
125
92
118
127
115
105
132
134
117
143
115
130
147
108
119
116
128
137
127
135
149
136
137
122
165
133
133
129
129
159
123
136
150
115
147
134
132
144
117
152
125
149
132
119
153
140
122
143
143
131
141
143
170
130
148
148
122
143
140
157
131
147
155
148
179
155
166
165
174
164
135
144
148
130
130
144
146
157
163
170
185
142
153
174
152
152
173
138
147
141
166
173
164
138
143
148
163
161
172
175
160
145
179
189
170
161
150
140
182
179
162
159
153
153
193
164
176
182
174
155
170
168
186
176
204
187
181
165
170
158
175
180
158
179
181
167
204
172
160
167
144
199
172
185
166
163
182
176
187
166
195
184
185
202
181
199
186
204
186
177
209
177
167
181
162
185
223
181
160
197
157
156
185
182
207
212
199
211
178
227
211
201
182
204
187
186
197
185
192
181
197
212
198
212
214
184
216
205
224
207
162
196
191
211
199
185
217
209
244
206
209
219
227
213
229
200
233
193
214
203
232
197
228
222
205
207
243
231
223
241
236
250
233
255
209
225
224
223
229
217
226
224
234
233
220
225
217
213
226
249
217
240
240
262
234
241
260
243
247
229
268
219
216
239
254
259
248
218
259
249
241
221
269
252
242
244
251
206
249
257
244
242
255
244
279
264
268
266
247
283
230
269
253
266
237
273
276
246
290
258
234
262
277
265
254
255
268
242
279
248
285
283
274
251
276
290
296
282
308
281
263
283
290
268
266
302
265
320
236
301
286
281
319
277
284
274
286
273
257
309
298
284
314
267
301
292
323
268
267
274
294
300
312
277
317
301
324
304
268
327
301
301
307
273
299
319
298
304
300
312
305
302
306
306
284
310
341
277
318
309
308
326
326
302
304
313
335
301
317
326
340
293
331
327
342
313
344
319
318
324
295
364
316
336
365
336
346
318
338
330
324
353
320
357
326
335
360
303
368
312
301
346
336
310
318
355
333
320
327
360
365
354
348
359
362
368
353
355
360
338
359
339
391
311
343
351
368
354
327
344
352
356
333
353
388
358
353
339
358
368
412
381
359
390
387
341
372
370
415
378
384
375
388
393
355
394
413
369
365
368
364
407
387
388
428
380
391
408
387
373
372
406
392
405
404
360
400
376
421
386
386
397
398
446
424
435
434
384
421
385
383
414
418
403
407
390
424
448
429
436
423
414
425
433
421
389
462
424
429
423
404
414
404
447
432
470
425
434
454
445
427
415
430
416
420
436
427
435
427
449
453
414
455
435
420
430
440
434
418
409
446
436
440
472
393
469
462
405
432
444
476
454
425
433
447
435
489
471
456
434
447
453
467
483
485
427
478
422
461
465
403
443
464
443
424
449
459
474
472
457
445
480
444
458
423
493
458
448
470
467
461
478
474
476
481
438
482
454
518
475
478
440
449
486
487
483
510
453
478
467
466
479
462
460
492
476
489
476
512
498
466
518
473
452
539
465
488
462
466
467
529
471
519
507
456
466
548
509
531
484
512
501
465
477
505
492
517
475
521
511
459
504
468
503
497
520
468
468
493
512
536
474
509
532
529
525
502
501
521
524
527
496
505
485
494
517
538
507
535
505
530
503
534
510
531
519
513
546
469
496
519
497
520
538
524
482
480
520
519
493
524
533
500
523
502
513
534
521
499
576
538
503
569
506
572
506
482
544
500
515
542
505
513
513
559
532
557
509
551
555
568
500
562
469
497
533
514
525
549
528
532
559
539
525
491
519
531
565
544
540
529
504
536
547
534
502
519
545
568
547
539
533
547
524
534
478
535
544
598
550
547
505
512
536
499
576
551
532
530
535
546
527
532
554
523
477
519
549
531
573
539
525
537
533
500
481
521
514
523
574
520
572
565
553
499
525
506
546
517
543
539
564
522
530
527
514
546
498
544
542
529
528
466
546
526
583
537
551
535
518
514
498
514
500
524
533
535
520
565
520
548
551
537
570
540
517
519
535
537
511
558
514
534
546
545
530
538
546
535
506
573
535
521
506
550
562
534
529
537
540
525
540
568
542
525
536
501
572
535
533
532
520
534
470
529
524
509
483
515
542
545
492
544
500
554
510
507
503
512
528
507
484
543
503
549
513
521
551
520
551
535
501
499
478
483
560
509
523
528
492
479
516
522
523
491
485
492
487
534
490
537
492
489
508
482
500
555
527
529
489
478
469
481
508
479
519
498
499
503
471
507
477
564
524
503
506
505
478
498
488
489
516
528
469
512
492
443
497
490
461
494
495
465
475
452
498
502
482
462
459
483
483
528
472
454
500
474
470
477
473
458
451
439
491
471
464
470
499
473
465
424
431
480
456
473
421
502
455
548
496
473
474
428
500
466
478
476
439
481
481
470
455
421
462
476
479
458
470
482
462
425
437
419
439
463
472
435
415
450
461
477
438
511
428
493
445
462
451
441
460
472
446
439
434
455
446
479
409
431
457
465
460
451
430
419
450
436
488
433
437
419
424
442
403
434
447
455
429
403
395
419
422
438
410
427
420
435
432
442
420
392
403
411
404
387
396
422
444
405
399
379
430
437
410
438
393
403
433
395
414
404
389
381
429
420
399
360
431
367
355
377
401
401
371
407
391
368
422
396
400
362
386
402
380
402
354
375
379
429
363
397
374
375
378
375
410
379
376
380
395
357
368
378
381
350
356
367
351
368
383
372
403
388
354
364
386
384
371
388
387
354
345
356
344
387
376
361
361
377
354
351
350
308
376
346
361
361
365
365
346
363
389
377
367
354
316
377
343
321
322
325
350
363
343
302
345
342
332
308
343
352
339
334
313
311
326
339
316
316
313
330
337
308
307
305
336
345
302
348
342
328
331
325
331
299
286
370
295
303
313
324
325
328
316
297
302
293
310
314
292
296
313
334
281
279
323
322
290
269
335
301
293
303
289
264
299
287
317
283
292
301
280
286
272
282
282
259
283
297
271
277
290
289
295
267
276
261
281
262
282
260
247
267
250
270
263
255
310
267
298
295
265
264
279
285
290
259
279
257
264
272
278
275
275
294
274
243
243
254
253
269
250
285
256
254
246
222
241
265
252
231
277
245
257
229
268
238
252
257
249
239
231
233
261
272
244
224
241
210
266
207
268
258
225
222
264
237
225
234
217
262
226
220
208
218
225
226
198
239
205
221
223
229
213
222
223
238
210
253
220
241
244
226
202
227
220
205
207
213
218
232
233
218
222
227
203
190
207
207
219
227
194
195
184
187
189
220
212
202
182
195
192
153
173
231
224
195
210
198
197
208
210
188
182
180
197
207
189
193
205
194
211
191
178
170
203
166
161
196
161
194
177
178
188
182
208
165
162
180
171
192
181
173
187
172
186
177
150
183
187
179
145
165
184
227
153
179
153
174
183
160
154
150
163
158
175
158
173
152
166
191
170
153
159
175
164
153
157
174
153
146
164
129
157
169
154
140
176
148
135
148
147
154
145
169
154
142
147
146
167
133
122
160
141
127
166
144
136
132
150
166
167
154
162
134
154
151
135
148
152
155
170
138
157
139
129
111
124
160
135
127
117
136
136
133
109
116
124
150
119
146
127
136
129
126
140
127
137
140
135
144
135
106
136
119
129
109
131
138
114
122
151
130
126
108
128
106
118
121
114
120
118
129
108
118
124
120
127
107
98
102
114
109
129
102
115
110
118
117
112
119
106
112
113
113
93
103
125
117
110
115
104
80
99
98
128
116
105
109
105
112
98
108
96
96
109
95
94
92
119
110
90
104
102
82
104
98
102
103
106
96
98
75
85
80
94
109
111
86
90
86
85
99
95
94
95
95
100
74
80
78
88
82
86
72
88
99
100
78
97
78
79
96
98
77
89
87
87
83
78
87
93
98
79
90
81
80
101
83
82
94
74
84
81
84
68
106
81
78
76
86
78
70
101
89
79
73
64
80
73
89
83
82
79
82
77
69
73
82
79
74
67
72
86
78
65
73
69
73
81
75
72
67
76
67
61
58
74
78
58
60
79
55
55
62
75
84
80
73
72
58
70
68
55
77
68
65
77
62
62
77
53
77
73
49
50
77
65
62
68
61
56
61
58
67
67
64
64
70
72
62
42
73
61
54
57
47
71
54
59
50
52
61
56
47
64
53
57
53
68
65
58
58
51
69
64
57
56
63
60
51
58
51
53
59
71
57
48
53
44
54
49
56
42
55
63
45
60
55
54
63
45
52
41
51
42
48
58
55
44
45
58
48
57
44
52
46
65
48
47
50
41
50
54
36
55
48
54
39
33
57
38
56
45
38
53
57
57
44
44
52
43
32
55
47
58
51
48
42
44
42
43
48
42
42
42
37
46
40
44
54
35
45
30
47
48
44
47
46
35
42
41
44
37
50
48
48
48
41
48
45
37
29
42
37
54
30
32
50
30
45
42
34
31
25
27
31
41
42
33
34
33
30
41
37
45
41
34
36
41
39
38
43
40
20
35
41
52
40
50
42
30
30
34
30
31
29
34
41
26
23
25
32
31
39
36
35
38
35
27
39
35
30
34
43
32
38
36
27
28
33
29
25
34
31
32
22
35
30
33
26
32
33
39
25
25
24
43
40
31
34
21
18
37
36
28
25
30
23
22
30
26
35
38
25
36
34
27
28
24
32
29
25
25
29
27
35
25
22
29
33
24
30
31
26
31
27
24
26
17
27
32
33
22
27
24
18
25
19
28
28
27
26
24
34
23
25
22
20
20
20
20
14
20
15
20
27
28
19
26
31
25
26
27
24
24
26
19
26
19
23
19
28
23
19
26
20
29
22
23
19
24
22
20
18
16
22
27
26
22
23
25
30
20
34
25
20
22
27
23
29
25
21
23
13
13
14
21
27
16
22
25
22
17
14
16
17
17
21
17
15
16
23
27
13
13
21
21
19
26
13
17
25
22
19
17
19
16
20
19
20
27
20
26
20
18
10
22
18
17
16
15
18
16
20
25
14
21
27
20
18
19
17
23
16
23
14
15
11
16
15
26
20
16
12
24
12
25
20
18
19
19
22
19
19
20
9
27
21
12
17
17
13
20
19
12
22
10
19
13
15
23
14
16
19
21
15
20
14
23
23
16
16
13
22
23
19
23
11
15
22
19
21
13
17
18
17
16
17
18
14
16
10
18
17
15
17
12
17
15
19
10
13
20
20
22
20
15
16
22
15
18
12
13
18
18
12
15
14
12
9
17
24
19
14
13
14
14
21
16
12
4
18
17
22
14
15
11
15
14
18
17
11
18
10
15
15
22
13
18
14
14
8
9
13
14
14
13
17
9
17
9
12
11
15
14
17
10
12
14
15
15
16
14
18
12
20
16
8
13
12
6
11
14
8
13
26
14
13
15
13
11
15
12
12
11
8
7
10
13
10
9
10
19
8
19
13
12
15
16
17
15
11
12
10
16
14
16
10
13
12
11
10
15
13
17
11
10
12
10
12
21
9
14
15
13
10
16
17
10
10
11
7
9
12
8
15
6
18
11
10
15
10
9
11
11
17
12
11
18
11
13
13
9
10
21
8
10
9
9
13
11
12
14
6
14
14
16
11
14
9
15
11
11
11
12
10
13
9
6
24
12
5
7
16
13
12
13
13
13
9
16
14
15
14
8
6
20
10
11
9
15
11
16
13
8
16
4
7
6
15
17
15
13
10
8
15
8
16
9
13
11
11
13
15
10
6
9
15
12
12
7
14
14
16
17
14
14
16
8
12
13
13
16
13
13
10
20
19
13
16
17
14
9
14
13
5
3
14
7
13
10
8
11
8
8
18
18
9
9
15
14
9
16
17
11
15
12
11
14
10
13
16
16
10
8
20
9
9
13
8
12
14
9
8
18
8
16
9
11
10
13
6
11
5
10
14
13
8
11
5
11
15
7
9
16
14
10
9
14
8
13
11
13
14
12
15
11
18
18
13
10
12
8
15
6
10
15
11
16
10
12
14
11
7
13
12
10
14
11
13
5
12
12
16
14
14
12
11
13
21
9
14
10
12
11
12
23
11
10
9
11
4
19
4
8
22
14
8
15
7
8
10
6
15
11
15
10
17
8
11
15
3
11
12
10
16
9
16
17
8
14
13
13
15
13
17
11
14
9
14
6
13
8
11
16
14
14
12
18
11
17
13
10
16
9
10
17
7
16
14
10
9
12
10
16
10
10
10
2
10
13
11
7
8
11
6
10
13
8
3
12
9
13
6
13
5
10
14
12
13
12
10
14
21
12
6
13
14
6
16
10
11
6
11
11
7
12
16
11
14
10
17
17
12
10
7
12
12
9
6
8
10
8
9
14
10
10
9
15
9
13
16
13
14
20
13
14
8
11
5
11
14
13
14
9
17
14
19
9
7
14
10
8
6
10
11
16
18
13
13
11
9
10
15
22
10
10
13
15
8
10
10
10
14
8
17
17
14
12
15
11
12
10
17
15
13
13
12
12
12
11
15
7
6
16
12
12
14
8
11
12
12
11
14
10
10
14
10
13
17
19
10
10
4
13
11
10
17
14
16
12
19
14
12
9
13
16
13
9
13
11
13
14
15
9
10
15
14
13
9
7
13
15
11
10
12
13
18
10
11
11
13
10
13
11
12
17
7
18
8
7
10
12
10
14
16
12
13
11
17
8
4
6
9
17
14
10
10
9
11
8
14
12
12
12
6
12
7
13
16
11
7
10
11
8
6
11
18
10
13
14
8
12
15
8
14
15
9
15
6
16
12
13
13
10
9
6
11
15
11
9
12
14
15
11
5
12
9
16
15
18
13
12
4
19
8
10
16
6
13
10
13
9
10
12
8
9
9
12
10
8
16
12
12
9
18
18
9
5
4
10
9
17
10
8
15
8
8
10
9
5
7
10
7
14
10
13
16
4
15
12
7
12
6
10
12
9
9
6
13
13
12
14
6
10
13
5
7
11
14
14
13
14
9
13
12
11
16
23
12
14
6
6
9
17
10
12
12
9
11
11
9
11
11
18
14
11
8
11
10
9
9
7
9
7
9
6
8
5
13
7
7
12
6
9
13
7
15
10
12
17
9
12
9
13
11
11
7
11
13
9
12
14
14
15
12
14
17
7
17
16
12
16
13
17
14
9
10
12
12
12
13
12
17
14
6
14
13
13
10
14
5
12
19
19
9
9
19
8
9
10
14
12
14
14
14
11
14
10
14
12
9
14
13
10
7
11
11
11
8
14
10
19
16
15
13
15
15
11
17
20
13
15
17
13
8
15
17
14
12
10
11
11
10
18
13
11
13
12
13
14
16
11
10
14
15
9
9
11
20
11
9
13
12
12
14
13
10
9
19
11
16
11
15
10
16
13
11
17
12
13
18
9
11
12
10
14
9
5
10
6
9
13
14
9
10
17
12
10
14
18
12
13
7
11
9
16
8
10
12
17
5
9
8
13
7
14
8
14
5
12
11
6
12
5
11
13
14
9
11
13
6
13
9
7
8
10
10
8
6
11
11
12
13
9
10
9
8
7
9
13
10
8
7
11
11
13
7
15
10
13
14
10
15
7
12
9
8
3
11
12
11
11
11
8
13
10
11
8
10
14
6
10
10
10
7
9
8
8
12
5
5
12
9
7
9
9
9
8
16
8
7
7
9
15
11
8
7
12
5
7
12
5
11
11
7
10
13
13
10
11
9
13
11
9
11
8
11
10
15
10
8
9
15
11
10
9
8
10
3
12
12
6
7
8
17
10
8
15
10
19
15
11
9
10
9
16
12
13
16
11
10
11
6
21
10
13
7
12
15
11
20
8
6
15
10
16
10
10
10
8
14
9
11
14
12
15
12
10
9
9
7
8
14
10
14
7
8
6
10
8
16
17
14
8
12
7
8
6
15
7
8
19
16
17
10
12
8
13
14
9
12
13
13
8
17
15
13
7
10
13
12
13
8
10
15
6
12
13
12
14
10
12
10
6
7
12
9
14
15
11
7
10
9
9
11
16
6
7
14
17
14
11
12
9
14
14
10
15
10
9
11
10
10
4
8
13
6
14
12
10
16
9
10
9
12
16
9
8
16
8
15
14
8
11
16
6
13
15
7
15
14
14
14
13
14
18
8
15
14
16
11
11
5
12
11
9
15
9
9
8
8
10
14
5
18
13
9
8
7
10
10
7
11
18
13
9
7
10
14
10
12
10
10
20
7
12
9
6
10
8
13
13
10
6
7
13
15
14
8
14
8
7
7
5
6
13
13
9
11
13
9
11
12
8
12
15
12
11
12
13
8
11
8
13
12
10
9
11
15
14
8
8
4
14
9
11
14
10
10
15
7
13
13
12
9
10
7
6
14
9
12
12
11
13
16
11
6
14
13
9
7
15
15
10
6
11
11
9
15
12
7
16
12
9
9
15
12
20
14
8
15
11
12
16
9
13
12
12
4
12
16
17
5
8
11
6
14
9
10
12
8
13
13
14
9
12
10
12
9
10
6
11
13
14
8
9
4
11
9
15
15
10
11
11
14
11
6
13
10
14
11
5
5
20
8
8
11
14
16
13
9
11
6
4
13
10
16
15
13
13
10
10
20
11
10
12
7
10
9
12
12
9
10
19
8
22
3
9
5
8
9
8
10
15
6
14
8
9
10
12
8
11
7
10
12
10
6
7
13
12
11
13
6
10
8
12
11
13
14
7
10
10
12
13
8
2
11
16
12
7
13
4
9
13
17
11
10
15
14
10
11
10
7
6
5
12
5
8
7
12
7
8
11
12
11
6
9
16
6
11
12
13
11
11
13
11
11
7
4
8
12
10
11
10
6
13
10
14
8
11
7
10
13
14
12
6
17
14
12
12
10
7
9
14
5
13
13
13
9
13
10
12
13
10
12
14
7
12
6
8
10
12
5
7
17
12
12
23
12
10
14
5
11
15
7
18
12
15
11
9
20
4
13
6
11
12
6
6
14
18
6
11
15
11
11
10
5
11
11
8
9
7
8
10
12
9
13
9
13
5
8
6
15
9
16
9
9
10
7
8
6
14
7
14
8
6
10
11
7
21
12
5
11
13
11
4
11
14
13
10
14
16
8
14
13
12
9
18
9
9
5
13
9
13
11
11
7
12
6
3
10
15
15
9
9
18
10
8
5
9
13
12
10
11
17
8
6
21
13
20
10
4
6
14
15
12
8
16
5
12
14
11
6
14
5
11
7
10
5
11
8
14
9
9
11
12
9
11
8
16
18
12
9
6
8
8
5
11
5
13
14
4
11
14
14
11
7
9
12
10
15
10
15